m = 4 n = 14
pop = 30 gen = 100
init...begin
init...done
*****************************t=0*****************************
time to convergence: 0.06 s	
time to convergence: 0.06 s	
time to convergence: 0.06 s	
time to convergence: 0.06 s	
1 generation time: 0.09 s
[176886.00,11026.50],
[156472.00,30301.00],
[169388.00,20101.00],
[142920.00,71103.00],
[156201.00,56797.00],
*****************************t=1*****************************
2 generation time: 0.18 s
[176886.00,11026.50],
[135648.00,27216.50],
[169388.00,20101.00],
*****************************t=2*****************************
3 generation time: 0.27 s
[176886.00,11026.50],
[135648.00,27216.50],
[140098.00,15842.50],
*****************************t=3*****************************
4 generation time: 0.36 s
[150571.00,11026.50],
[135648.00,27216.50],
[140098.00,15842.50],
*****************************t=4*****************************
5 generation time: 0.45 s
[150571.00,11026.50],
[135648.00,27216.50],
[140098.00,15842.50],
*****************************t=5*****************************
time to convergence: 0.51 s	
6 generation time: 0.53 s
[150571.00,11026.50],
[135648.00,27216.50],
[140098.00,15842.50],
[150449.00,11862.50],
*****************************t=6*****************************
7 generation time: 0.63 s
[150571.00,11026.50],
[135648.00,27216.50],
[140098.00,15842.50],
[150449.00,11862.50],
*****************************t=7*****************************
time to convergence: 0.69 s	
8 generation time: 0.72 s
[150571.00,11026.50],
[135648.00,27216.50],
[140098.00,15842.50],
[150449.00,11862.50],
[150809.00,10914.50],
*****************************t=8*****************************
9 generation time: 0.82 s
[150571.00,11026.50],
[135648.00,27216.50],
[140098.00,15842.50],
[150449.00,11862.50],
[150809.00,10914.50],
*****************************t=9*****************************
10 generation time: 0.91 s
[150571.00,11026.50],
[135648.00,27216.50],
[140098.00,15842.50],
[150449.00,11862.50],
[150809.00,10914.50],
*****************************t=10*****************************
11 generation time: 1.00 s
[150571.00,11026.50],
[135648.00,27216.50],
[140098.00,15842.50],
[150449.00,11862.50],
[150809.00,10914.50],
*****************************t=11*****************************
12 generation time: 1.09 s
[150571.00,11026.50],
[135648.00,27216.50],
[140098.00,15842.50],
[150449.00,11862.50],
[150809.00,10914.50],
*****************************t=12*****************************
time to convergence: 1.15 s	
13 generation time: 1.18 s
[150571.00,11026.50],
[135648.00,27216.50],
[140098.00,15842.50],
[150449.00,11862.50],
[150809.00,10914.50],
[139982.00,23247.00],
*****************************t=13*****************************
14 generation time: 1.27 s
[150571.00,11026.50],
[135648.00,27216.50],
[140098.00,15842.50],
[150449.00,11862.50],
[150809.00,10914.50],
[139982.00,23247.00],
*****************************t=14*****************************
15 generation time: 1.36 s
[150571.00,11026.50],
[135648.00,27216.50],
[140098.00,15842.50],
[150449.00,11862.50],
[150809.00,10914.50],
[139982.00,23247.00],
*****************************t=15*****************************
16 generation time: 1.45 s
[150571.00,11026.50],
[135648.00,27216.50],
[140098.00,15842.50],
[150449.00,11862.50],
[150809.00,10914.50],
[139982.00,23247.00],
*****************************t=16*****************************
17 generation time: 1.54 s
[150571.00,11026.50],
[135648.00,27216.50],
[140098.00,15842.50],
[150449.00,11862.50],
[150809.00,10914.50],
[139982.00,23247.00],
*****************************t=17*****************************
18 generation time: 1.64 s
[150571.00,11026.50],
[135648.00,27216.50],
[140098.00,15842.50],
[150449.00,11862.50],
[150809.00,10914.50],
[139982.00,23247.00],
*****************************t=18*****************************
time to convergence: 1.70 s	
19 generation time: 1.72 s
[150571.00,11026.50],
[135648.00,27216.50],
[140098.00,15842.50],
[150449.00,11862.50],
[150809.00,10914.50],
[139982.00,23247.00],
[192291.00,4031.00],
*****************************t=19*****************************
20 generation time: 1.82 s
[150571.00,11026.50],
[135648.00,27216.50],
[140098.00,15842.50],
[150449.00,11862.50],
[150809.00,10914.50],
[139982.00,23247.00],
[192291.00,4031.00],
*****************************t=20*****************************
21 generation time: 1.91 s
[150571.00,11026.50],
[135648.00,27216.50],
[140098.00,15842.50],
[150449.00,11862.50],
[150809.00,10914.50],
[139982.00,23247.00],
[192291.00,4031.00],
*****************************t=21*****************************
22 generation time: 2.00 s
[150571.00,11026.50],
[135648.00,27216.50],
[140098.00,15842.50],
[150449.00,11862.50],
[150809.00,10914.50],
[139982.00,23247.00],
[192291.00,4031.00],
*****************************t=22*****************************
23 generation time: 2.10 s
[150571.00,11026.50],
[135648.00,27216.50],
[140098.00,15842.50],
[150449.00,11862.50],
[150809.00,10914.50],
[139982.00,23247.00],
[192291.00,4031.00],
*****************************t=23*****************************
24 generation time: 2.19 s
[150571.00,11026.50],
[135648.00,27216.50],
[140098.00,15842.50],
[150449.00,11862.50],
[150809.00,10914.50],
[139982.00,23247.00],
[192291.00,4031.00],
*****************************t=24*****************************
25 generation time: 2.28 s
[150571.00,11026.50],
[135648.00,27216.50],
[140098.00,15842.50],
[150449.00,11862.50],
[150809.00,10914.50],
[139982.00,23247.00],
[192291.00,4031.00],
*****************************t=25*****************************
26 generation time: 2.37 s
[150571.00,11026.50],
[135648.00,27216.50],
[140098.00,15842.50],
[150449.00,11862.50],
[150809.00,10914.50],
[139982.00,23247.00],
[192291.00,4031.00],
*****************************t=26*****************************
27 generation time: 2.46 s
[150571.00,11026.50],
[135648.00,27216.50],
[140098.00,15842.50],
[150449.00,11862.50],
[150809.00,10914.50],
[139982.00,23247.00],
[192291.00,4031.00],
*****************************t=27*****************************
28 generation time: 2.55 s
[150571.00,11026.50],
[135648.00,27216.50],
[140098.00,15842.50],
[150449.00,11862.50],
[150809.00,10914.50],
[139982.00,23247.00],
[192291.00,4031.00],
*****************************t=28*****************************
29 generation time: 2.65 s
[150571.00,11026.50],
[135648.00,27216.50],
[140098.00,15842.50],
[150449.00,11862.50],
[150809.00,10914.50],
[139982.00,23247.00],
[192291.00,4031.00],
*****************************t=29*****************************
30 generation time: 2.74 s
[150571.00,11026.50],
[135648.00,27216.50],
[140098.00,15842.50],
[150449.00,11862.50],
[150809.00,10914.50],
[139982.00,23247.00],
[192291.00,4031.00],
*****************************t=30*****************************
31 generation time: 2.83 s
[150571.00,11026.50],
[135648.00,27216.50],
[140098.00,15842.50],
[150449.00,11862.50],
[150809.00,10914.50],
[139982.00,23247.00],
[192291.00,4031.00],
*****************************t=31*****************************
32 generation time: 2.91 s
[150571.00,11026.50],
[135648.00,27216.50],
[140098.00,15842.50],
[150449.00,11862.50],
[150809.00,10914.50],
[139982.00,23247.00],
[192291.00,4031.00],
*****************************t=32*****************************
time to convergence: 2.98 s	
33 generation time: 3.01 s
[150571.00,11026.50],
[135648.00,27216.50],
[140098.00,15842.50],
[150449.00,11862.50],
[150809.00,10914.50],
[139982.00,23247.00],
[192291.00,4031.00],
[155377.00,10312.50],
*****************************t=33*****************************
34 generation time: 3.10 s
[150571.00,11026.50],
[135648.00,27216.50],
[140098.00,15842.50],
[150449.00,11862.50],
[150809.00,10914.50],
[139982.00,23247.00],
[192291.00,4031.00],
[155377.00,10312.50],
*****************************t=34*****************************
time to convergence: 3.16 s	
35 generation time: 3.19 s
[150571.00,11026.50],
[135648.00,27216.50],
[140098.00,15842.50],
[150449.00,11862.50],
[150809.00,10914.50],
[139982.00,23247.00],
[192291.00,4031.00],
[155377.00,10312.50],
[140008.00,20867.00],
*****************************t=35*****************************
36 generation time: 3.30 s
[150571.00,11026.50],
[135648.00,27216.50],
[140098.00,15842.50],
[150449.00,11862.50],
[150809.00,10914.50],
[139982.00,23247.00],
[192291.00,4031.00],
[155377.00,10312.50],
[140008.00,20867.00],
*****************************t=36*****************************
37 generation time: 3.40 s
[150571.00,11026.50],
[135648.00,27216.50],
[140098.00,15842.50],
[150449.00,11862.50],
[150809.00,10914.50],
[139982.00,23247.00],
[192291.00,4031.00],
[155377.00,10312.50],
[140008.00,20867.00],
*****************************t=37*****************************
38 generation time: 3.50 s
[150571.00,11026.50],
[135648.00,27216.50],
[140098.00,15842.50],
[150449.00,11862.50],
[150809.00,10914.50],
[139982.00,23247.00],
[192291.00,4031.00],
[155377.00,10312.50],
[140008.00,20867.00],
*****************************t=38*****************************
39 generation time: 3.59 s
[150571.00,11026.50],
[135648.00,27216.50],
[140098.00,15842.50],
[150449.00,11862.50],
[150809.00,10914.50],
[139982.00,23247.00],
[192291.00,4031.00],
[155377.00,10312.50],
[140008.00,20867.00],
*****************************t=39*****************************
40 generation time: 3.69 s
[150131.00,11026.50],
[135648.00,27216.50],
[140098.00,15842.50],
[150809.00,10914.50],
[139982.00,23247.00],
[192291.00,4031.00],
[155377.00,10312.50],
[140008.00,20867.00],
*****************************t=40*****************************
41 generation time: 3.78 s
[150131.00,11026.50],
[135648.00,27216.50],
[140098.00,15842.50],
[150809.00,10914.50],
[139982.00,23247.00],
[192291.00,4031.00],
[155377.00,10312.50],
[140008.00,20867.00],
*****************************t=41*****************************
time to convergence: 3.85 s	
42 generation time: 3.88 s
[150131.00,11026.50],
[135648.00,27216.50],
[140098.00,15842.50],
[150809.00,10914.50],
[139982.00,23247.00],
[192291.00,4031.00],
[155377.00,10312.50],
[140008.00,20867.00],
[242012.00,3542.50],
*****************************t=42*****************************
43 generation time: 3.97 s
[150131.00,11026.50],
[135648.00,27216.50],
[140098.00,15842.50],
[150809.00,10914.50],
[139982.00,23247.00],
[192291.00,4031.00],
[155377.00,10312.50],
[140008.00,20867.00],
[242012.00,3542.50],
*****************************t=43*****************************
44 generation time: 4.06 s
[150131.00,11026.50],
[135648.00,27216.50],
[140098.00,15842.50],
[150809.00,10914.50],
[139982.00,23247.00],
[192291.00,4031.00],
[155377.00,10312.50],
[140008.00,20867.00],
[242012.00,3542.50],
*****************************t=44*****************************
45 generation time: 4.16 s
[150131.00,11026.50],
[135648.00,27216.50],
[140098.00,15842.50],
[150809.00,10914.50],
[139982.00,23247.00],
[192291.00,4031.00],
[155377.00,10312.50],
[140008.00,20867.00],
[242012.00,3542.50],
*****************************t=45*****************************
46 generation time: 4.25 s
[138660.00,11026.50],
[135648.00,27216.50],
[150589.00,9924.50],
[192291.00,4031.00],
[242012.00,3542.50],
*****************************t=46*****************************
47 generation time: 4.34 s
[138660.00,11026.50],
[135648.00,27216.50],
[150589.00,9924.50],
[192291.00,4031.00],
[242012.00,3542.50],
*****************************t=47*****************************
48 generation time: 4.43 s
[138660.00,11026.50],
[135648.00,27216.50],
[150589.00,9924.50],
[192291.00,4031.00],
[242012.00,3542.50],
*****************************t=48*****************************
49 generation time: 4.53 s
[138660.00,11026.50],
[135648.00,27216.50],
[150589.00,9924.50],
[192291.00,4031.00],
[242012.00,3542.50],
*****************************t=49*****************************
50 generation time: 4.62 s
[138660.00,11026.50],
[135648.00,27216.50],
[150589.00,9924.50],
[192291.00,4031.00],
[242012.00,3542.50],
*****************************t=50*****************************
51 generation time: 4.71 s
[138660.00,11026.50],
[135648.00,27216.50],
[150589.00,9924.50],
[192291.00,4031.00],
[242012.00,3542.50],
*****************************t=51*****************************
52 generation time: 4.81 s
[138660.00,11026.50],
[135648.00,27216.50],
[150589.00,9924.50],
[192291.00,4031.00],
[242012.00,3542.50],
*****************************t=52*****************************
53 generation time: 4.90 s
[138660.00,11026.50],
[135648.00,27216.50],
[150589.00,9924.50],
[192291.00,4031.00],
[242012.00,3542.50],
*****************************t=53*****************************
54 generation time: 5.00 s
[138660.00,11026.50],
[135648.00,27216.50],
[150589.00,9924.50],
[192291.00,4031.00],
[242012.00,3542.50],
*****************************t=54*****************************
55 generation time: 5.09 s
[138660.00,11026.50],
[135648.00,27216.50],
[150589.00,9924.50],
[192291.00,4031.00],
[215788.00,3504.50],
*****************************t=55*****************************
time to convergence: 5.15 s	
56 generation time: 5.18 s
[138660.00,11026.50],
[135648.00,27216.50],
[150589.00,9924.50],
[192291.00,4031.00],
[215788.00,3504.50],
[172497.00,8581.00],
*****************************t=56*****************************
57 generation time: 5.28 s
[138660.00,11026.50],
[135648.00,27216.50],
[150589.00,9924.50],
[192291.00,4031.00],
[215788.00,3504.50],
[172497.00,8581.00],
*****************************t=57*****************************
58 generation time: 5.37 s
[138660.00,11026.50],
[135648.00,27216.50],
[150589.00,9924.50],
[192291.00,4031.00],
[215788.00,3504.50],
[172497.00,8581.00],
*****************************t=58*****************************
59 generation time: 5.47 s
[138660.00,11026.50],
[135648.00,27216.50],
[150589.00,9924.50],
[192291.00,4031.00],
[215788.00,3504.50],
[172497.00,8581.00],
*****************************t=59*****************************
60 generation time: 5.55 s
[138660.00,11026.50],
[135648.00,27216.50],
[150589.00,9924.50],
[192291.00,4031.00],
[215788.00,3504.50],
[172497.00,8581.00],
*****************************t=60*****************************
61 generation time: 5.65 s
[138660.00,11026.50],
[135648.00,27216.50],
[150589.00,9924.50],
[192291.00,4031.00],
[215788.00,3504.50],
[172497.00,8581.00],
*****************************t=61*****************************
62 generation time: 5.75 s
[138660.00,11026.50],
[135648.00,27216.50],
[150589.00,9924.50],
[192291.00,4031.00],
[215788.00,3504.50],
[172497.00,8581.00],
*****************************t=62*****************************
63 generation time: 5.84 s
[138660.00,11026.50],
[135648.00,27216.50],
[150589.00,9924.50],
[192291.00,4031.00],
[215788.00,3504.50],
[172497.00,8581.00],
*****************************t=63*****************************
64 generation time: 5.93 s
[138660.00,11026.50],
[135648.00,27216.50],
[150589.00,9924.50],
[192291.00,4031.00],
[215788.00,3504.50],
[172497.00,8581.00],
*****************************t=64*****************************
65 generation time: 6.03 s
[138660.00,11026.50],
[135648.00,27216.50],
[150589.00,9924.50],
[192291.00,4031.00],
[215788.00,3504.50],
[172497.00,8581.00],
*****************************t=65*****************************
66 generation time: 6.13 s
[138660.00,11026.50],
[135648.00,27216.50],
[150589.00,9924.50],
[192291.00,4031.00],
[205186.00,3251.50],
[172497.00,8581.00],
*****************************t=66*****************************
67 generation time: 6.22 s
[138660.00,11026.50],
[135648.00,27216.50],
[150589.00,9924.50],
[192291.00,4031.00],
[205186.00,3251.50],
[172497.00,8581.00],
*****************************t=67*****************************
68 generation time: 6.31 s
[138660.00,11026.50],
[135648.00,27216.50],
[150589.00,9924.50],
[192291.00,4031.00],
[205186.00,3251.50],
[172497.00,8581.00],
*****************************t=68*****************************
69 generation time: 6.41 s
[138660.00,11026.50],
[135648.00,27216.50],
[150589.00,9924.50],
[192291.00,4031.00],
[205186.00,3251.50],
[172497.00,8581.00],
*****************************t=69*****************************
70 generation time: 6.50 s
[138660.00,11026.50],
[135648.00,27216.50],
[150589.00,9924.50],
[192291.00,4031.00],
[205186.00,3251.50],
[172497.00,8581.00],
*****************************t=70*****************************
71 generation time: 6.60 s
[138660.00,11026.50],
[135648.00,27216.50],
[150589.00,9924.50],
[192291.00,4031.00],
[205186.00,3251.50],
[172497.00,8581.00],
*****************************t=71*****************************
72 generation time: 6.70 s
[138660.00,11026.50],
[135648.00,27216.50],
[150589.00,9924.50],
[192291.00,4031.00],
[205186.00,3251.50],
[172497.00,8581.00],
*****************************t=72*****************************
73 generation time: 6.79 s
[138660.00,11026.50],
[135648.00,27216.50],
[150589.00,9924.50],
[192291.00,4031.00],
[205186.00,3251.50],
[172497.00,8581.00],
*****************************t=73*****************************
74 generation time: 6.88 s
[138660.00,11026.50],
[135648.00,27216.50],
[150589.00,9924.50],
[192291.00,4031.00],
[205186.00,3251.50],
[172497.00,8581.00],
*****************************t=74*****************************
time to convergence: 6.94 s	
75 generation time: 6.96 s
[138660.00,11026.50],
[135648.00,27216.50],
[150589.00,9924.50],
[192291.00,4031.00],
[205186.00,3251.50],
[172497.00,8581.00],
[145242.00,10996.50],
*****************************t=75*****************************
76 generation time: 7.05 s
[138660.00,11026.50],
[135648.00,27216.50],
[150589.00,9924.50],
[192291.00,4031.00],
[205186.00,3251.50],
[172497.00,8581.00],
[145242.00,10996.50],
*****************************t=76*****************************
77 generation time: 7.14 s
[138660.00,11026.50],
[135648.00,27216.50],
[150589.00,9924.50],
[192291.00,4031.00],
[205186.00,3251.50],
[172497.00,8581.00],
[145242.00,10996.50],
*****************************t=77*****************************
78 generation time: 7.24 s
[138660.00,11026.50],
[135648.00,27216.50],
[150589.00,9924.50],
[192291.00,4031.00],
[205186.00,3251.50],
[172497.00,8581.00],
[145242.00,10996.50],
*****************************t=78*****************************
79 generation time: 7.32 s
[138660.00,11026.50],
[135648.00,27216.50],
[150589.00,9924.50],
[192291.00,4031.00],
[205186.00,3251.50],
[172497.00,8581.00],
[145242.00,10996.50],
*****************************t=79*****************************
80 generation time: 7.41 s
[138660.00,11026.50],
[135648.00,27216.50],
[150589.00,9924.50],
[192291.00,4031.00],
[205186.00,3251.50],
[155183.00,4313.00],
[145242.00,10996.50],
*****************************t=80*****************************
81 generation time: 7.50 s
[138660.00,11026.50],
[135648.00,27216.50],
[150589.00,9924.50],
[192291.00,4031.00],
[205186.00,3251.50],
[155183.00,4313.00],
[145242.00,10996.50],
*****************************t=81*****************************
82 generation time: 7.58 s
[138660.00,11026.50],
[135648.00,27216.50],
[150589.00,9924.50],
[192291.00,4031.00],
[205186.00,3251.50],
[155183.00,4313.00],
[145242.00,10996.50],
*****************************t=82*****************************
83 generation time: 7.67 s
[138660.00,11026.50],
[135648.00,27216.50],
[150589.00,9924.50],
[192291.00,4031.00],
[205186.00,3251.50],
[155183.00,4313.00],
[145242.00,10996.50],
*****************************t=83*****************************
84 generation time: 7.76 s
[138660.00,11026.50],
[135648.00,27216.50],
[150589.00,9924.50],
[192291.00,4031.00],
[205186.00,3251.50],
[155183.00,4313.00],
[145242.00,10996.50],
*****************************t=84*****************************
85 generation time: 7.85 s
[138660.00,11026.50],
[135648.00,27216.50],
[150589.00,9924.50],
[192291.00,4031.00],
[205186.00,3251.50],
[155183.00,4313.00],
[145242.00,10996.50],
*****************************t=85*****************************
86 generation time: 7.94 s
[138660.00,11026.50],
[135648.00,27216.50],
[150589.00,9924.50],
[192291.00,4031.00],
[205186.00,3251.50],
[155183.00,4313.00],
[145242.00,10996.50],
*****************************t=86*****************************
87 generation time: 8.03 s
[138660.00,11026.50],
[135648.00,27216.50],
[150589.00,9924.50],
[192291.00,4031.00],
[205186.00,3251.50],
[155183.00,4313.00],
[145242.00,10996.50],
*****************************t=87*****************************
88 generation time: 8.12 s
[138660.00,11026.50],
[135648.00,27216.50],
[150589.00,9924.50],
[192291.00,4031.00],
[205186.00,3251.50],
[155183.00,4313.00],
[145242.00,10996.50],
*****************************t=88*****************************
89 generation time: 8.21 s
[138660.00,11026.50],
[135648.00,27216.50],
[150589.00,9924.50],
[192291.00,4031.00],
[205186.00,3251.50],
[155183.00,4313.00],
[145242.00,10996.50],
*****************************t=89*****************************
90 generation time: 8.30 s
[138660.00,11026.50],
[135648.00,27216.50],
[150589.00,9924.50],
[192291.00,4031.00],
[205186.00,3251.50],
[155183.00,4313.00],
[145242.00,10996.50],
*****************************t=90*****************************
91 generation time: 8.39 s
[138660.00,11026.50],
[135648.00,27216.50],
[150589.00,9924.50],
[192291.00,4031.00],
[205186.00,3251.50],
[155183.00,4313.00],
[145242.00,10996.50],
*****************************t=91*****************************
92 generation time: 8.48 s
[138660.00,11026.50],
[135648.00,27216.50],
[150589.00,9924.50],
[192291.00,4031.00],
[205186.00,3251.50],
[155183.00,4313.00],
[145242.00,10996.50],
*****************************t=92*****************************
93 generation time: 8.57 s
[138660.00,11026.50],
[135648.00,27216.50],
[150589.00,9924.50],
[192291.00,4031.00],
[205186.00,3251.50],
[155183.00,4313.00],
[145242.00,10996.50],
*****************************t=93*****************************
94 generation time: 8.67 s
[138660.00,11026.50],
[135648.00,27216.50],
[150589.00,9924.50],
[192291.00,4031.00],
[205186.00,3251.50],
[155183.00,4313.00],
[145242.00,10996.50],
*****************************t=94*****************************
95 generation time: 8.77 s
[138660.00,11026.50],
[135648.00,27216.50],
[150589.00,9924.50],
[192291.00,4031.00],
[205186.00,3251.50],
[155183.00,4313.00],
[145242.00,10996.50],
*****************************t=95*****************************
96 generation time: 8.87 s
[138660.00,11026.50],
[135648.00,27216.50],
[150589.00,9924.50],
[192291.00,4031.00],
[205186.00,3251.50],
[155183.00,4313.00],
[145242.00,10996.50],
*****************************t=96*****************************
97 generation time: 8.97 s
[138660.00,11026.50],
[135648.00,27216.50],
[150589.00,9924.50],
[192291.00,4031.00],
[205186.00,3251.50],
[155183.00,4313.00],
[145242.00,10996.50],
*****************************t=97*****************************
98 generation time: 9.06 s
[138660.00,11026.50],
[135648.00,27216.50],
[150589.00,9924.50],
[192291.00,4031.00],
[205186.00,3251.50],
[155183.00,4313.00],
[145242.00,10996.50],
*****************************t=98*****************************
99 generation time: 9.16 s
[138660.00,11026.50],
[135648.00,27216.50],
[150589.00,9924.50],
[192291.00,4031.00],
[205186.00,3251.50],
[155183.00,4313.00],
[145242.00,10996.50],
*****************************t=99*****************************
100 generation time: 9.25 s
[138660.00,11026.50],
[135648.00,27216.50],
[146001.00,9911.00],
[192291.00,4031.00],
[205186.00,3251.50],
[155183.00,4313.00],
[145242.00,10996.50],
[138660.00,11026.50],
[135648.00,27216.50],
[146001.00,9911.00],
[192291.00,4031.00],
[205186.00,3251.50],
[155183.00,4313.00],
[145242.00,10996.50],
tot = 7
total time: 9.31 s
