m = 4 n = 14
pop = 30 gen = 100
init...begin
init...done
*****************************t=0*****************************
time to convergence: 0.08 s	
time to convergence: 0.08 s	
time to convergence: 0.08 s	
1 generation time: 0.11 s
[150531.00,25791.00],
[150881.00,15487.00],
[186758.00,10705.50],
[143653.00,30279.00],
*****************************t=1*****************************
2 generation time: 0.22 s
[146513.00,25159.00],
[150881.00,15487.00],
[186758.00,10705.50],
[143653.00,30279.00],
*****************************t=2*****************************
time to convergence: 0.30 s	
time to convergence: 0.30 s	
3 generation time: 0.33 s
[146513.00,25159.00],
[150881.00,15487.00],
[186758.00,10705.50],
[143653.00,30279.00],
[253806.00,10621.50],
[150791.00,21941.00],
*****************************t=3*****************************
4 generation time: 0.44 s
[146513.00,25159.00],
[150881.00,15487.00],
[186758.00,10705.50],
[143653.00,30279.00],
[253806.00,10621.50],
[150791.00,21941.00],
*****************************t=4*****************************
5 generation time: 0.55 s
[146513.00,25159.00],
[150881.00,15487.00],
[186758.00,10705.50],
[143653.00,30279.00],
[253806.00,10621.50],
[150791.00,21941.00],
*****************************t=5*****************************
6 generation time: 0.65 s
[146513.00,25159.00],
[150881.00,15487.00],
[186758.00,10705.50],
[143653.00,30279.00],
[253806.00,10621.50],
[150791.00,21941.00],
*****************************t=6*****************************
time to convergence: 0.72 s	
7 generation time: 0.76 s
[144030.00,21009.00],
[150881.00,15487.00],
[186758.00,10705.50],
[143653.00,30279.00],
[253806.00,10621.50],
[139760.00,35249.00],
*****************************t=7*****************************
8 generation time: 0.88 s
[144030.00,21009.00],
[150881.00,15487.00],
[186758.00,10705.50],
[143653.00,30279.00],
[253806.00,10621.50],
[139760.00,35249.00],
*****************************t=8*****************************
time to convergence: 0.95 s	
9 generation time: 0.98 s
[144030.00,21009.00],
[150881.00,15487.00],
[186758.00,10705.50],
[143653.00,30279.00],
[253806.00,10621.50],
[139760.00,35249.00],
[161713.00,11719.00],
*****************************t=9*****************************
10 generation time: 1.08 s
[144030.00,21009.00],
[150881.00,15487.00],
[186758.00,10705.50],
[143653.00,30279.00],
[253806.00,10621.50],
[139760.00,35249.00],
[161713.00,11719.00],
*****************************t=10*****************************
time to convergence: 1.14 s	
11 generation time: 1.17 s
[144030.00,21009.00],
[150881.00,15487.00],
[186758.00,10705.50],
[143653.00,30279.00],
[253806.00,10621.50],
[139760.00,35249.00],
[161713.00,11719.00],
[146316.00,16531.00],
*****************************t=11*****************************
12 generation time: 1.27 s
[144030.00,21009.00],
[150881.00,15487.00],
[186758.00,10705.50],
[140282.00,22299.00],
[253806.00,10621.50],
[139760.00,35249.00],
[161713.00,11719.00],
[146316.00,16531.00],
*****************************t=12*****************************
13 generation time: 1.37 s
[144030.00,21009.00],
[150881.00,15487.00],
[186758.00,10705.50],
[140282.00,22299.00],
[253806.00,10621.50],
[139760.00,35249.00],
[161713.00,11719.00],
[146316.00,16531.00],
*****************************t=13*****************************
14 generation time: 1.48 s
[144030.00,21009.00],
[150439.00,12025.00],
[186758.00,10705.50],
[140282.00,22299.00],
[253806.00,10621.50],
[139760.00,35249.00],
[161713.00,11719.00],
[146316.00,16531.00],
*****************************t=14*****************************
15 generation time: 1.59 s
[144030.00,21009.00],
[150439.00,12025.00],
[186758.00,10705.50],
[140282.00,22299.00],
[253806.00,10621.50],
[139760.00,35249.00],
[161713.00,11719.00],
[146316.00,16531.00],
*****************************t=15*****************************
16 generation time: 1.70 s
[144030.00,21009.00],
[150439.00,12025.00],
[186758.00,10705.50],
[140282.00,22299.00],
[253806.00,10621.50],
[139760.00,35249.00],
[161713.00,11719.00],
[146316.00,16531.00],
*****************************t=16*****************************
17 generation time: 1.80 s
[144030.00,21009.00],
[150439.00,12025.00],
[186758.00,10705.50],
[140282.00,22299.00],
[253806.00,10621.50],
[139760.00,35249.00],
[161713.00,11719.00],
[146316.00,16531.00],
*****************************t=17*****************************
18 generation time: 1.91 s
[144030.00,21009.00],
[150439.00,12025.00],
[186758.00,10705.50],
[140282.00,22299.00],
[253806.00,10621.50],
[139760.00,35249.00],
[161713.00,11719.00],
[146316.00,16531.00],
*****************************t=18*****************************
19 generation time: 2.02 s
[144030.00,21009.00],
[150439.00,12025.00],
[186758.00,10705.50],
[140282.00,22299.00],
[253806.00,10621.50],
[139760.00,35249.00],
[161713.00,11719.00],
[146316.00,16531.00],
*****************************t=19*****************************
20 generation time: 2.13 s
[144030.00,21009.00],
[150439.00,12025.00],
[186758.00,10705.50],
[140282.00,22299.00],
[253806.00,10621.50],
[139760.00,35249.00],
[161713.00,11719.00],
[146316.00,16531.00],
*****************************t=20*****************************
21 generation time: 2.24 s
[144030.00,21009.00],
[150439.00,12025.00],
[169114.00,7152.50],
[140282.00,22299.00],
[139760.00,35249.00],
[161713.00,11719.00],
[146316.00,16531.00],
*****************************t=21*****************************
22 generation time: 2.36 s
[144030.00,21009.00],
[150439.00,12025.00],
[169114.00,7152.50],
[140282.00,22299.00],
[139760.00,35249.00],
[161713.00,11719.00],
[146316.00,16531.00],
*****************************t=22*****************************
23 generation time: 2.47 s
[144030.00,21009.00],
[150439.00,12025.00],
[166904.00,4514.50],
[140282.00,22299.00],
[139760.00,35249.00],
[161713.00,11719.00],
[146316.00,16531.00],
*****************************t=23*****************************
24 generation time: 2.58 s
[144030.00,21009.00],
[150439.00,12025.00],
[166904.00,4514.50],
[140282.00,22299.00],
[139760.00,35249.00],
[161713.00,11719.00],
[146316.00,16531.00],
*****************************t=24*****************************
time to convergence: 2.65 s	
25 generation time: 2.69 s
[144030.00,21009.00],
[150439.00,12025.00],
[166904.00,4514.50],
[140282.00,22299.00],
[139760.00,35249.00],
[161713.00,11719.00],
[146316.00,16531.00],
[162753.00,7149.00],
*****************************t=25*****************************
26 generation time: 2.79 s
[144030.00,21009.00],
[150439.00,12025.00],
[166904.00,4514.50],
[140282.00,22299.00],
[139760.00,35249.00],
[161713.00,11719.00],
[146316.00,16531.00],
[162753.00,7149.00],
*****************************t=26*****************************
27 generation time: 2.90 s
[144030.00,21009.00],
[150439.00,12025.00],
[166904.00,4514.50],
[140282.00,22299.00],
[139760.00,35249.00],
[161713.00,11719.00],
[146316.00,16531.00],
[162753.00,7149.00],
*****************************t=27*****************************
28 generation time: 3.01 s
[144030.00,21009.00],
[150439.00,12025.00],
[166904.00,4514.50],
[140282.00,22299.00],
[139760.00,35249.00],
[161713.00,11719.00],
[146316.00,16531.00],
[162753.00,7149.00],
*****************************t=28*****************************
29 generation time: 3.11 s
[144030.00,21009.00],
[150439.00,12025.00],
[166904.00,4514.50],
[140282.00,22299.00],
[139760.00,35249.00],
[161713.00,11719.00],
[146316.00,16531.00],
[162753.00,7149.00],
*****************************t=29*****************************
30 generation time: 3.23 s
[144030.00,21009.00],
[150439.00,12025.00],
[166904.00,4514.50],
[140282.00,22299.00],
[139760.00,35249.00],
[161713.00,11719.00],
[146316.00,16531.00],
[162753.00,7149.00],
*****************************t=30*****************************
31 generation time: 3.33 s
[144030.00,21009.00],
[150439.00,12025.00],
[166904.00,4514.50],
[140282.00,22299.00],
[139760.00,35249.00],
[161713.00,11719.00],
[146316.00,16531.00],
[162753.00,7149.00],
*****************************t=31*****************************
32 generation time: 3.44 s
[144030.00,21009.00],
[150439.00,12025.00],
[166904.00,4514.50],
[140282.00,22299.00],
[139760.00,35249.00],
[161713.00,11719.00],
[146316.00,16531.00],
[162753.00,7149.00],
*****************************t=32*****************************
time to convergence: 3.52 s	
33 generation time: 3.55 s
[144030.00,21009.00],
[150439.00,12025.00],
[166904.00,4514.50],
[140282.00,22299.00],
[139760.00,35249.00],
[161713.00,11719.00],
[146316.00,16531.00],
[162753.00,7149.00],
[140186.00,32265.00],
*****************************t=33*****************************
time to convergence: 3.62 s	
34 generation time: 3.66 s
[144030.00,21009.00],
[150439.00,12025.00],
[166904.00,4514.50],
[140282.00,22299.00],
[139760.00,35249.00],
[161713.00,11719.00],
[146316.00,16531.00],
[162753.00,7149.00],
[140186.00,32265.00],
[161914.00,11667.00],
*****************************t=34*****************************
35 generation time: 3.76 s
[144030.00,21009.00],
[150439.00,12025.00],
[166904.00,4514.50],
[140282.00,22299.00],
[139760.00,35249.00],
[161713.00,11719.00],
[146316.00,16531.00],
[162753.00,7149.00],
[140186.00,32265.00],
[161914.00,11667.00],
*****************************t=35*****************************
36 generation time: 3.87 s
[144030.00,21009.00],
[150439.00,12025.00],
[166904.00,4514.50],
[140282.00,22299.00],
[139760.00,35249.00],
[161713.00,11719.00],
[146316.00,16531.00],
[162753.00,7149.00],
[140186.00,32265.00],
[161914.00,11667.00],
*****************************t=36*****************************
37 generation time: 3.97 s
[144030.00,21009.00],
[150439.00,12025.00],
[166904.00,4514.50],
[140282.00,22299.00],
[139760.00,35249.00],
[161713.00,11719.00],
[146316.00,16531.00],
[162753.00,7149.00],
[140186.00,32265.00],
[161914.00,11667.00],
*****************************t=37*****************************
38 generation time: 4.08 s
[144030.00,21009.00],
[150439.00,12025.00],
[166904.00,4514.50],
[140282.00,22299.00],
[139760.00,35249.00],
[161713.00,11719.00],
[146316.00,16531.00],
[162753.00,7149.00],
[140186.00,32265.00],
[161914.00,11667.00],
*****************************t=38*****************************
39 generation time: 4.18 s
[144030.00,21009.00],
[150439.00,12025.00],
[166904.00,4514.50],
[140282.00,22299.00],
[139760.00,35249.00],
[161713.00,11719.00],
[146316.00,16531.00],
[162753.00,7149.00],
[140186.00,32265.00],
[161914.00,11667.00],
*****************************t=39*****************************
40 generation time: 4.29 s
[144030.00,21009.00],
[150439.00,12025.00],
[166904.00,4514.50],
[140282.00,22299.00],
[139760.00,35249.00],
[161713.00,11719.00],
[146316.00,16531.00],
[162753.00,7149.00],
[140186.00,32265.00],
[161914.00,11667.00],
*****************************t=40*****************************
time to convergence: 4.36 s	
41 generation time: 4.39 s
[144030.00,21009.00],
[150439.00,12025.00],
[166904.00,4514.50],
[140282.00,22299.00],
[139760.00,35249.00],
[161713.00,11719.00],
[146316.00,16531.00],
[162753.00,7149.00],
[140186.00,32265.00],
[161914.00,11667.00],
[141595.00,21380.50],
*****************************t=41*****************************
42 generation time: 4.50 s
[144030.00,21009.00],
[150439.00,12025.00],
[161438.00,2602.50],
[140282.00,22299.00],
[139760.00,35249.00],
[146316.00,16531.00],
[140186.00,32265.00],
[141595.00,21380.50],
*****************************t=42*****************************
43 generation time: 4.60 s
[143451.00,17379.00],
[150439.00,12025.00],
[161438.00,2602.50],
[140282.00,22299.00],
[139760.00,35249.00],
[146316.00,16531.00],
[140186.00,32265.00],
[141595.00,21380.50],
*****************************t=43*****************************
44 generation time: 4.71 s
[143451.00,17379.00],
[150439.00,12025.00],
[161438.00,2602.50],
[140282.00,22299.00],
[139760.00,35249.00],
[146316.00,16531.00],
[140186.00,32265.00],
[141595.00,21380.50],
*****************************t=44*****************************
45 generation time: 4.81 s
[143451.00,17379.00],
[150439.00,12025.00],
[161438.00,2602.50],
[140282.00,22299.00],
[139760.00,35249.00],
[146316.00,16531.00],
[140186.00,32265.00],
[141595.00,21380.50],
*****************************t=45*****************************
46 generation time: 4.91 s
[143451.00,17379.00],
[150439.00,12025.00],
[161438.00,2602.50],
[140282.00,22299.00],
[139760.00,35249.00],
[146316.00,16531.00],
[140186.00,32265.00],
[141595.00,21380.50],
*****************************t=46*****************************
47 generation time: 5.01 s
[143451.00,17379.00],
[150439.00,12025.00],
[161438.00,2602.50],
[140282.00,22299.00],
[139760.00,35249.00],
[146316.00,16531.00],
[140186.00,32265.00],
[141595.00,21380.50],
*****************************t=47*****************************
48 generation time: 5.11 s
[143451.00,17379.00],
[150439.00,12025.00],
[161438.00,2602.50],
[140282.00,22299.00],
[139760.00,35249.00],
[146316.00,16531.00],
[140186.00,32265.00],
[141595.00,21380.50],
*****************************t=48*****************************
time to convergence: 5.18 s	
49 generation time: 5.21 s
[143451.00,17379.00],
[150439.00,12025.00],
[161438.00,2602.50],
[140282.00,22299.00],
[139760.00,35249.00],
[146316.00,16531.00],
[140186.00,32265.00],
[141595.00,21380.50],
[141430.00,22013.00],
*****************************t=49*****************************
50 generation time: 5.32 s
[143451.00,17379.00],
[150439.00,12025.00],
[161438.00,2602.50],
[140282.00,22299.00],
[139760.00,35249.00],
[146316.00,16531.00],
[140186.00,32265.00],
[141595.00,21380.50],
[141430.00,22013.00],
*****************************t=50*****************************
51 generation time: 5.42 s
[143451.00,17379.00],
[150439.00,12025.00],
[161438.00,2602.50],
[140282.00,22299.00],
[139760.00,35249.00],
[146316.00,16531.00],
[140186.00,32265.00],
[141595.00,21380.50],
[141430.00,22013.00],
*****************************t=51*****************************
time to convergence: 5.49 s	
52 generation time: 5.53 s
[143451.00,17379.00],
[150439.00,12025.00],
[161438.00,2602.50],
[140282.00,22299.00],
[139760.00,35249.00],
[146316.00,16531.00],
[140186.00,32265.00],
[141595.00,21380.50],
[141430.00,22013.00],
[139873.00,34259.00],
*****************************t=52*****************************
time to convergence: 5.59 s	
53 generation time: 5.63 s
[143451.00,17379.00],
[150439.00,12025.00],
[161438.00,2602.50],
[140282.00,22299.00],
[139760.00,35249.00],
[146316.00,16531.00],
[140186.00,32265.00],
[141595.00,21380.50],
[141430.00,22013.00],
[139873.00,34259.00],
[156028.00,11515.00],
*****************************t=53*****************************
54 generation time: 5.72 s
[143451.00,17379.00],
[150439.00,12025.00],
[161438.00,2602.50],
[140282.00,22299.00],
[139760.00,35249.00],
[146316.00,16531.00],
[140186.00,32265.00],
[141595.00,21380.50],
[141430.00,22013.00],
[139873.00,34259.00],
[156028.00,11515.00],
*****************************t=54*****************************
55 generation time: 5.83 s
[143451.00,17379.00],
[150439.00,12025.00],
[161438.00,2602.50],
[140282.00,22299.00],
[139760.00,35249.00],
[146316.00,16531.00],
[140186.00,32265.00],
[141595.00,21380.50],
[141430.00,22013.00],
[139873.00,34259.00],
[156028.00,11515.00],
*****************************t=55*****************************
56 generation time: 5.94 s
[143451.00,17379.00],
[150439.00,12025.00],
[161438.00,2602.50],
[140282.00,22299.00],
[139760.00,35249.00],
[146316.00,16531.00],
[140186.00,32265.00],
[141595.00,21380.50],
[141430.00,22013.00],
[139873.00,34259.00],
[156028.00,11515.00],
*****************************t=56*****************************
57 generation time: 6.04 s
[143451.00,17379.00],
[150439.00,12025.00],
[161438.00,2602.50],
[140282.00,22299.00],
[139760.00,35249.00],
[146316.00,16531.00],
[140186.00,32265.00],
[141595.00,21380.50],
[141430.00,22013.00],
[139873.00,34259.00],
[156028.00,11515.00],
*****************************t=57*****************************
58 generation time: 6.14 s
[143451.00,17379.00],
[150439.00,12025.00],
[161438.00,2602.50],
[140282.00,22299.00],
[139760.00,35249.00],
[146316.00,16531.00],
[140186.00,32265.00],
[141595.00,21380.50],
[141430.00,22013.00],
[139873.00,34259.00],
[156028.00,11515.00],
*****************************t=58*****************************
59 generation time: 6.24 s
[143451.00,17379.00],
[150439.00,12025.00],
[161438.00,2602.50],
[140282.00,22299.00],
[139760.00,35249.00],
[146316.00,16531.00],
[140186.00,32265.00],
[141595.00,21380.50],
[141430.00,22013.00],
[139873.00,34259.00],
[156028.00,11515.00],
*****************************t=59*****************************
60 generation time: 6.34 s
[143451.00,17379.00],
[150439.00,12025.00],
[161438.00,2602.50],
[140282.00,22299.00],
[139760.00,35249.00],
[146316.00,16531.00],
[140186.00,32265.00],
[141595.00,21380.50],
[141430.00,22013.00],
[139873.00,34259.00],
[154759.00,11026.50],
*****************************t=60*****************************
61 generation time: 6.43 s
[143451.00,17379.00],
[150439.00,12025.00],
[161438.00,2602.50],
[140282.00,22299.00],
[139760.00,35249.00],
[146316.00,16531.00],
[140186.00,32265.00],
[141595.00,21380.50],
[141430.00,22013.00],
[139873.00,34259.00],
[154759.00,11026.50],
*****************************t=61*****************************
62 generation time: 6.53 s
[143451.00,17379.00],
[150439.00,12025.00],
[161438.00,2602.50],
[140282.00,22299.00],
[139760.00,35249.00],
[146316.00,16531.00],
[140186.00,32265.00],
[141595.00,21380.50],
[141430.00,22013.00],
[139873.00,34259.00],
[154759.00,11026.50],
*****************************t=62*****************************
63 generation time: 6.63 s
[143451.00,17379.00],
[150439.00,12025.00],
[161438.00,2602.50],
[140282.00,22299.00],
[139760.00,35249.00],
[146316.00,16531.00],
[140186.00,32265.00],
[141595.00,21380.50],
[141430.00,22013.00],
[139873.00,34259.00],
[154759.00,11026.50],
*****************************t=63*****************************
64 generation time: 6.73 s
[143451.00,17379.00],
[150439.00,12025.00],
[161438.00,2602.50],
[140282.00,22299.00],
[139760.00,35249.00],
[146316.00,16531.00],
[140186.00,32265.00],
[141595.00,21380.50],
[141430.00,22013.00],
[139873.00,34259.00],
[154759.00,11026.50],
*****************************t=64*****************************
65 generation time: 6.83 s
[143451.00,17379.00],
[150439.00,12025.00],
[161438.00,2602.50],
[140282.00,22299.00],
[139760.00,35249.00],
[146316.00,16531.00],
[140186.00,32265.00],
[141595.00,21380.50],
[141430.00,22013.00],
[139873.00,34259.00],
[154759.00,11026.50],
*****************************t=65*****************************
66 generation time: 6.92 s
[143451.00,17379.00],
[150439.00,12025.00],
[161438.00,2602.50],
[140282.00,22299.00],
[139760.00,35249.00],
[146316.00,16531.00],
[140186.00,32265.00],
[141595.00,21380.50],
[141430.00,22013.00],
[139873.00,34259.00],
[154759.00,11026.50],
*****************************t=66*****************************
67 generation time: 7.02 s
[143451.00,17379.00],
[150439.00,12025.00],
[161438.00,2602.50],
[140282.00,22299.00],
[133711.00,27216.50],
[146316.00,16531.00],
[141595.00,21380.50],
[141430.00,22013.00],
[154759.00,11026.50],
*****************************t=67*****************************
68 generation time: 7.12 s
[143451.00,17379.00],
[150439.00,12025.00],
[161438.00,2602.50],
[140282.00,22299.00],
[133711.00,27216.50],
[146316.00,16531.00],
[141595.00,21380.50],
[141430.00,22013.00],
[154759.00,11026.50],
*****************************t=68*****************************
69 generation time: 7.22 s
[143451.00,17379.00],
[150439.00,12025.00],
[161438.00,2602.50],
[140282.00,22299.00],
[133711.00,27216.50],
[146316.00,16531.00],
[141595.00,21380.50],
[141430.00,22013.00],
[154759.00,11026.50],
*****************************t=69*****************************
70 generation time: 7.31 s
[143451.00,17379.00],
[150439.00,12025.00],
[161438.00,2602.50],
[140282.00,22299.00],
[133711.00,27216.50],
[146316.00,16531.00],
[141595.00,21380.50],
[141430.00,22013.00],
[154759.00,11026.50],
*****************************t=70*****************************
71 generation time: 7.41 s
[143451.00,17379.00],
[150439.00,12025.00],
[161438.00,2602.50],
[140282.00,22299.00],
[133711.00,27216.50],
[146316.00,16531.00],
[141595.00,21380.50],
[141430.00,22013.00],
[154759.00,11026.50],
*****************************t=71*****************************
72 generation time: 7.50 s
[143451.00,17379.00],
[150439.00,12025.00],
[161438.00,2602.50],
[140282.00,22299.00],
[133711.00,27216.50],
[146316.00,16531.00],
[141595.00,21380.50],
[141430.00,22013.00],
[154759.00,11026.50],
*****************************t=72*****************************
73 generation time: 7.60 s
[143451.00,17379.00],
[150439.00,12025.00],
[161438.00,2602.50],
[140282.00,22299.00],
[133711.00,27216.50],
[146316.00,16531.00],
[141595.00,21380.50],
[141430.00,22013.00],
[154759.00,11026.50],
*****************************t=73*****************************
74 generation time: 7.70 s
[143451.00,17379.00],
[150439.00,12025.00],
[161438.00,2602.50],
[140282.00,22299.00],
[133711.00,27216.50],
[146316.00,16531.00],
[141595.00,21380.50],
[141430.00,22013.00],
[154759.00,11026.50],
*****************************t=74*****************************
75 generation time: 7.80 s
[143451.00,17379.00],
[150439.00,12025.00],
[161438.00,2602.50],
[140282.00,22299.00],
[133711.00,27216.50],
[146316.00,16531.00],
[140332.00,20337.00],
[154759.00,11026.50],
*****************************t=75*****************************
76 generation time: 7.89 s
[143451.00,17379.00],
[150439.00,12025.00],
[161438.00,2602.50],
[140282.00,22299.00],
[133711.00,27216.50],
[146316.00,16531.00],
[140332.00,20337.00],
[154759.00,11026.50],
*****************************t=76*****************************
77 generation time: 7.99 s
[143451.00,17379.00],
[150439.00,12025.00],
[161438.00,2602.50],
[140282.00,22299.00],
[133711.00,27216.50],
[146316.00,16531.00],
[140332.00,20337.00],
[154759.00,11026.50],
*****************************t=77*****************************
time to convergence: 8.06 s	
time to convergence: 8.06 s	
78 generation time: 8.09 s
[143451.00,17379.00],
[150439.00,12025.00],
[161438.00,2602.50],
[140282.00,22299.00],
[133711.00,27216.50],
[146316.00,16531.00],
[140332.00,20337.00],
[154759.00,11026.50],
[150147.00,16493.00],
[141252.00,18905.00],
*****************************t=78*****************************
79 generation time: 8.18 s
[143451.00,17379.00],
[150439.00,12025.00],
[161438.00,2602.50],
[140282.00,22299.00],
[133711.00,27216.50],
[146316.00,16531.00],
[140332.00,20337.00],
[154759.00,11026.50],
[150147.00,16493.00],
[141252.00,18905.00],
*****************************t=79*****************************
80 generation time: 8.28 s
[143451.00,17379.00],
[150439.00,12025.00],
[161438.00,2602.50],
[140282.00,22299.00],
[133711.00,27216.50],
[146316.00,16531.00],
[140332.00,20337.00],
[154759.00,11026.50],
[150147.00,16493.00],
[141252.00,18905.00],
*****************************t=80*****************************
81 generation time: 8.37 s
[143451.00,17379.00],
[150439.00,12025.00],
[161438.00,2602.50],
[140282.00,22299.00],
[133711.00,27216.50],
[146316.00,16531.00],
[140332.00,20337.00],
[154759.00,11026.50],
[150147.00,16493.00],
[141252.00,18905.00],
*****************************t=81*****************************
82 generation time: 8.47 s
[143451.00,17379.00],
[150439.00,12025.00],
[161438.00,2602.50],
[140282.00,22299.00],
[133711.00,27216.50],
[146316.00,16531.00],
[140332.00,20337.00],
[154759.00,11026.50],
[150147.00,16493.00],
[141252.00,18905.00],
*****************************t=82*****************************
83 generation time: 8.57 s
[143451.00,17379.00],
[150439.00,12025.00],
[161438.00,2602.50],
[140282.00,22299.00],
[133711.00,27216.50],
[146316.00,16531.00],
[140332.00,20337.00],
[154759.00,11026.50],
[150147.00,16493.00],
[141252.00,18905.00],
*****************************t=83*****************************
84 generation time: 8.67 s
[143451.00,17379.00],
[150439.00,12025.00],
[161438.00,2602.50],
[140282.00,22299.00],
[133711.00,27216.50],
[146316.00,16531.00],
[140332.00,20337.00],
[154759.00,11026.50],
[150147.00,16493.00],
[141252.00,18905.00],
*****************************t=84*****************************
85 generation time: 8.78 s
[143451.00,17379.00],
[150439.00,12025.00],
[161438.00,2602.50],
[140282.00,22299.00],
[133711.00,27216.50],
[146316.00,16531.00],
[140332.00,20337.00],
[154759.00,11026.50],
[150147.00,16493.00],
[141252.00,18905.00],
*****************************t=85*****************************
86 generation time: 8.87 s
[143451.00,17379.00],
[150439.00,12025.00],
[161438.00,2602.50],
[140282.00,22299.00],
[133711.00,27216.50],
[146316.00,16531.00],
[140332.00,20337.00],
[154759.00,11026.50],
[150147.00,16493.00],
[141252.00,18905.00],
*****************************t=86*****************************
87 generation time: 8.98 s
[143451.00,17379.00],
[150439.00,12025.00],
[161438.00,2602.50],
[140282.00,22299.00],
[133711.00,27216.50],
[146316.00,16531.00],
[140332.00,20337.00],
[154759.00,11026.50],
[150147.00,16493.00],
[141252.00,18905.00],
*****************************t=87*****************************
88 generation time: 9.08 s
[143451.00,17379.00],
[150439.00,12025.00],
[161438.00,2602.50],
[140282.00,22299.00],
[133711.00,27216.50],
[146316.00,16531.00],
[140332.00,20337.00],
[154759.00,11026.50],
[150147.00,16493.00],
[141252.00,18905.00],
*****************************t=88*****************************
89 generation time: 9.19 s
[143451.00,17379.00],
[150439.00,12025.00],
[161438.00,2602.50],
[140282.00,22299.00],
[133711.00,27216.50],
[146316.00,16531.00],
[140332.00,20337.00],
[154759.00,11026.50],
[150147.00,16493.00],
[141252.00,18905.00],
*****************************t=89*****************************
90 generation time: 9.28 s
[143451.00,17379.00],
[150439.00,12025.00],
[161438.00,2602.50],
[140282.00,22299.00],
[133711.00,27216.50],
[146316.00,16531.00],
[140332.00,20337.00],
[154759.00,11026.50],
[150147.00,16493.00],
[141252.00,18905.00],
*****************************t=90*****************************
91 generation time: 9.37 s
[143451.00,17379.00],
[150439.00,12025.00],
[161438.00,2602.50],
[140282.00,22299.00],
[133711.00,27216.50],
[146316.00,16531.00],
[140332.00,20337.00],
[154759.00,11026.50],
[150147.00,16493.00],
[141252.00,18905.00],
*****************************t=91*****************************
92 generation time: 9.47 s
[143451.00,17379.00],
[150439.00,12025.00],
[161438.00,2602.50],
[140282.00,22299.00],
[133711.00,27216.50],
[146316.00,16531.00],
[140332.00,20337.00],
[154759.00,11026.50],
[150147.00,16493.00],
[141252.00,18905.00],
*****************************t=92*****************************
93 generation time: 9.57 s
[143451.00,17379.00],
[150439.00,12025.00],
[161438.00,2602.50],
[140282.00,22299.00],
[133711.00,27216.50],
[146316.00,16531.00],
[140332.00,20337.00],
[154759.00,11026.50],
[150147.00,16493.00],
[141252.00,18905.00],
*****************************t=93*****************************
94 generation time: 9.67 s
[143451.00,17379.00],
[150439.00,12025.00],
[161438.00,2602.50],
[140282.00,22299.00],
[133711.00,27216.50],
[146316.00,16531.00],
[140332.00,20337.00],
[154759.00,11026.50],
[150147.00,16493.00],
[141252.00,18905.00],
*****************************t=94*****************************
95 generation time: 9.78 s
[143451.00,17379.00],
[150439.00,12025.00],
[161438.00,2602.50],
[140282.00,22299.00],
[133711.00,27216.50],
[146316.00,16531.00],
[140332.00,20337.00],
[154759.00,11026.50],
[150147.00,16493.00],
[141252.00,18905.00],
*****************************t=95*****************************
96 generation time: 9.89 s
[143451.00,17379.00],
[150439.00,12025.00],
[161438.00,2602.50],
[140282.00,22299.00],
[133711.00,27216.50],
[146316.00,16531.00],
[140332.00,20337.00],
[154759.00,11026.50],
[150147.00,16493.00],
[141252.00,18905.00],
*****************************t=96*****************************
time to convergence: 9.95 s	
97 generation time: 9.99 s
[143451.00,17379.00],
[150439.00,12025.00],
[161438.00,2602.50],
[140282.00,22299.00],
[133711.00,27216.50],
[146316.00,16531.00],
[140332.00,20337.00],
[154759.00,11026.50],
[150147.00,16493.00],
[141252.00,18905.00],
[133650.00,31548.50],
*****************************t=97*****************************
98 generation time: 10.09 s
[143451.00,17379.00],
[150439.00,12025.00],
[161438.00,2602.50],
[140282.00,22299.00],
[133711.00,27216.50],
[146316.00,16531.00],
[140332.00,20337.00],
[154759.00,11026.50],
[150147.00,16493.00],
[141252.00,18905.00],
[133650.00,31548.50],
*****************************t=98*****************************
99 generation time: 10.18 s
[143451.00,17379.00],
[150439.00,12025.00],
[161438.00,2602.50],
[140282.00,22299.00],
[133711.00,27216.50],
[146316.00,16531.00],
[140332.00,20337.00],
[154759.00,11026.50],
[150147.00,16493.00],
[141252.00,18905.00],
[133650.00,31548.50],
*****************************t=99*****************************
100 generation time: 10.28 s
[143451.00,17379.00],
[150439.00,12025.00],
[161438.00,2602.50],
[140282.00,22299.00],
[133711.00,27216.50],
[146316.00,16531.00],
[140332.00,20337.00],
[154759.00,11026.50],
[150147.00,16493.00],
[141252.00,18905.00],
[133650.00,31548.50],
[143451.00,17379.00],
[150439.00,12025.00],
[161438.00,2602.50],
[140282.00,22299.00],
[133711.00,27216.50],
[146316.00,16531.00],
[140332.00,20337.00],
[154759.00,11026.50],
[150147.00,16493.00],
[141252.00,18905.00],
[133650.00,31548.50],
tot = 11
total time: 10.34 s
