m = 4 n = 14
pop = 30 gen = 100
init...begin
init...done
*****************************t=0*****************************
time to convergence: 0.06 s	
time to convergence: 0.06 s	
1 generation time: 0.09 s
[150033.00,20586.50],
[186668.00,16545.00],
[178973.00,19599.00],
*****************************t=1*****************************
time to convergence: 0.16 s	
2 generation time: 0.19 s
[150033.00,20586.50],
[186668.00,16545.00],
[178973.00,19599.00],
[143497.00,26869.00],
*****************************t=2*****************************
3 generation time: 0.28 s
[150033.00,20586.50],
[152936.00,15471.00],
[143497.00,26869.00],
*****************************t=3*****************************
time to convergence: 0.33 s	
4 generation time: 0.36 s
[150033.00,20586.50],
[152936.00,15471.00],
[143497.00,26869.00],
[161712.00,12025.00],
*****************************t=4*****************************
5 generation time: 0.45 s
[150033.00,20586.50],
[152936.00,15471.00],
[143497.00,26869.00],
[161712.00,12025.00],
*****************************t=5*****************************
6 generation time: 0.54 s
[150033.00,20586.50],
[152936.00,15471.00],
[143497.00,26869.00],
[161712.00,12025.00],
*****************************t=6*****************************
time to convergence: 0.61 s	
7 generation time: 0.64 s
[150033.00,20586.50],
[152936.00,15471.00],
[143497.00,26869.00],
[161712.00,12025.00],
[184345.00,10829.00],
*****************************t=7*****************************
8 generation time: 0.73 s
[150033.00,20586.50],
[152936.00,15471.00],
[143497.00,26869.00],
[161712.00,12025.00],
[184345.00,10829.00],
*****************************t=8*****************************
9 generation time: 0.82 s
[150033.00,20586.50],
[152936.00,15471.00],
[143497.00,26869.00],
[161712.00,12025.00],
[184345.00,10829.00],
*****************************t=9*****************************
10 generation time: 0.91 s
[150033.00,20586.50],
[152936.00,15471.00],
[143497.00,26869.00],
[161712.00,12025.00],
[184345.00,10829.00],
*****************************t=10*****************************
time to convergence: 0.97 s	
time to convergence: 0.97 s	
11 generation time: 1.01 s
[150033.00,20586.50],
[152936.00,15471.00],
[143497.00,26869.00],
[161712.00,12025.00],
[184345.00,10829.00],
[253330.00,8659.50],
[141843.00,38965.00],
*****************************t=11*****************************
time to convergence: 1.06 s	
12 generation time: 1.09 s
[150033.00,20586.50],
[152936.00,15471.00],
[143497.00,26869.00],
[161712.00,12025.00],
[184345.00,10829.00],
[253330.00,8659.50],
[141843.00,38965.00],
[156762.00,13147.50],
*****************************t=12*****************************
13 generation time: 1.19 s
[150033.00,20586.50],
[152936.00,15471.00],
[143497.00,26869.00],
[161712.00,12025.00],
[184345.00,10829.00],
[253330.00,8659.50],
[141843.00,38965.00],
[156762.00,13147.50],
*****************************t=13*****************************
14 generation time: 1.28 s
[150033.00,20586.50],
[152936.00,15471.00],
[143497.00,26869.00],
[161712.00,12025.00],
[184345.00,10829.00],
[253330.00,8659.50],
[139644.00,33263.00],
[156762.00,13147.50],
*****************************t=14*****************************
15 generation time: 1.37 s
[150033.00,20586.50],
[152936.00,15471.00],
[143497.00,26869.00],
[161712.00,12025.00],
[184345.00,10829.00],
[253330.00,8659.50],
[139644.00,33263.00],
[156762.00,13147.50],
*****************************t=15*****************************
16 generation time: 1.46 s
[150033.00,20586.50],
[152936.00,15471.00],
[143497.00,26869.00],
[161712.00,12025.00],
[184345.00,10829.00],
[253330.00,8659.50],
[139644.00,33263.00],
[156762.00,13147.50],
*****************************t=16*****************************
17 generation time: 1.55 s
[150033.00,20586.50],
[152936.00,15471.00],
[143497.00,26869.00],
[161712.00,12025.00],
[184345.00,10829.00],
[253330.00,8659.50],
[139644.00,33263.00],
[156762.00,13147.50],
*****************************t=17*****************************
time to convergence: 1.62 s	
18 generation time: 1.65 s
[150033.00,20586.50],
[152936.00,15471.00],
[143497.00,26869.00],
[161712.00,12025.00],
[184345.00,10829.00],
[253330.00,8659.50],
[139644.00,33263.00],
[156762.00,13147.50],
[155992.00,13785.00],
*****************************t=18*****************************
19 generation time: 1.75 s
[150033.00,20586.50],
[152936.00,15471.00],
[143497.00,26869.00],
[161712.00,12025.00],
[184345.00,10829.00],
[253330.00,8659.50],
[139644.00,33263.00],
[156762.00,13147.50],
[155992.00,13785.00],
*****************************t=19*****************************
20 generation time: 1.84 s
[150033.00,20586.50],
[152936.00,15471.00],
[140590.00,23853.00],
[161712.00,12025.00],
[184345.00,10829.00],
[253330.00,8659.50],
[139644.00,33263.00],
[156762.00,13147.50],
[155992.00,13785.00],
*****************************t=20*****************************
21 generation time: 1.94 s
[150033.00,20586.50],
[152936.00,15471.00],
[140590.00,23853.00],
[161712.00,12025.00],
[184345.00,10829.00],
[253330.00,8659.50],
[139644.00,33263.00],
[156762.00,13147.50],
[155992.00,13785.00],
*****************************t=21*****************************
22 generation time: 2.03 s
[150033.00,20586.50],
[152936.00,15471.00],
[140590.00,23853.00],
[161712.00,12025.00],
[184345.00,10829.00],
[253330.00,8659.50],
[139644.00,33263.00],
[156762.00,13147.50],
[155992.00,13785.00],
*****************************t=22*****************************
23 generation time: 2.13 s
[150033.00,20586.50],
[152936.00,15471.00],
[140590.00,23853.00],
[161712.00,12025.00],
[184345.00,10829.00],
[253330.00,8659.50],
[139644.00,33263.00],
[156762.00,13147.50],
[155992.00,13785.00],
*****************************t=23*****************************
24 generation time: 2.22 s
[141050.00,18015.00],
[152936.00,15471.00],
[140590.00,23853.00],
[161712.00,12025.00],
[184345.00,10829.00],
[253330.00,8659.50],
[139644.00,33263.00],
[156762.00,13147.50],
[155992.00,13785.00],
*****************************t=24*****************************
25 generation time: 2.31 s
[141050.00,18015.00],
[152936.00,15471.00],
[140590.00,23853.00],
[161712.00,12025.00],
[184345.00,10829.00],
[253330.00,8659.50],
[139644.00,33263.00],
[156762.00,13147.50],
[155992.00,13785.00],
*****************************t=25*****************************
26 generation time: 2.41 s
[141050.00,18015.00],
[150857.00,13998.50],
[140590.00,23853.00],
[161712.00,12025.00],
[184345.00,10829.00],
[253330.00,8659.50],
[139644.00,33263.00],
[156762.00,13147.50],
[155992.00,13785.00],
*****************************t=26*****************************
27 generation time: 2.50 s
[141050.00,18015.00],
[150857.00,13998.50],
[140590.00,23853.00],
[161712.00,12025.00],
[184345.00,10829.00],
[253330.00,8659.50],
[139644.00,33263.00],
[156762.00,13147.50],
[155992.00,13785.00],
*****************************t=27*****************************
28 generation time: 2.59 s
[140520.00,16504.50],
[150857.00,13998.50],
[161712.00,12025.00],
[184345.00,10829.00],
[253330.00,8659.50],
[139644.00,33263.00],
[156762.00,13147.50],
[155992.00,13785.00],
*****************************t=28*****************************
time to convergence: 2.65 s	
29 generation time: 2.68 s
[140520.00,16504.50],
[150857.00,13998.50],
[161712.00,12025.00],
[184345.00,10829.00],
[253330.00,8659.50],
[139644.00,33263.00],
[156762.00,13147.50],
[155992.00,13785.00],
[161910.00,11384.50],
*****************************t=29*****************************
30 generation time: 2.77 s
[140520.00,16504.50],
[150857.00,13998.50],
[161712.00,12025.00],
[184345.00,10829.00],
[253330.00,8659.50],
[139644.00,33263.00],
[156762.00,13147.50],
[155992.00,13785.00],
[161910.00,11384.50],
*****************************t=30*****************************
31 generation time: 2.87 s
[140520.00,16504.50],
[150857.00,13998.50],
[161712.00,12025.00],
[184345.00,10829.00],
[253330.00,8659.50],
[139644.00,33263.00],
[156762.00,13147.50],
[155992.00,13785.00],
[161910.00,11384.50],
*****************************t=31*****************************
32 generation time: 2.96 s
[140520.00,16504.50],
[150857.00,13998.50],
[161712.00,12025.00],
[184345.00,10829.00],
[253330.00,8659.50],
[139644.00,33263.00],
[156762.00,13147.50],
[155992.00,13785.00],
[161910.00,11384.50],
*****************************t=32*****************************
time to convergence: 3.02 s	
33 generation time: 3.05 s
[140520.00,16504.50],
[150857.00,13998.50],
[161712.00,12025.00],
[184345.00,10829.00],
[253330.00,8659.50],
[139644.00,33263.00],
[156762.00,13147.50],
[155992.00,13785.00],
[161910.00,11384.50],
[140470.00,18416.50],
*****************************t=33*****************************
34 generation time: 3.14 s
[140520.00,16504.50],
[150857.00,13998.50],
[161712.00,12025.00],
[184345.00,10829.00],
[253330.00,8659.50],
[139644.00,33263.00],
[156762.00,13147.50],
[155992.00,13785.00],
[161910.00,11384.50],
[140470.00,18416.50],
*****************************t=34*****************************
35 generation time: 3.23 s
[140520.00,16504.50],
[150857.00,13998.50],
[161712.00,12025.00],
[184345.00,10829.00],
[253330.00,8659.50],
[139644.00,33263.00],
[156762.00,13147.50],
[155992.00,13785.00],
[161910.00,11384.50],
[140470.00,18416.50],
*****************************t=35*****************************
36 generation time: 3.32 s
[140520.00,16504.50],
[150857.00,13998.50],
[161712.00,12025.00],
[184345.00,10829.00],
[253330.00,8659.50],
[139644.00,33263.00],
[156762.00,13147.50],
[155992.00,13785.00],
[161910.00,11384.50],
[140470.00,18416.50],
*****************************t=36*****************************
37 generation time: 3.41 s
[140520.00,16504.50],
[150857.00,13998.50],
[161712.00,12025.00],
[184345.00,10829.00],
[253330.00,8659.50],
[139644.00,33263.00],
[156762.00,13147.50],
[155992.00,13785.00],
[161910.00,11384.50],
[140470.00,18416.50],
*****************************t=37*****************************
38 generation time: 3.50 s
[140520.00,16504.50],
[150857.00,13998.50],
[161712.00,12025.00],
[184345.00,10829.00],
[253330.00,8659.50],
[139644.00,33263.00],
[156762.00,13147.50],
[155992.00,13785.00],
[161910.00,11384.50],
[140470.00,18416.50],
*****************************t=38*****************************
39 generation time: 3.59 s
[140520.00,16504.50],
[150605.00,11026.50],
[184345.00,10829.00],
[253330.00,8659.50],
[139644.00,33263.00],
[140470.00,18416.50],
*****************************t=39*****************************
40 generation time: 3.68 s
[140520.00,16504.50],
[150605.00,11026.50],
[184345.00,10829.00],
[185029.00,4596.50],
[139644.00,33263.00],
[140470.00,18416.50],
*****************************t=40*****************************
41 generation time: 3.77 s
[140520.00,16504.50],
[149911.00,11026.50],
[184345.00,10829.00],
[185029.00,4596.50],
[139644.00,33263.00],
[140470.00,18416.50],
*****************************t=41*****************************
42 generation time: 3.86 s
[140520.00,16504.50],
[149911.00,11026.50],
[184345.00,10829.00],
[185029.00,4596.50],
[139644.00,33263.00],
[140470.00,18416.50],
*****************************t=42*****************************
43 generation time: 3.95 s
[140520.00,16504.50],
[149911.00,11026.50],
[184345.00,10829.00],
[185029.00,4596.50],
[139644.00,33263.00],
[140470.00,18416.50],
*****************************t=43*****************************
time to convergence: 4.02 s	
44 generation time: 4.05 s
[140520.00,16504.50],
[149911.00,11026.50],
[184345.00,10829.00],
[185029.00,4596.50],
[139644.00,33263.00],
[140470.00,18416.50],
[216392.00,3472.50],
*****************************t=44*****************************
45 generation time: 4.14 s
[140520.00,16504.50],
[149911.00,11026.50],
[184345.00,10829.00],
[185029.00,4596.50],
[139644.00,33263.00],
[140470.00,18416.50],
[216392.00,3472.50],
*****************************t=45*****************************
46 generation time: 4.23 s
[140520.00,16504.50],
[149911.00,11026.50],
[184345.00,10829.00],
[185029.00,4596.50],
[139644.00,33263.00],
[140470.00,18416.50],
[216392.00,3472.50],
*****************************t=46*****************************
47 generation time: 4.33 s
[140520.00,16504.50],
[149911.00,11026.50],
[184345.00,10829.00],
[185029.00,4596.50],
[139644.00,33263.00],
[140470.00,18416.50],
[216392.00,3472.50],
*****************************t=47*****************************
48 generation time: 4.42 s
[140520.00,16504.50],
[149911.00,11026.50],
[184345.00,10829.00],
[185029.00,4596.50],
[139644.00,33263.00],
[140470.00,18416.50],
[216392.00,3472.50],
*****************************t=48*****************************
49 generation time: 4.50 s
[140520.00,16504.50],
[149911.00,11026.50],
[161890.00,9645.00],
[185029.00,4596.50],
[139644.00,33263.00],
[140470.00,18416.50],
[216392.00,3472.50],
*****************************t=49*****************************
50 generation time: 4.59 s
[140520.00,16504.50],
[149911.00,11026.50],
[161890.00,9645.00],
[185029.00,4596.50],
[139644.00,33263.00],
[140470.00,18416.50],
[216392.00,3472.50],
*****************************t=50*****************************
51 generation time: 4.69 s
[140520.00,16504.50],
[149911.00,11026.50],
[161712.00,9645.00],
[185029.00,4596.50],
[139644.00,33263.00],
[140470.00,18416.50],
[216392.00,3472.50],
*****************************t=51*****************************
52 generation time: 4.79 s
[140520.00,16504.50],
[149911.00,11026.50],
[161712.00,9645.00],
[185029.00,4596.50],
[139638.00,32520.50],
[140470.00,18416.50],
[216392.00,3472.50],
*****************************t=52*****************************
53 generation time: 4.89 s
[140520.00,16504.50],
[149911.00,11026.50],
[161712.00,9645.00],
[185029.00,4596.50],
[139638.00,32520.50],
[140470.00,18416.50],
[216392.00,3472.50],
*****************************t=53*****************************
time to convergence: 4.96 s	
54 generation time: 4.99 s
[140520.00,16504.50],
[149911.00,11026.50],
[161712.00,9645.00],
[185029.00,4596.50],
[139638.00,32520.50],
[140470.00,18416.50],
[216392.00,3472.50],
[146013.00,15471.00],
*****************************t=54*****************************
55 generation time: 5.09 s
[140520.00,16504.50],
[149911.00,11026.50],
[161712.00,9645.00],
[185029.00,4596.50],
[139638.00,32520.50],
[140470.00,18416.50],
[216392.00,3472.50],
[146013.00,15471.00],
*****************************t=55*****************************
56 generation time: 5.18 s
[140520.00,16504.50],
[149911.00,11026.50],
[161712.00,9645.00],
[185029.00,4596.50],
[139638.00,32520.50],
[140470.00,18416.50],
[216392.00,3472.50],
[146013.00,15471.00],
*****************************t=56*****************************
57 generation time: 5.28 s
[140520.00,16504.50],
[149911.00,11026.50],
[161712.00,9645.00],
[185029.00,4596.50],
[139638.00,32520.50],
[140470.00,18416.50],
[216392.00,3472.50],
[146013.00,15471.00],
*****************************t=57*****************************
58 generation time: 5.38 s
[140520.00,16504.50],
[149911.00,11026.50],
[161712.00,9645.00],
[185029.00,4596.50],
[139638.00,32520.50],
[140470.00,18416.50],
[216392.00,3472.50],
[146013.00,15471.00],
*****************************t=58*****************************
59 generation time: 5.48 s
[140520.00,16504.50],
[149911.00,11026.50],
[161712.00,9645.00],
[185029.00,4596.50],
[139638.00,32520.50],
[140470.00,18416.50],
[216392.00,3472.50],
[146013.00,15471.00],
*****************************t=59*****************************
60 generation time: 5.58 s
[140520.00,16504.50],
[149911.00,11026.50],
[161712.00,9645.00],
[185029.00,4596.50],
[139638.00,32520.50],
[140470.00,18416.50],
[216392.00,3472.50],
[146013.00,15471.00],
*****************************t=60*****************************
time to convergence: 5.65 s	
61 generation time: 5.68 s
[140520.00,16504.50],
[149911.00,11026.50],
[161712.00,9645.00],
[185029.00,4596.50],
[139638.00,32520.50],
[140470.00,18416.50],
[216392.00,3472.50],
[146013.00,15471.00],
[168262.00,9064.50],
*****************************t=61*****************************
62 generation time: 5.78 s
[140520.00,16504.50],
[149911.00,11026.50],
[161712.00,9645.00],
[185029.00,4596.50],
[139638.00,32520.50],
[140470.00,18416.50],
[216392.00,3472.50],
[146013.00,15471.00],
[168262.00,9064.50],
*****************************t=62*****************************
63 generation time: 5.88 s
[140520.00,16504.50],
[149911.00,11026.50],
[161712.00,9645.00],
[185029.00,4596.50],
[139638.00,32520.50],
[140470.00,18416.50],
[216392.00,3472.50],
[146013.00,15471.00],
[168262.00,9064.50],
*****************************t=63*****************************
64 generation time: 5.98 s
[140520.00,16504.50],
[149911.00,11026.50],
[161712.00,9645.00],
[185029.00,4596.50],
[139638.00,32520.50],
[140470.00,18416.50],
[216392.00,3472.50],
[146013.00,15471.00],
[168262.00,9064.50],
*****************************t=64*****************************
65 generation time: 6.08 s
[140520.00,16504.50],
[149911.00,11026.50],
[161712.00,9645.00],
[185029.00,4596.50],
[139638.00,32520.50],
[140470.00,18416.50],
[216392.00,3472.50],
[146013.00,15471.00],
[168262.00,9064.50],
*****************************t=65*****************************
66 generation time: 6.17 s
[140520.00,16504.50],
[149911.00,11026.50],
[161712.00,9645.00],
[185029.00,4596.50],
[139638.00,32520.50],
[140470.00,18416.50],
[216392.00,3472.50],
[146013.00,15471.00],
[168262.00,9064.50],
*****************************t=66*****************************
67 generation time: 6.28 s
[140520.00,16504.50],
[149911.00,11026.50],
[161712.00,9645.00],
[185029.00,4596.50],
[139638.00,32520.50],
[140470.00,18416.50],
[216392.00,3472.50],
[146013.00,15471.00],
[168262.00,9064.50],
*****************************t=67*****************************
68 generation time: 6.38 s
[140520.00,16504.50],
[149911.00,11026.50],
[161712.00,9645.00],
[185029.00,4596.50],
[139638.00,32520.50],
[140470.00,18416.50],
[216392.00,3472.50],
[146013.00,15471.00],
[168262.00,9064.50],
*****************************t=68*****************************
69 generation time: 6.48 s
[140520.00,16504.50],
[149911.00,11026.50],
[161712.00,9645.00],
[185029.00,4596.50],
[139638.00,32520.50],
[140470.00,18416.50],
[216392.00,3472.50],
[146013.00,15471.00],
[168262.00,9064.50],
*****************************t=69*****************************
70 generation time: 6.58 s
[140520.00,16504.50],
[149911.00,11026.50],
[161712.00,9645.00],
[185029.00,4596.50],
[139638.00,32520.50],
[140470.00,18416.50],
[216392.00,3472.50],
[146013.00,15471.00],
[168262.00,9064.50],
*****************************t=70*****************************
71 generation time: 6.68 s
[140520.00,16504.50],
[149911.00,11026.50],
[161712.00,9645.00],
[185029.00,4596.50],
[139638.00,32520.50],
[140470.00,18416.50],
[216392.00,3472.50],
[146013.00,15471.00],
[168262.00,9064.50],
*****************************t=71*****************************
72 generation time: 6.78 s
[140520.00,16504.50],
[149911.00,11026.50],
[161712.00,9645.00],
[185029.00,4596.50],
[139638.00,32520.50],
[140470.00,18416.50],
[216392.00,3472.50],
[146013.00,15471.00],
[168262.00,9064.50],
*****************************t=72*****************************
73 generation time: 6.88 s
[140520.00,16504.50],
[149911.00,11026.50],
[161712.00,9645.00],
[185029.00,4596.50],
[139638.00,32520.50],
[140470.00,18416.50],
[216392.00,3472.50],
[146013.00,15471.00],
[168262.00,9064.50],
*****************************t=73*****************************
74 generation time: 6.98 s
[140520.00,16504.50],
[149911.00,11026.50],
[161712.00,9645.00],
[185029.00,4596.50],
[139638.00,32520.50],
[140470.00,18416.50],
[216392.00,3472.50],
[146013.00,15471.00],
[168262.00,9064.50],
*****************************t=74*****************************
75 generation time: 7.08 s
[140520.00,16504.50],
[149911.00,11026.50],
[161712.00,9645.00],
[185029.00,4596.50],
[139638.00,32520.50],
[140470.00,18416.50],
[216392.00,3472.50],
[146013.00,15471.00],
[168262.00,9064.50],
*****************************t=75*****************************
76 generation time: 7.18 s
[140520.00,16504.50],
[149911.00,11026.50],
[161712.00,9645.00],
[185029.00,4596.50],
[139638.00,32520.50],
[140470.00,18416.50],
[216392.00,3472.50],
[146013.00,15471.00],
[168262.00,9064.50],
*****************************t=76*****************************
77 generation time: 7.28 s
[140520.00,16504.50],
[149911.00,11026.50],
[161712.00,9645.00],
[185029.00,4596.50],
[139638.00,32520.50],
[140470.00,18416.50],
[216392.00,3472.50],
[146013.00,15471.00],
[168262.00,9064.50],
*****************************t=77*****************************
78 generation time: 7.38 s
[140520.00,16504.50],
[149911.00,11026.50],
[161712.00,9645.00],
[185029.00,4596.50],
[139638.00,32520.50],
[140470.00,18416.50],
[216392.00,3472.50],
[146013.00,15471.00],
[168262.00,9064.50],
*****************************t=78*****************************
79 generation time: 7.48 s
[140520.00,16504.50],
[149911.00,11026.50],
[161712.00,9645.00],
[185029.00,4596.50],
[139638.00,32520.50],
[140470.00,18416.50],
[216392.00,3472.50],
[146013.00,15471.00],
[168262.00,9064.50],
*****************************t=79*****************************
80 generation time: 7.58 s
[140520.00,16504.50],
[149911.00,11026.50],
[161712.00,9645.00],
[185029.00,4596.50],
[139638.00,32520.50],
[140470.00,18416.50],
[216392.00,3472.50],
[146013.00,15471.00],
[168262.00,9064.50],
*****************************t=80*****************************
time to convergence: 7.65 s	
81 generation time: 7.68 s
[140520.00,16504.50],
[149911.00,11026.50],
[161712.00,9645.00],
[185029.00,4596.50],
[139638.00,32520.50],
[140470.00,18416.50],
[216392.00,3472.50],
[146013.00,15471.00],
[168262.00,9064.50],
[140406.00,32241.00],
*****************************t=81*****************************
82 generation time: 7.78 s
[140520.00,16504.50],
[149911.00,11026.50],
[161712.00,9645.00],
[185029.00,4596.50],
[139638.00,32520.50],
[140470.00,18416.50],
[216392.00,3472.50],
[146013.00,15471.00],
[168262.00,9064.50],
[140406.00,32241.00],
*****************************t=82*****************************
83 generation time: 7.89 s
[140520.00,16504.50],
[149911.00,11026.50],
[161712.00,9645.00],
[185029.00,4596.50],
[139638.00,32520.50],
[140470.00,18416.50],
[216392.00,3472.50],
[146013.00,15471.00],
[168262.00,9064.50],
[140406.00,32241.00],
*****************************t=83*****************************
84 generation time: 8.00 s
[140520.00,16504.50],
[149911.00,11026.50],
[161712.00,9645.00],
[185029.00,4596.50],
[139638.00,32520.50],
[140470.00,18416.50],
[216392.00,3472.50],
[146013.00,15471.00],
[168262.00,9064.50],
[140118.00,20313.00],
*****************************t=84*****************************
85 generation time: 8.11 s
[140520.00,16504.50],
[149911.00,11026.50],
[161712.00,9645.00],
[185029.00,4596.50],
[139638.00,32520.50],
[140470.00,18416.50],
[216392.00,3472.50],
[146013.00,15471.00],
[168262.00,9064.50],
[140118.00,20313.00],
*****************************t=85*****************************
86 generation time: 8.21 s
[140520.00,16504.50],
[149911.00,11026.50],
[161712.00,9645.00],
[185029.00,4596.50],
[139638.00,32520.50],
[140470.00,18416.50],
[216392.00,3472.50],
[146013.00,15471.00],
[168262.00,9064.50],
[140118.00,20313.00],
*****************************t=86*****************************
87 generation time: 8.32 s
[140520.00,16504.50],
[145173.00,8214.50],
[185029.00,4596.50],
[139638.00,32520.50],
[140470.00,18416.50],
[216392.00,3472.50],
[140118.00,20313.00],
*****************************t=87*****************************
88 generation time: 8.41 s
[140520.00,16504.50],
[145173.00,8214.50],
[185029.00,4596.50],
[139638.00,32520.50],
[140470.00,18416.50],
[216392.00,3472.50],
[140118.00,20313.00],
*****************************t=88*****************************
89 generation time: 8.52 s
[140520.00,16504.50],
[145173.00,8214.50],
[185029.00,4596.50],
[139638.00,32520.50],
[140470.00,18416.50],
[216392.00,3472.50],
[140118.00,20313.00],
*****************************t=89*****************************
90 generation time: 8.62 s
[140520.00,16504.50],
[145173.00,8214.50],
[185029.00,4596.50],
[139638.00,32520.50],
[140470.00,18416.50],
[216392.00,3472.50],
[140118.00,20313.00],
*****************************t=90*****************************
91 generation time: 8.73 s
[140520.00,16504.50],
[145173.00,8214.50],
[185029.00,4596.50],
[139638.00,32520.50],
[140470.00,18416.50],
[216392.00,3472.50],
[140118.00,20313.00],
*****************************t=91*****************************
92 generation time: 8.83 s
[140520.00,16504.50],
[145173.00,8214.50],
[185029.00,4596.50],
[139638.00,32520.50],
[140470.00,18416.50],
[216392.00,3472.50],
[140118.00,20313.00],
*****************************t=92*****************************
93 generation time: 8.93 s
[140520.00,16504.50],
[145173.00,8214.50],
[185029.00,4596.50],
[139638.00,32520.50],
[140470.00,18416.50],
[216392.00,3472.50],
[140118.00,20313.00],
*****************************t=93*****************************
94 generation time: 9.04 s
[140520.00,16504.50],
[145173.00,8214.50],
[185029.00,4596.50],
[139638.00,32520.50],
[140470.00,18416.50],
[216392.00,3472.50],
[140118.00,20313.00],
*****************************t=94*****************************
95 generation time: 9.14 s
[140520.00,16504.50],
[145173.00,8214.50],
[185029.00,4596.50],
[139638.00,32520.50],
[140470.00,18416.50],
[216392.00,3472.50],
[140118.00,20313.00],
*****************************t=95*****************************
96 generation time: 9.24 s
[140520.00,16504.50],
[145173.00,8214.50],
[185029.00,4596.50],
[139638.00,32520.50],
[140470.00,18416.50],
[216392.00,3472.50],
[140118.00,20313.00],
*****************************t=96*****************************
97 generation time: 9.34 s
[140520.00,16504.50],
[145173.00,8214.50],
[185029.00,4596.50],
[139638.00,32520.50],
[140470.00,18416.50],
[216392.00,3472.50],
[140118.00,20313.00],
*****************************t=97*****************************
98 generation time: 9.45 s
[140520.00,16504.50],
[145173.00,8214.50],
[185029.00,4596.50],
[139638.00,32520.50],
[140470.00,18416.50],
[216392.00,3472.50],
[140118.00,20313.00],
*****************************t=98*****************************
99 generation time: 9.55 s
[140520.00,16504.50],
[145173.00,8214.50],
[161712.00,640.50],
[139638.00,32520.50],
[140470.00,18416.50],
[140118.00,20313.00],
*****************************t=99*****************************
100 generation time: 9.64 s
[140520.00,16504.50],
[145173.00,8214.50],
[161712.00,640.50],
[139638.00,32520.50],
[140470.00,18416.50],
[140118.00,20313.00],
[140520.00,16504.50],
[145173.00,8214.50],
[161712.00,640.50],
[139638.00,32520.50],
[140470.00,18416.50],
[140118.00,20313.00],
tot = 6
total time: 9.71 s
