m = 4 n = 14
pop = 30 gen = 100
init...begin
init...done
*****************************t=0*****************************
time to convergence: 0.06 s	
1 generation time: 0.09 s
[150921.00,44511.00],
[162376.00,15415.50],
*****************************t=1*****************************
time to convergence: 0.16 s	
2 generation time: 0.19 s
[150921.00,44511.00],
[162376.00,15415.50],
[221270.00,15052.50],
*****************************t=2*****************************
3 generation time: 0.28 s
[150802.00,41677.00],
[162376.00,15415.50],
[169047.00,14557.50],
*****************************t=3*****************************
time to convergence: 0.34 s	
4 generation time: 0.38 s
[150802.00,41677.00],
[162376.00,15415.50],
[169047.00,14557.50],
[152508.00,24282.50],
*****************************t=4*****************************
time to convergence: 0.44 s	
5 generation time: 0.48 s
[142787.00,36557.00],
[162376.00,15415.50],
[169047.00,14557.50],
[152508.00,24282.50],
[189086.00,13529.00],
*****************************t=5*****************************
time to convergence: 0.54 s	
time to convergence: 0.54 s	
time to convergence: 0.54 s	
6 generation time: 0.58 s
[142787.00,36557.00],
[162376.00,15415.50],
[169047.00,14557.50],
[151369.00,20951.00],
[189086.00,13529.00],
[150041.00,25897.00],
[154563.00,20586.50],
[215412.00,10972.50],
*****************************t=6*****************************
7 generation time: 0.67 s
[142787.00,36557.00],
[162376.00,15415.50],
[169047.00,14557.50],
[151369.00,20951.00],
[189086.00,13529.00],
[150041.00,25897.00],
[154563.00,20586.50],
[215412.00,10972.50],
*****************************t=7*****************************
8 generation time: 0.77 s
[142787.00,36557.00],
[162376.00,15415.50],
[169047.00,14557.50],
[151369.00,20951.00],
[189086.00,13529.00],
[150041.00,25897.00],
[154563.00,20586.50],
[215412.00,10972.50],
*****************************t=8*****************************
9 generation time: 0.87 s
[142787.00,36557.00],
[162376.00,15415.50],
[169047.00,14557.50],
[151369.00,20951.00],
[189086.00,13529.00],
[150041.00,25897.00],
[154563.00,20586.50],
[215412.00,10972.50],
*****************************t=9*****************************
time to convergence: 0.93 s	
time to convergence: 0.93 s	
10 generation time: 0.97 s
[142787.00,36557.00],
[162376.00,15415.50],
[169047.00,14557.50],
[151197.00,20031.00],
[189086.00,13529.00],
[150041.00,25897.00],
[215412.00,10972.50],
[141144.00,46519.00],
[143271.00,26869.00],
*****************************t=10*****************************
11 generation time: 1.06 s
[142787.00,36557.00],
[162376.00,15415.50],
[169047.00,14557.50],
[151197.00,20031.00],
[189086.00,13529.00],
[150041.00,25897.00],
[215412.00,10972.50],
[141144.00,46519.00],
[143271.00,26869.00],
*****************************t=11*****************************
12 generation time: 1.16 s
[142787.00,36557.00],
[162376.00,15415.50],
[169047.00,14557.50],
[151197.00,20031.00],
[189086.00,13529.00],
[150041.00,25897.00],
[215412.00,10972.50],
[141144.00,46519.00],
[143271.00,26869.00],
*****************************t=12*****************************
time to convergence: 1.23 s	
13 generation time: 1.27 s
[142787.00,36557.00],
[162376.00,15415.50],
[169047.00,14557.50],
[151197.00,20031.00],
[180889.00,12457.00],
[150041.00,25897.00],
[189104.00,9186.50],
[141144.00,46519.00],
[143271.00,26869.00],
[141220.00,38591.00],
*****************************t=13*****************************
14 generation time: 1.36 s
[142787.00,36557.00],
[151717.00,12629.00],
[162573.00,11729.50],
[151197.00,20031.00],
[150041.00,25897.00],
[189104.00,9186.50],
[141144.00,46519.00],
[143271.00,26869.00],
[141220.00,38591.00],
*****************************t=14*****************************
time to convergence: 1.42 s	
15 generation time: 1.46 s
[142787.00,36557.00],
[151717.00,12629.00],
[162573.00,11729.50],
[151197.00,20031.00],
[150041.00,25897.00],
[189104.00,9186.50],
[141144.00,46519.00],
[143271.00,26869.00],
[141220.00,38591.00],
[149673.00,26124.50],
*****************************t=15*****************************
time to convergence: 1.53 s	
time to convergence: 1.53 s	
16 generation time: 1.56 s
[142787.00,36557.00],
[151717.00,12629.00],
[162573.00,11729.50],
[151197.00,20031.00],
[149881.00,21309.00],
[189104.00,9186.50],
[141144.00,46519.00],
[143271.00,26869.00],
[141220.00,38591.00],
[149673.00,26124.50],
[139670.00,49503.00],
[180129.00,9829.00],
*****************************t=16*****************************
17 generation time: 1.66 s
[139558.00,35225.00],
[151717.00,12629.00],
[162573.00,11729.50],
[151197.00,20031.00],
[149881.00,21309.00],
[189104.00,9186.50],
[143271.00,26869.00],
[149673.00,26124.50],
[180129.00,9829.00],
*****************************t=17*****************************
18 generation time: 1.76 s
[139558.00,35225.00],
[151717.00,12629.00],
[162573.00,11729.50],
[151197.00,20031.00],
[149881.00,21309.00],
[189104.00,9186.50],
[143271.00,26869.00],
[149673.00,26124.50],
[180129.00,9829.00],
*****************************t=18*****************************
19 generation time: 1.85 s
[139558.00,35225.00],
[151717.00,12629.00],
[154211.00,11026.50],
[151197.00,20031.00],
[149881.00,21309.00],
[189104.00,9186.50],
[143271.00,26869.00],
[149673.00,26124.50],
[180129.00,9829.00],
*****************************t=19*****************************
20 generation time: 1.95 s
[139558.00,35225.00],
[151717.00,12629.00],
[154211.00,11026.50],
[151197.00,20031.00],
[149881.00,21309.00],
[189104.00,9186.50],
[143271.00,26869.00],
[149673.00,26124.50],
[180129.00,9829.00],
*****************************t=20*****************************
21 generation time: 2.04 s
[139558.00,35225.00],
[151717.00,12629.00],
[154211.00,11026.50],
[141106.00,13601.00],
[189104.00,9186.50],
[180129.00,9829.00],
*****************************t=21*****************************
22 generation time: 2.14 s
[139558.00,35225.00],
[151717.00,12629.00],
[154211.00,11026.50],
[141106.00,13601.00],
[189104.00,9186.50],
[180129.00,9829.00],
*****************************t=22*****************************
23 generation time: 2.24 s
[139558.00,35225.00],
[151717.00,12629.00],
[154211.00,11026.50],
[141106.00,13601.00],
[189104.00,9186.50],
[180129.00,9829.00],
*****************************t=23*****************************
24 generation time: 2.34 s
[139558.00,35225.00],
[151717.00,12629.00],
[154211.00,11026.50],
[141106.00,13601.00],
[189104.00,9186.50],
[180129.00,9829.00],
*****************************t=24*****************************
25 generation time: 2.43 s
[139558.00,35225.00],
[151717.00,12629.00],
[154211.00,11026.50],
[141106.00,13601.00],
[189104.00,9186.50],
[180129.00,9829.00],
*****************************t=25*****************************
26 generation time: 2.53 s
[139558.00,35225.00],
[151717.00,12629.00],
[154211.00,11026.50],
[141106.00,13601.00],
[189104.00,9186.50],
[180129.00,9829.00],
*****************************t=26*****************************
time to convergence: 2.60 s	
27 generation time: 2.63 s
[139558.00,35225.00],
[151717.00,12629.00],
[154211.00,11026.50],
[141106.00,13601.00],
[189104.00,9186.50],
[180129.00,9829.00],
[140260.00,15539.00],
*****************************t=27*****************************
time to convergence: 2.69 s	
28 generation time: 2.73 s
[139558.00,35225.00],
[151717.00,12629.00],
[154211.00,11026.50],
[141106.00,13601.00],
[189104.00,9186.50],
[180129.00,9829.00],
[140260.00,15539.00],
[162146.00,10971.00],
*****************************t=28*****************************
29 generation time: 2.83 s
[139558.00,35225.00],
[151717.00,12629.00],
[154211.00,11026.50],
[141106.00,13601.00],
[189104.00,9186.50],
[180129.00,9829.00],
[140260.00,15539.00],
[162146.00,10971.00],
*****************************t=29*****************************
30 generation time: 2.92 s
[139558.00,35225.00],
[151717.00,12629.00],
[154211.00,11026.50],
[141106.00,13601.00],
[189104.00,9186.50],
[180129.00,9829.00],
[140260.00,15539.00],
[162146.00,10971.00],
*****************************t=30*****************************
31 generation time: 3.01 s
[139558.00,35225.00],
[151717.00,12629.00],
[154211.00,11026.50],
[141106.00,13601.00],
[189104.00,9186.50],
[180129.00,9829.00],
[140260.00,15539.00],
[162146.00,10971.00],
*****************************t=31*****************************
32 generation time: 3.11 s
[139558.00,35225.00],
[151717.00,12629.00],
[154211.00,11026.50],
[141106.00,13601.00],
[189104.00,9186.50],
[180129.00,9829.00],
[140260.00,15539.00],
[162146.00,10971.00],
*****************************t=32*****************************
time to convergence: 3.17 s	
33 generation time: 3.20 s
[139558.00,35225.00],
[151717.00,12629.00],
[154211.00,11026.50],
[141106.00,13601.00],
[189104.00,9186.50],
[180129.00,9829.00],
[140260.00,15539.00],
[162146.00,10971.00],
[206165.00,7129.00],
*****************************t=33*****************************
34 generation time: 3.30 s
[139558.00,35225.00],
[151717.00,12629.00],
[154211.00,11026.50],
[141106.00,13601.00],
[189104.00,9186.50],
[180129.00,9829.00],
[140260.00,15539.00],
[162146.00,10971.00],
[206165.00,7129.00],
*****************************t=34*****************************
35 generation time: 3.40 s
[139558.00,35225.00],
[151717.00,12629.00],
[154211.00,11026.50],
[141106.00,13601.00],
[189104.00,9186.50],
[180129.00,9829.00],
[140260.00,15539.00],
[162146.00,10971.00],
[206165.00,7129.00],
*****************************t=35*****************************
time to convergence: 3.45 s	
36 generation time: 3.49 s
[139558.00,35225.00],
[151717.00,12629.00],
[154211.00,11026.50],
[141106.00,13601.00],
[189104.00,9186.50],
[180129.00,9829.00],
[140260.00,15539.00],
[162146.00,10971.00],
[206165.00,7129.00],
[151350.00,13229.50],
*****************************t=36*****************************
37 generation time: 3.59 s
[139558.00,35225.00],
[151717.00,12629.00],
[154211.00,11026.50],
[141106.00,13601.00],
[189104.00,9186.50],
[180129.00,9829.00],
[140260.00,15539.00],
[162146.00,10971.00],
[206165.00,7129.00],
[151350.00,13229.50],
*****************************t=37*****************************
38 generation time: 3.68 s
[139558.00,35225.00],
[151717.00,12629.00],
[154211.00,11026.50],
[141106.00,13601.00],
[189104.00,9186.50],
[180129.00,9829.00],
[140260.00,15539.00],
[162146.00,10971.00],
[206165.00,7129.00],
[151350.00,13229.50],
*****************************t=38*****************************
39 generation time: 3.77 s
[139342.00,20231.00],
[151717.00,12629.00],
[154211.00,11026.50],
[141106.00,13601.00],
[189104.00,9186.50],
[180129.00,9829.00],
[140260.00,15539.00],
[162146.00,10971.00],
[206165.00,7129.00],
[151350.00,13229.50],
*****************************t=39*****************************
40 generation time: 3.86 s
[139342.00,20231.00],
[151717.00,12629.00],
[154211.00,11026.50],
[141106.00,13601.00],
[189104.00,9186.50],
[180129.00,9829.00],
[140260.00,15539.00],
[162146.00,10971.00],
[206165.00,7129.00],
[151350.00,13229.50],
*****************************t=40*****************************
41 generation time: 3.96 s
[139342.00,20231.00],
[151717.00,12629.00],
[154211.00,11026.50],
[141106.00,13601.00],
[189104.00,9186.50],
[180129.00,9829.00],
[140260.00,15539.00],
[162146.00,10971.00],
[206165.00,7129.00],
[151350.00,13229.50],
*****************************t=41*****************************
42 generation time: 4.07 s
[139342.00,20231.00],
[151717.00,12629.00],
[154211.00,11026.50],
[141106.00,13601.00],
[189104.00,9186.50],
[180129.00,9829.00],
[140260.00,15539.00],
[162146.00,10971.00],
[206165.00,7129.00],
[151350.00,13229.50],
*****************************t=42*****************************
43 generation time: 4.16 s
[139342.00,20231.00],
[151717.00,12629.00],
[154211.00,11026.50],
[141106.00,13601.00],
[189104.00,9186.50],
[180129.00,9829.00],
[140260.00,15539.00],
[162146.00,10971.00],
[206165.00,7129.00],
[151350.00,13229.50],
*****************************t=43*****************************
44 generation time: 4.25 s
[139342.00,20231.00],
[151717.00,12629.00],
[154211.00,11026.50],
[141106.00,13601.00],
[189104.00,9186.50],
[180129.00,9829.00],
[140260.00,15539.00],
[162146.00,10971.00],
[206165.00,7129.00],
[151350.00,13229.50],
*****************************t=44*****************************
45 generation time: 4.36 s
[139342.00,20231.00],
[151717.00,12629.00],
[154211.00,11026.50],
[141106.00,13601.00],
[189104.00,9186.50],
[180129.00,9829.00],
[140260.00,15539.00],
[162146.00,10971.00],
[206165.00,7129.00],
[151350.00,13229.50],
*****************************t=45*****************************
time to convergence: 4.43 s	
46 generation time: 4.46 s
[139342.00,20231.00],
[151717.00,12629.00],
[154211.00,11026.50],
[141106.00,13601.00],
[189104.00,9186.50],
[180129.00,9829.00],
[140260.00,15539.00],
[162146.00,10971.00],
[206165.00,7129.00],
[151350.00,13229.50],
[139550.00,15842.50],
*****************************t=46*****************************
47 generation time: 4.57 s
[139342.00,20231.00],
[151717.00,12629.00],
[154211.00,11026.50],
[141106.00,13601.00],
[189104.00,9186.50],
[180129.00,9829.00],
[140260.00,15539.00],
[162146.00,10971.00],
[206165.00,7129.00],
[151350.00,13229.50],
[139550.00,15842.50],
*****************************t=47*****************************
48 generation time: 4.68 s
[139342.00,20231.00],
[151717.00,12629.00],
[153968.00,9631.50],
[141106.00,13601.00],
[189104.00,9186.50],
[140260.00,15539.00],
[206165.00,7129.00],
[151350.00,13229.50],
[139550.00,15842.50],
*****************************t=48*****************************
49 generation time: 4.78 s
[139342.00,20231.00],
[151717.00,12629.00],
[153968.00,9631.50],
[141106.00,13601.00],
[189104.00,9186.50],
[140260.00,15539.00],
[206165.00,7129.00],
[151350.00,13229.50],
[139550.00,15842.50],
*****************************t=49*****************************
50 generation time: 4.88 s
[139342.00,20231.00],
[151717.00,12629.00],
[153968.00,9631.50],
[141106.00,13601.00],
[189104.00,9186.50],
[140260.00,15539.00],
[206165.00,7129.00],
[151350.00,13229.50],
[139550.00,15842.50],
*****************************t=50*****************************
51 generation time: 4.98 s
[139342.00,20231.00],
[151717.00,12629.00],
[153968.00,9631.50],
[141106.00,13601.00],
[189104.00,9186.50],
[140260.00,15539.00],
[206165.00,7129.00],
[151350.00,13229.50],
[139550.00,15842.50],
*****************************t=51*****************************
52 generation time: 5.09 s
[139342.00,20231.00],
[151717.00,12629.00],
[153968.00,9631.50],
[141106.00,13601.00],
[189104.00,9186.50],
[140260.00,15539.00],
[206165.00,7129.00],
[151350.00,13229.50],
[139550.00,15842.50],
*****************************t=52*****************************
53 generation time: 5.19 s
[139342.00,20231.00],
[151717.00,12629.00],
[153968.00,9631.50],
[141106.00,13601.00],
[189104.00,9186.50],
[140260.00,15539.00],
[206165.00,7129.00],
[151350.00,13229.50],
[139550.00,15842.50],
*****************************t=53*****************************
54 generation time: 5.29 s
[139342.00,20231.00],
[151717.00,12629.00],
[153968.00,9631.50],
[141106.00,13601.00],
[189104.00,9186.50],
[140260.00,15539.00],
[206165.00,7129.00],
[151350.00,13229.50],
[139550.00,15842.50],
*****************************t=54*****************************
55 generation time: 5.39 s
[139342.00,20231.00],
[151717.00,12629.00],
[153968.00,9631.50],
[141106.00,13601.00],
[189104.00,9186.50],
[140260.00,15539.00],
[206165.00,7129.00],
[151350.00,13229.50],
[139550.00,15842.50],
*****************************t=55*****************************
56 generation time: 5.50 s
[139342.00,20231.00],
[151717.00,12629.00],
[153968.00,9631.50],
[141106.00,13601.00],
[189104.00,9186.50],
[140260.00,15539.00],
[206165.00,7129.00],
[151350.00,13229.50],
[139550.00,15842.50],
*****************************t=56*****************************
57 generation time: 5.60 s
[139342.00,20231.00],
[151717.00,12629.00],
[153968.00,9631.50],
[141106.00,13601.00],
[189104.00,9186.50],
[140260.00,15539.00],
[206165.00,7129.00],
[151350.00,13229.50],
[139550.00,15842.50],
*****************************t=57*****************************
58 generation time: 5.71 s
[139342.00,20231.00],
[151717.00,12629.00],
[153968.00,9631.50],
[141106.00,13601.00],
[189104.00,9186.50],
[140260.00,15539.00],
[206165.00,7129.00],
[151350.00,13229.50],
[139550.00,15842.50],
*****************************t=58*****************************
59 generation time: 5.80 s
[139342.00,20231.00],
[151717.00,12629.00],
[153968.00,9631.50],
[141106.00,13601.00],
[189104.00,9186.50],
[140260.00,15539.00],
[206165.00,7129.00],
[151350.00,13229.50],
[139550.00,15842.50],
*****************************t=59*****************************
60 generation time: 5.91 s
[139342.00,20231.00],
[151717.00,12629.00],
[153968.00,9631.50],
[141106.00,13601.00],
[189104.00,9186.50],
[140260.00,15539.00],
[206165.00,7129.00],
[151350.00,13229.50],
[139550.00,15842.50],
*****************************t=60*****************************
61 generation time: 6.01 s
[139342.00,20231.00],
[151717.00,12629.00],
[153968.00,9631.50],
[141106.00,13601.00],
[189104.00,9186.50],
[140260.00,15539.00],
[206165.00,7129.00],
[151350.00,13229.50],
[139550.00,15842.50],
*****************************t=61*****************************
62 generation time: 6.11 s
[139342.00,20231.00],
[151717.00,12629.00],
[153968.00,9631.50],
[141106.00,13601.00],
[189104.00,9186.50],
[140260.00,15539.00],
[206165.00,7129.00],
[151350.00,13229.50],
[139550.00,15842.50],
*****************************t=62*****************************
63 generation time: 6.21 s
[139342.00,20231.00],
[143660.00,10006.50],
[153968.00,9631.50],
[141106.00,13601.00],
[189104.00,9186.50],
[140260.00,15539.00],
[206165.00,7129.00],
[139550.00,15842.50],
*****************************t=63*****************************
64 generation time: 6.31 s
[139342.00,20231.00],
[143660.00,10006.50],
[153968.00,9631.50],
[141106.00,13601.00],
[189104.00,9186.50],
[140260.00,15539.00],
[206165.00,7129.00],
[139550.00,15842.50],
*****************************t=64*****************************
65 generation time: 6.40 s
[139342.00,20231.00],
[143660.00,10006.50],
[153968.00,9631.50],
[140040.00,11886.50],
[189104.00,9186.50],
[206165.00,7129.00],
[139550.00,15842.50],
*****************************t=65*****************************
66 generation time: 6.49 s
[139342.00,20231.00],
[143660.00,10006.50],
[153968.00,9631.50],
[140040.00,11886.50],
[189104.00,9186.50],
[206165.00,7129.00],
[139550.00,15842.50],
*****************************t=66*****************************
time to convergence: 6.56 s	
67 generation time: 6.59 s
[139342.00,20231.00],
[143660.00,10006.50],
[153968.00,9631.50],
[140040.00,11886.50],
[189104.00,9186.50],
[206165.00,7129.00],
[139550.00,15842.50],
[135895.00,21380.50],
*****************************t=67*****************************
68 generation time: 6.69 s
[139342.00,20231.00],
[143660.00,10006.50],
[153968.00,9631.50],
[140040.00,11886.50],
[189104.00,9186.50],
[206165.00,7129.00],
[139550.00,15842.50],
[135895.00,21380.50],
*****************************t=68*****************************
69 generation time: 6.78 s
[139342.00,20231.00],
[143660.00,10006.50],
[153968.00,9631.50],
[140040.00,11886.50],
[189104.00,9186.50],
[206165.00,7129.00],
[139550.00,15842.50],
[135895.00,21380.50],
*****************************t=69*****************************
70 generation time: 6.88 s
[139342.00,20231.00],
[143660.00,10006.50],
[153968.00,9631.50],
[140040.00,11886.50],
[189104.00,9186.50],
[206165.00,7129.00],
[139550.00,15842.50],
[135895.00,21380.50],
*****************************t=70*****************************
71 generation time: 6.99 s
[139342.00,20231.00],
[143660.00,10006.50],
[153968.00,9631.50],
[140040.00,11886.50],
[189104.00,9186.50],
[206165.00,7129.00],
[139550.00,15842.50],
[135895.00,21380.50],
*****************************t=71*****************************
72 generation time: 7.09 s
[139342.00,20231.00],
[143660.00,10006.50],
[153968.00,9631.50],
[140040.00,11886.50],
[189104.00,9186.50],
[206165.00,7129.00],
[139550.00,15842.50],
[135895.00,21380.50],
*****************************t=72*****************************
time to convergence: 7.16 s	
73 generation time: 7.20 s
[139342.00,20231.00],
[143660.00,10006.50],
[153968.00,9631.50],
[140040.00,11886.50],
[189104.00,9186.50],
[206165.00,7129.00],
[139550.00,15842.50],
[135895.00,21380.50],
[194154.00,9034.50],
*****************************t=73*****************************
74 generation time: 7.30 s
[139342.00,20231.00],
[143660.00,10006.50],
[153968.00,9631.50],
[140040.00,11886.50],
[189104.00,9186.50],
[206165.00,7129.00],
[139550.00,15842.50],
[135895.00,21380.50],
[194154.00,9034.50],
*****************************t=74*****************************
75 generation time: 7.40 s
[139342.00,20231.00],
[143660.00,10006.50],
[153968.00,9631.50],
[140040.00,11886.50],
[189104.00,9186.50],
[206165.00,7129.00],
[139550.00,15842.50],
[135895.00,21380.50],
[194154.00,9034.50],
*****************************t=75*****************************
76 generation time: 7.50 s
[139342.00,20231.00],
[143660.00,10006.50],
[153968.00,9631.50],
[140040.00,11886.50],
[189104.00,9186.50],
[206165.00,7129.00],
[139550.00,15842.50],
[135895.00,21380.50],
[194154.00,9034.50],
*****************************t=76*****************************
77 generation time: 7.61 s
[139342.00,20231.00],
[143660.00,10006.50],
[153968.00,9631.50],
[140040.00,11886.50],
[189104.00,9186.50],
[206165.00,7129.00],
[139550.00,15842.50],
[135895.00,21380.50],
[194154.00,9034.50],
*****************************t=77*****************************
78 generation time: 7.71 s
[139342.00,20231.00],
[143660.00,10006.50],
[153968.00,9631.50],
[140040.00,11886.50],
[189104.00,9186.50],
[206165.00,7129.00],
[139550.00,15842.50],
[135895.00,21380.50],
[190441.00,7221.00],
*****************************t=78*****************************
79 generation time: 7.81 s
[139342.00,20231.00],
[143660.00,10006.50],
[153968.00,9631.50],
[140040.00,11886.50],
[189104.00,9186.50],
[206165.00,7129.00],
[139550.00,15842.50],
[135895.00,21380.50],
[190441.00,7221.00],
*****************************t=79*****************************
80 generation time: 7.91 s
[139342.00,20231.00],
[143660.00,10006.50],
[153968.00,9631.50],
[140040.00,11886.50],
[189104.00,9186.50],
[206165.00,7129.00],
[139550.00,15842.50],
[135895.00,21380.50],
[190441.00,7221.00],
*****************************t=80*****************************
81 generation time: 8.00 s
[139342.00,20231.00],
[143660.00,10006.50],
[153968.00,9631.50],
[140040.00,11886.50],
[189104.00,9186.50],
[206165.00,7129.00],
[139550.00,15842.50],
[135895.00,21380.50],
[190441.00,7221.00],
*****************************t=81*****************************
82 generation time: 8.10 s
[139342.00,20231.00],
[143660.00,10006.50],
[153968.00,9631.50],
[140040.00,11886.50],
[189104.00,9186.50],
[206165.00,7129.00],
[139550.00,15842.50],
[135895.00,21380.50],
[190441.00,7221.00],
*****************************t=82*****************************
83 generation time: 8.20 s
[139342.00,20231.00],
[143660.00,10006.50],
[153968.00,9631.50],
[140040.00,11886.50],
[189104.00,9186.50],
[206165.00,7129.00],
[139550.00,15842.50],
[135895.00,21380.50],
[190441.00,7221.00],
*****************************t=83*****************************
84 generation time: 8.29 s
[139342.00,20231.00],
[143660.00,10006.50],
[153968.00,9631.50],
[140040.00,11886.50],
[189104.00,9186.50],
[206165.00,7129.00],
[139550.00,15842.50],
[135895.00,21380.50],
[190441.00,7221.00],
*****************************t=84*****************************
85 generation time: 8.39 s
[139342.00,20231.00],
[143660.00,10006.50],
[153968.00,9631.50],
[140040.00,11886.50],
[189104.00,9186.50],
[206165.00,7129.00],
[139550.00,15842.50],
[135895.00,21380.50],
[190441.00,7221.00],
*****************************t=85*****************************
86 generation time: 8.49 s
[139342.00,20231.00],
[143660.00,10006.50],
[153968.00,9631.50],
[140040.00,11886.50],
[189104.00,9186.50],
[206165.00,7129.00],
[139550.00,15842.50],
[135895.00,21380.50],
[190441.00,7221.00],
*****************************t=86*****************************
87 generation time: 8.59 s
[139342.00,20231.00],
[143660.00,10006.50],
[153968.00,9631.50],
[140040.00,11886.50],
[189104.00,9186.50],
[206165.00,7129.00],
[139550.00,15842.50],
[135895.00,21380.50],
[190441.00,7221.00],
*****************************t=87*****************************
88 generation time: 8.69 s
[139342.00,20231.00],
[143660.00,10006.50],
[153968.00,9631.50],
[140040.00,11886.50],
[189104.00,9186.50],
[206165.00,7129.00],
[139550.00,15842.50],
[135895.00,21380.50],
[190441.00,7221.00],
*****************************t=88*****************************
89 generation time: 8.78 s
[139342.00,20231.00],
[143660.00,10006.50],
[153968.00,9631.50],
[140040.00,11886.50],
[189104.00,9186.50],
[206165.00,7129.00],
[139550.00,15842.50],
[135895.00,21380.50],
[190441.00,7221.00],
*****************************t=89*****************************
90 generation time: 8.87 s
[139342.00,20231.00],
[143660.00,10006.50],
[153968.00,9631.50],
[140040.00,11886.50],
[189104.00,9186.50],
[206165.00,7129.00],
[139550.00,15842.50],
[135895.00,21380.50],
[190441.00,7221.00],
*****************************t=90*****************************
time to convergence: 8.94 s	
91 generation time: 8.97 s
[139342.00,20231.00],
[143660.00,10006.50],
[153968.00,9631.50],
[140040.00,11886.50],
[189104.00,9186.50],
[206165.00,7129.00],
[139550.00,15842.50],
[135895.00,21380.50],
[190441.00,7221.00],
[145894.00,9727.00],
*****************************t=91*****************************
92 generation time: 9.07 s
[139342.00,20231.00],
[143660.00,10006.50],
[153968.00,9631.50],
[140040.00,11886.50],
[189104.00,9186.50],
[206165.00,7129.00],
[139550.00,15842.50],
[135895.00,21380.50],
[190441.00,7221.00],
[145894.00,9727.00],
*****************************t=92*****************************
93 generation time: 9.16 s
[139342.00,20231.00],
[143660.00,10006.50],
[153968.00,9631.50],
[140040.00,11886.50],
[189104.00,9186.50],
[206165.00,7129.00],
[139550.00,15842.50],
[135895.00,21380.50],
[190441.00,7221.00],
[145894.00,9727.00],
*****************************t=93*****************************
94 generation time: 9.26 s
[139342.00,20231.00],
[143660.00,10006.50],
[151227.00,4596.50],
[140040.00,11886.50],
[139550.00,15842.50],
[135895.00,21380.50],
[145894.00,9727.00],
*****************************t=94*****************************
95 generation time: 9.35 s
[139342.00,20231.00],
[143660.00,10006.50],
[151227.00,4596.50],
[140040.00,11886.50],
[139550.00,15842.50],
[135895.00,21380.50],
[145894.00,9727.00],
*****************************t=95*****************************
96 generation time: 9.44 s
[139342.00,20231.00],
[143660.00,10006.50],
[151227.00,4596.50],
[140040.00,11886.50],
[139550.00,15842.50],
[135895.00,21380.50],
[145894.00,9727.00],
*****************************t=96*****************************
97 generation time: 9.54 s
[139342.00,20231.00],
[143660.00,10006.50],
[151227.00,4596.50],
[140040.00,11886.50],
[139550.00,15842.50],
[135895.00,21380.50],
[145894.00,9727.00],
*****************************t=97*****************************
time to convergence: 9.61 s	
98 generation time: 9.64 s
[139342.00,20231.00],
[143660.00,10006.50],
[151227.00,4596.50],
[140040.00,11886.50],
[139550.00,15842.50],
[135895.00,21380.50],
[145894.00,9727.00],
[200604.00,2643.00],
*****************************t=98*****************************
99 generation time: 9.73 s
[139342.00,20231.00],
[143660.00,10006.50],
[151227.00,4596.50],
[140040.00,11886.50],
[139550.00,15842.50],
[135895.00,21380.50],
[145894.00,9727.00],
[200604.00,2643.00],
*****************************t=99*****************************
100 generation time: 9.83 s
[139342.00,20231.00],
[143660.00,10006.50],
[151227.00,4596.50],
[140040.00,11886.50],
[139550.00,15842.50],
[135895.00,21380.50],
[145894.00,9727.00],
[200604.00,2643.00],
[139342.00,20231.00],
[143660.00,10006.50],
[151227.00,4596.50],
[140040.00,11886.50],
[139550.00,15842.50],
[135895.00,21380.50],
[145894.00,9727.00],
[200604.00,2643.00],
tot = 8
total time: 9.88 s
