m = 4 n = 14
pop = 30 gen = 100
init...begin
init...done
*****************************t=0*****************************
time to convergence: 0.05 s	
1 generation time: 0.08 s
[150921.00,44511.00],
[162376.00,15415.50],
*****************************t=1*****************************
time to convergence: 0.14 s	
2 generation time: 0.16 s
[150921.00,44511.00],
[162376.00,15415.50],
[221270.00,15052.50],
*****************************t=2*****************************
3 generation time: 0.24 s
[150802.00,41677.00],
[162376.00,15415.50],
[169047.00,14557.50],
*****************************t=3*****************************
time to convergence: 0.30 s	
4 generation time: 0.33 s
[150802.00,41677.00],
[162376.00,15415.50],
[169047.00,14557.50],
[152508.00,24282.50],
*****************************t=4*****************************
time to convergence: 0.39 s	
5 generation time: 0.41 s
[142787.00,36557.00],
[162376.00,15415.50],
[169047.00,14557.50],
[152508.00,24282.50],
[189086.00,13529.00],
*****************************t=5*****************************
time to convergence: 0.47 s	
time to convergence: 0.47 s	
time to convergence: 0.47 s	
6 generation time: 0.50 s
[142787.00,36557.00],
[162376.00,15415.50],
[169047.00,14557.50],
[151369.00,20951.00],
[189086.00,13529.00],
[150041.00,25897.00],
[154563.00,20586.50],
[215412.00,10972.50],
*****************************t=6*****************************
7 generation time: 0.58 s
[142787.00,36557.00],
[162376.00,15415.50],
[169047.00,14557.50],
[151369.00,20951.00],
[189086.00,13529.00],
[150041.00,25897.00],
[154563.00,20586.50],
[215412.00,10972.50],
*****************************t=7*****************************
8 generation time: 0.66 s
[142787.00,36557.00],
[162376.00,15415.50],
[169047.00,14557.50],
[151369.00,20951.00],
[189086.00,13529.00],
[150041.00,25897.00],
[154563.00,20586.50],
[215412.00,10972.50],
*****************************t=8*****************************
9 generation time: 0.74 s
[142787.00,36557.00],
[162376.00,15415.50],
[169047.00,14557.50],
[151369.00,20951.00],
[189086.00,13529.00],
[150041.00,25897.00],
[154563.00,20586.50],
[215412.00,10972.50],
*****************************t=9*****************************
time to convergence: 0.80 s	
time to convergence: 0.80 s	
10 generation time: 0.83 s
[142787.00,36557.00],
[162376.00,15415.50],
[169047.00,14557.50],
[151197.00,20031.00],
[189086.00,13529.00],
[150041.00,25897.00],
[215412.00,10972.50],
[141144.00,46519.00],
[143271.00,26869.00],
*****************************t=10*****************************
11 generation time: 0.91 s
[142787.00,36557.00],
[162376.00,15415.50],
[169047.00,14557.50],
[151197.00,20031.00],
[189086.00,13529.00],
[150041.00,25897.00],
[215412.00,10972.50],
[141144.00,46519.00],
[143271.00,26869.00],
*****************************t=11*****************************
12 generation time: 0.99 s
[142787.00,36557.00],
[162376.00,15415.50],
[169047.00,14557.50],
[151197.00,20031.00],
[189086.00,13529.00],
[150041.00,25897.00],
[215412.00,10972.50],
[141144.00,46519.00],
[143271.00,26869.00],
*****************************t=12*****************************
time to convergence: 1.05 s	
13 generation time: 1.08 s
[142787.00,36557.00],
[162376.00,15415.50],
[169047.00,14557.50],
[151197.00,20031.00],
[180889.00,12457.00],
[150041.00,25897.00],
[189104.00,9186.50],
[141144.00,46519.00],
[143271.00,26869.00],
[141220.00,38591.00],
*****************************t=13*****************************
14 generation time: 1.16 s
[142787.00,36557.00],
[151717.00,12629.00],
[162573.00,11729.50],
[151197.00,20031.00],
[150041.00,25897.00],
[189104.00,9186.50],
[141144.00,46519.00],
[143271.00,26869.00],
[141220.00,38591.00],
*****************************t=14*****************************
time to convergence: 1.22 s	
15 generation time: 1.24 s
[142787.00,36557.00],
[151717.00,12629.00],
[162573.00,11729.50],
[151197.00,20031.00],
[150041.00,25897.00],
[189104.00,9186.50],
[141144.00,46519.00],
[143271.00,26869.00],
[141220.00,38591.00],
[149673.00,26124.50],
*****************************t=15*****************************
time to convergence: 1.29 s	
time to convergence: 1.29 s	
16 generation time: 1.32 s
[142787.00,36557.00],
[151717.00,12629.00],
[162573.00,11729.50],
[151197.00,20031.00],
[149881.00,21309.00],
[189104.00,9186.50],
[141144.00,46519.00],
[143271.00,26869.00],
[141220.00,38591.00],
[149673.00,26124.50],
[139670.00,49503.00],
[180129.00,9829.00],
*****************************t=16*****************************
17 generation time: 1.41 s
[139558.00,35225.00],
[151717.00,12629.00],
[162573.00,11729.50],
[151197.00,20031.00],
[149881.00,21309.00],
[189104.00,9186.50],
[143271.00,26869.00],
[149673.00,26124.50],
[180129.00,9829.00],
*****************************t=17*****************************
18 generation time: 1.49 s
[139558.00,35225.00],
[151717.00,12629.00],
[162573.00,11729.50],
[151197.00,20031.00],
[149881.00,21309.00],
[189104.00,9186.50],
[143271.00,26869.00],
[149673.00,26124.50],
[180129.00,9829.00],
*****************************t=18*****************************
19 generation time: 1.58 s
[139558.00,35225.00],
[151717.00,12629.00],
[154211.00,11026.50],
[151197.00,20031.00],
[149881.00,21309.00],
[189104.00,9186.50],
[143271.00,26869.00],
[149673.00,26124.50],
[180129.00,9829.00],
*****************************t=19*****************************
20 generation time: 1.66 s
[139558.00,35225.00],
[151717.00,12629.00],
[154211.00,11026.50],
[151197.00,20031.00],
[149881.00,21309.00],
[189104.00,9186.50],
[143271.00,26869.00],
[149673.00,26124.50],
[180129.00,9829.00],
*****************************t=20*****************************
21 generation time: 1.74 s
[139558.00,35225.00],
[151717.00,12629.00],
[154211.00,11026.50],
[141106.00,13601.00],
[189104.00,9186.50],
[180129.00,9829.00],
*****************************t=21*****************************
22 generation time: 1.83 s
[139558.00,35225.00],
[151717.00,12629.00],
[154211.00,11026.50],
[141106.00,13601.00],
[189104.00,9186.50],
[180129.00,9829.00],
*****************************t=22*****************************
23 generation time: 1.91 s
[139558.00,35225.00],
[151717.00,12629.00],
[154211.00,11026.50],
[141106.00,13601.00],
[189104.00,9186.50],
[180129.00,9829.00],
*****************************t=23*****************************
24 generation time: 1.99 s
[139558.00,35225.00],
[151717.00,12629.00],
[154211.00,11026.50],
[141106.00,13601.00],
[189104.00,9186.50],
[180129.00,9829.00],
*****************************t=24*****************************
25 generation time: 2.07 s
[139558.00,35225.00],
[151717.00,12629.00],
[154211.00,11026.50],
[141106.00,13601.00],
[189104.00,9186.50],
[180129.00,9829.00],
*****************************t=25*****************************
26 generation time: 2.15 s
[139558.00,35225.00],
[151717.00,12629.00],
[154211.00,11026.50],
[141106.00,13601.00],
[189104.00,9186.50],
[180129.00,9829.00],
*****************************t=26*****************************
time to convergence: 2.20 s	
27 generation time: 2.23 s
[139558.00,35225.00],
[151717.00,12629.00],
[154211.00,11026.50],
[141106.00,13601.00],
[189104.00,9186.50],
[180129.00,9829.00],
[140260.00,15539.00],
*****************************t=27*****************************
time to convergence: 2.28 s	
28 generation time: 2.31 s
[139558.00,35225.00],
[151717.00,12629.00],
[154211.00,11026.50],
[141106.00,13601.00],
[189104.00,9186.50],
[180129.00,9829.00],
[140260.00,15539.00],
[162146.00,10971.00],
*****************************t=28*****************************
29 generation time: 2.39 s
[139558.00,35225.00],
[151717.00,12629.00],
[154211.00,11026.50],
[141106.00,13601.00],
[189104.00,9186.50],
[180129.00,9829.00],
[140260.00,15539.00],
[162146.00,10971.00],
*****************************t=29*****************************
30 generation time: 2.46 s
[139558.00,35225.00],
[151717.00,12629.00],
[154211.00,11026.50],
[141106.00,13601.00],
[189104.00,9186.50],
[180129.00,9829.00],
[140260.00,15539.00],
[162146.00,10971.00],
*****************************t=30*****************************
31 generation time: 2.54 s
[139558.00,35225.00],
[151717.00,12629.00],
[154211.00,11026.50],
[141106.00,13601.00],
[189104.00,9186.50],
[180129.00,9829.00],
[140260.00,15539.00],
[162146.00,10971.00],
*****************************t=31*****************************
32 generation time: 2.62 s
[139558.00,35225.00],
[151717.00,12629.00],
[154211.00,11026.50],
[141106.00,13601.00],
[189104.00,9186.50],
[180129.00,9829.00],
[140260.00,15539.00],
[162146.00,10971.00],
*****************************t=32*****************************
time to convergence: 2.68 s	
33 generation time: 2.70 s
[139558.00,35225.00],
[151717.00,12629.00],
[154211.00,11026.50],
[141106.00,13601.00],
[189104.00,9186.50],
[180129.00,9829.00],
[140260.00,15539.00],
[162146.00,10971.00],
[206165.00,7129.00],
*****************************t=33*****************************
34 generation time: 2.78 s
[139558.00,35225.00],
[151717.00,12629.00],
[154211.00,11026.50],
[141106.00,13601.00],
[189104.00,9186.50],
[180129.00,9829.00],
[140260.00,15539.00],
[162146.00,10971.00],
[206165.00,7129.00],
*****************************t=34*****************************
35 generation time: 2.87 s
[139558.00,35225.00],
[151717.00,12629.00],
[154211.00,11026.50],
[141106.00,13601.00],
[189104.00,9186.50],
[180129.00,9829.00],
[140260.00,15539.00],
[162146.00,10971.00],
[206165.00,7129.00],
*****************************t=35*****************************
time to convergence: 2.92 s	
36 generation time: 2.95 s
[139558.00,35225.00],
[151717.00,12629.00],
[154211.00,11026.50],
[141106.00,13601.00],
[189104.00,9186.50],
[180129.00,9829.00],
[140260.00,15539.00],
[162146.00,10971.00],
[206165.00,7129.00],
[151350.00,13229.50],
*****************************t=36*****************************
37 generation time: 3.03 s
[139558.00,35225.00],
[151717.00,12629.00],
[154211.00,11026.50],
[141106.00,13601.00],
[189104.00,9186.50],
[180129.00,9829.00],
[140260.00,15539.00],
[162146.00,10971.00],
[206165.00,7129.00],
[151350.00,13229.50],
*****************************t=37*****************************
38 generation time: 3.11 s
[139558.00,35225.00],
[151717.00,12629.00],
[154211.00,11026.50],
[141106.00,13601.00],
[189104.00,9186.50],
[180129.00,9829.00],
[140260.00,15539.00],
[162146.00,10971.00],
[206165.00,7129.00],
[151350.00,13229.50],
*****************************t=38*****************************
39 generation time: 3.18 s
[139342.00,20231.00],
[151717.00,12629.00],
[154211.00,11026.50],
[141106.00,13601.00],
[189104.00,9186.50],
[180129.00,9829.00],
[140260.00,15539.00],
[162146.00,10971.00],
[206165.00,7129.00],
[151350.00,13229.50],
*****************************t=39*****************************
40 generation time: 3.26 s
[139342.00,20231.00],
[151717.00,12629.00],
[154211.00,11026.50],
[141106.00,13601.00],
[189104.00,9186.50],
[180129.00,9829.00],
[140260.00,15539.00],
[162146.00,10971.00],
[206165.00,7129.00],
[151350.00,13229.50],
*****************************t=40*****************************
41 generation time: 3.34 s
[139342.00,20231.00],
[151717.00,12629.00],
[154211.00,11026.50],
[141106.00,13601.00],
[189104.00,9186.50],
[180129.00,9829.00],
[140260.00,15539.00],
[162146.00,10971.00],
[206165.00,7129.00],
[151350.00,13229.50],
*****************************t=41*****************************
42 generation time: 3.43 s
[139342.00,20231.00],
[151717.00,12629.00],
[154211.00,11026.50],
[141106.00,13601.00],
[189104.00,9186.50],
[180129.00,9829.00],
[140260.00,15539.00],
[162146.00,10971.00],
[206165.00,7129.00],
[151350.00,13229.50],
*****************************t=42*****************************
43 generation time: 3.51 s
[139342.00,20231.00],
[151717.00,12629.00],
[154211.00,11026.50],
[141106.00,13601.00],
[189104.00,9186.50],
[180129.00,9829.00],
[140260.00,15539.00],
[162146.00,10971.00],
[206165.00,7129.00],
[151350.00,13229.50],
*****************************t=43*****************************
44 generation time: 3.60 s
[139342.00,20231.00],
[151717.00,12629.00],
[154211.00,11026.50],
[141106.00,13601.00],
[189104.00,9186.50],
[180129.00,9829.00],
[140260.00,15539.00],
[162146.00,10971.00],
[206165.00,7129.00],
[151350.00,13229.50],
*****************************t=44*****************************
45 generation time: 3.68 s
[139342.00,20231.00],
[151717.00,12629.00],
[154211.00,11026.50],
[141106.00,13601.00],
[189104.00,9186.50],
[180129.00,9829.00],
[140260.00,15539.00],
[162146.00,10971.00],
[206165.00,7129.00],
[151350.00,13229.50],
*****************************t=45*****************************
time to convergence: 3.73 s	
46 generation time: 3.76 s
[139342.00,20231.00],
[151717.00,12629.00],
[154211.00,11026.50],
[141106.00,13601.00],
[189104.00,9186.50],
[180129.00,9829.00],
[140260.00,15539.00],
[162146.00,10971.00],
[206165.00,7129.00],
[151350.00,13229.50],
[139550.00,15842.50],
*****************************t=46*****************************
47 generation time: 3.84 s
[139342.00,20231.00],
[151717.00,12629.00],
[154211.00,11026.50],
[141106.00,13601.00],
[189104.00,9186.50],
[180129.00,9829.00],
[140260.00,15539.00],
[162146.00,10971.00],
[206165.00,7129.00],
[151350.00,13229.50],
[139550.00,15842.50],
*****************************t=47*****************************
48 generation time: 3.92 s
[139342.00,20231.00],
[151717.00,12629.00],
[153968.00,9631.50],
[141106.00,13601.00],
[189104.00,9186.50],
[140260.00,15539.00],
[206165.00,7129.00],
[151350.00,13229.50],
[139550.00,15842.50],
*****************************t=48*****************************
49 generation time: 4.01 s
[139342.00,20231.00],
[151717.00,12629.00],
[153968.00,9631.50],
[141106.00,13601.00],
[189104.00,9186.50],
[140260.00,15539.00],
[206165.00,7129.00],
[151350.00,13229.50],
[139550.00,15842.50],
*****************************t=49*****************************
50 generation time: 4.09 s
[139342.00,20231.00],
[151717.00,12629.00],
[153968.00,9631.50],
[141106.00,13601.00],
[189104.00,9186.50],
[140260.00,15539.00],
[206165.00,7129.00],
[151350.00,13229.50],
[139550.00,15842.50],
*****************************t=50*****************************
51 generation time: 4.18 s
[139342.00,20231.00],
[151717.00,12629.00],
[153968.00,9631.50],
[141106.00,13601.00],
[189104.00,9186.50],
[140260.00,15539.00],
[206165.00,7129.00],
[151350.00,13229.50],
[139550.00,15842.50],
*****************************t=51*****************************
52 generation time: 4.27 s
[139342.00,20231.00],
[151717.00,12629.00],
[153968.00,9631.50],
[141106.00,13601.00],
[189104.00,9186.50],
[140260.00,15539.00],
[206165.00,7129.00],
[151350.00,13229.50],
[139550.00,15842.50],
*****************************t=52*****************************
53 generation time: 4.36 s
[139342.00,20231.00],
[151717.00,12629.00],
[153968.00,9631.50],
[141106.00,13601.00],
[189104.00,9186.50],
[140260.00,15539.00],
[206165.00,7129.00],
[151350.00,13229.50],
[139550.00,15842.50],
*****************************t=53*****************************
54 generation time: 4.45 s
[139342.00,20231.00],
[151717.00,12629.00],
[153968.00,9631.50],
[141106.00,13601.00],
[189104.00,9186.50],
[140260.00,15539.00],
[206165.00,7129.00],
[151350.00,13229.50],
[139550.00,15842.50],
*****************************t=54*****************************
55 generation time: 4.54 s
[139342.00,20231.00],
[151717.00,12629.00],
[153968.00,9631.50],
[141106.00,13601.00],
[189104.00,9186.50],
[140260.00,15539.00],
[206165.00,7129.00],
[151350.00,13229.50],
[139550.00,15842.50],
*****************************t=55*****************************
56 generation time: 4.63 s
[139342.00,20231.00],
[151717.00,12629.00],
[153968.00,9631.50],
[141106.00,13601.00],
[189104.00,9186.50],
[140260.00,15539.00],
[206165.00,7129.00],
[151350.00,13229.50],
[139550.00,15842.50],
*****************************t=56*****************************
57 generation time: 4.72 s
[139342.00,20231.00],
[151717.00,12629.00],
[153968.00,9631.50],
[141106.00,13601.00],
[189104.00,9186.50],
[140260.00,15539.00],
[206165.00,7129.00],
[151350.00,13229.50],
[139550.00,15842.50],
*****************************t=57*****************************
58 generation time: 4.80 s
[139342.00,20231.00],
[151717.00,12629.00],
[153968.00,9631.50],
[141106.00,13601.00],
[189104.00,9186.50],
[140260.00,15539.00],
[206165.00,7129.00],
[151350.00,13229.50],
[139550.00,15842.50],
*****************************t=58*****************************
59 generation time: 4.89 s
[139342.00,20231.00],
[151717.00,12629.00],
[153968.00,9631.50],
[141106.00,13601.00],
[189104.00,9186.50],
[140260.00,15539.00],
[206165.00,7129.00],
[151350.00,13229.50],
[139550.00,15842.50],
*****************************t=59*****************************
60 generation time: 4.98 s
[139342.00,20231.00],
[151717.00,12629.00],
[153968.00,9631.50],
[141106.00,13601.00],
[189104.00,9186.50],
[140260.00,15539.00],
[206165.00,7129.00],
[151350.00,13229.50],
[139550.00,15842.50],
*****************************t=60*****************************
61 generation time: 5.07 s
[139342.00,20231.00],
[151717.00,12629.00],
[153968.00,9631.50],
[141106.00,13601.00],
[189104.00,9186.50],
[140260.00,15539.00],
[206165.00,7129.00],
[151350.00,13229.50],
[139550.00,15842.50],
*****************************t=61*****************************
62 generation time: 5.15 s
[139342.00,20231.00],
[151717.00,12629.00],
[153968.00,9631.50],
[141106.00,13601.00],
[189104.00,9186.50],
[140260.00,15539.00],
[206165.00,7129.00],
[151350.00,13229.50],
[139550.00,15842.50],
*****************************t=62*****************************
63 generation time: 5.23 s
[139342.00,20231.00],
[143660.00,10006.50],
[153968.00,9631.50],
[141106.00,13601.00],
[189104.00,9186.50],
[140260.00,15539.00],
[206165.00,7129.00],
[139550.00,15842.50],
*****************************t=63*****************************
64 generation time: 5.31 s
[139342.00,20231.00],
[143660.00,10006.50],
[153968.00,9631.50],
[141106.00,13601.00],
[189104.00,9186.50],
[140260.00,15539.00],
[206165.00,7129.00],
[139550.00,15842.50],
*****************************t=64*****************************
65 generation time: 5.40 s
[139342.00,20231.00],
[143660.00,10006.50],
[153968.00,9631.50],
[140040.00,11886.50],
[189104.00,9186.50],
[206165.00,7129.00],
[139550.00,15842.50],
*****************************t=65*****************************
66 generation time: 5.48 s
[139342.00,20231.00],
[143660.00,10006.50],
[153968.00,9631.50],
[140040.00,11886.50],
[189104.00,9186.50],
[206165.00,7129.00],
[139550.00,15842.50],
*****************************t=66*****************************
time to convergence: 5.53 s	
67 generation time: 5.56 s
[139342.00,20231.00],
[143660.00,10006.50],
[153968.00,9631.50],
[140040.00,11886.50],
[189104.00,9186.50],
[206165.00,7129.00],
[139550.00,15842.50],
[135895.00,21380.50],
*****************************t=67*****************************
68 generation time: 5.64 s
[139342.00,20231.00],
[143660.00,10006.50],
[153968.00,9631.50],
[140040.00,11886.50],
[189104.00,9186.50],
[206165.00,7129.00],
[139550.00,15842.50],
[135895.00,21380.50],
*****************************t=68*****************************
69 generation time: 5.73 s
[139342.00,20231.00],
[143660.00,10006.50],
[153968.00,9631.50],
[140040.00,11886.50],
[189104.00,9186.50],
[206165.00,7129.00],
[139550.00,15842.50],
[135895.00,21380.50],
*****************************t=69*****************************
70 generation time: 5.81 s
[139342.00,20231.00],
[143660.00,10006.50],
[153968.00,9631.50],
[140040.00,11886.50],
[189104.00,9186.50],
[206165.00,7129.00],
[139550.00,15842.50],
[135895.00,21380.50],
*****************************t=70*****************************
71 generation time: 5.89 s
[139342.00,20231.00],
[143660.00,10006.50],
[153968.00,9631.50],
[140040.00,11886.50],
[189104.00,9186.50],
[206165.00,7129.00],
[139550.00,15842.50],
[135895.00,21380.50],
*****************************t=71*****************************
72 generation time: 5.98 s
[139342.00,20231.00],
[143660.00,10006.50],
[153968.00,9631.50],
[140040.00,11886.50],
[189104.00,9186.50],
[206165.00,7129.00],
[139550.00,15842.50],
[135895.00,21380.50],
*****************************t=72*****************************
time to convergence: 6.03 s	
73 generation time: 6.06 s
[139342.00,20231.00],
[143660.00,10006.50],
[153968.00,9631.50],
[140040.00,11886.50],
[189104.00,9186.50],
[206165.00,7129.00],
[139550.00,15842.50],
[135895.00,21380.50],
[194154.00,9034.50],
*****************************t=73*****************************
74 generation time: 6.14 s
[139342.00,20231.00],
[143660.00,10006.50],
[153968.00,9631.50],
[140040.00,11886.50],
[189104.00,9186.50],
[206165.00,7129.00],
[139550.00,15842.50],
[135895.00,21380.50],
[194154.00,9034.50],
*****************************t=74*****************************
75 generation time: 6.23 s
[139342.00,20231.00],
[143660.00,10006.50],
[153968.00,9631.50],
[140040.00,11886.50],
[189104.00,9186.50],
[206165.00,7129.00],
[139550.00,15842.50],
[135895.00,21380.50],
[194154.00,9034.50],
*****************************t=75*****************************
76 generation time: 6.31 s
[139342.00,20231.00],
[143660.00,10006.50],
[153968.00,9631.50],
[140040.00,11886.50],
[189104.00,9186.50],
[206165.00,7129.00],
[139550.00,15842.50],
[135895.00,21380.50],
[194154.00,9034.50],
*****************************t=76*****************************
77 generation time: 6.40 s
[139342.00,20231.00],
[143660.00,10006.50],
[153968.00,9631.50],
[140040.00,11886.50],
[189104.00,9186.50],
[206165.00,7129.00],
[139550.00,15842.50],
[135895.00,21380.50],
[194154.00,9034.50],
*****************************t=77*****************************
78 generation time: 6.48 s
[139342.00,20231.00],
[143660.00,10006.50],
[153968.00,9631.50],
[140040.00,11886.50],
[189104.00,9186.50],
[206165.00,7129.00],
[139550.00,15842.50],
[135895.00,21380.50],
[190441.00,7221.00],
*****************************t=78*****************************
79 generation time: 6.56 s
[139342.00,20231.00],
[143660.00,10006.50],
[153968.00,9631.50],
[140040.00,11886.50],
[189104.00,9186.50],
[206165.00,7129.00],
[139550.00,15842.50],
[135895.00,21380.50],
[190441.00,7221.00],
*****************************t=79*****************************
80 generation time: 6.65 s
[139342.00,20231.00],
[143660.00,10006.50],
[153968.00,9631.50],
[140040.00,11886.50],
[189104.00,9186.50],
[206165.00,7129.00],
[139550.00,15842.50],
[135895.00,21380.50],
[190441.00,7221.00],
*****************************t=80*****************************
81 generation time: 6.73 s
[139342.00,20231.00],
[143660.00,10006.50],
[153968.00,9631.50],
[140040.00,11886.50],
[189104.00,9186.50],
[206165.00,7129.00],
[139550.00,15842.50],
[135895.00,21380.50],
[190441.00,7221.00],
*****************************t=81*****************************
82 generation time: 6.81 s
[139342.00,20231.00],
[143660.00,10006.50],
[153968.00,9631.50],
[140040.00,11886.50],
[189104.00,9186.50],
[206165.00,7129.00],
[139550.00,15842.50],
[135895.00,21380.50],
[190441.00,7221.00],
*****************************t=82*****************************
83 generation time: 6.89 s
[139342.00,20231.00],
[143660.00,10006.50],
[153968.00,9631.50],
[140040.00,11886.50],
[189104.00,9186.50],
[206165.00,7129.00],
[139550.00,15842.50],
[135895.00,21380.50],
[190441.00,7221.00],
*****************************t=83*****************************
84 generation time: 6.98 s
[139342.00,20231.00],
[143660.00,10006.50],
[153968.00,9631.50],
[140040.00,11886.50],
[189104.00,9186.50],
[206165.00,7129.00],
[139550.00,15842.50],
[135895.00,21380.50],
[190441.00,7221.00],
*****************************t=84*****************************
85 generation time: 7.06 s
[139342.00,20231.00],
[143660.00,10006.50],
[153968.00,9631.50],
[140040.00,11886.50],
[189104.00,9186.50],
[206165.00,7129.00],
[139550.00,15842.50],
[135895.00,21380.50],
[190441.00,7221.00],
*****************************t=85*****************************
86 generation time: 7.14 s
[139342.00,20231.00],
[143660.00,10006.50],
[153968.00,9631.50],
[140040.00,11886.50],
[189104.00,9186.50],
[206165.00,7129.00],
[139550.00,15842.50],
[135895.00,21380.50],
[190441.00,7221.00],
*****************************t=86*****************************
87 generation time: 7.22 s
[139342.00,20231.00],
[143660.00,10006.50],
[153968.00,9631.50],
[140040.00,11886.50],
[189104.00,9186.50],
[206165.00,7129.00],
[139550.00,15842.50],
[135895.00,21380.50],
[190441.00,7221.00],
*****************************t=87*****************************
88 generation time: 7.29 s
[139342.00,20231.00],
[143660.00,10006.50],
[153968.00,9631.50],
[140040.00,11886.50],
[189104.00,9186.50],
[206165.00,7129.00],
[139550.00,15842.50],
[135895.00,21380.50],
[190441.00,7221.00],
*****************************t=88*****************************
89 generation time: 7.39 s
[139342.00,20231.00],
[143660.00,10006.50],
[153968.00,9631.50],
[140040.00,11886.50],
[189104.00,9186.50],
[206165.00,7129.00],
[139550.00,15842.50],
[135895.00,21380.50],
[190441.00,7221.00],
*****************************t=89*****************************
90 generation time: 7.47 s
[139342.00,20231.00],
[143660.00,10006.50],
[153968.00,9631.50],
[140040.00,11886.50],
[189104.00,9186.50],
[206165.00,7129.00],
[139550.00,15842.50],
[135895.00,21380.50],
[190441.00,7221.00],
*****************************t=90*****************************
time to convergence: 7.53 s	
91 generation time: 7.55 s
[139342.00,20231.00],
[143660.00,10006.50],
[153968.00,9631.50],
[140040.00,11886.50],
[189104.00,9186.50],
[206165.00,7129.00],
[139550.00,15842.50],
[135895.00,21380.50],
[190441.00,7221.00],
[145894.00,9727.00],
*****************************t=91*****************************
92 generation time: 7.64 s
[139342.00,20231.00],
[143660.00,10006.50],
[153968.00,9631.50],
[140040.00,11886.50],
[189104.00,9186.50],
[206165.00,7129.00],
[139550.00,15842.50],
[135895.00,21380.50],
[190441.00,7221.00],
[145894.00,9727.00],
*****************************t=92*****************************
93 generation time: 7.73 s
[139342.00,20231.00],
[143660.00,10006.50],
[153968.00,9631.50],
[140040.00,11886.50],
[189104.00,9186.50],
[206165.00,7129.00],
[139550.00,15842.50],
[135895.00,21380.50],
[190441.00,7221.00],
[145894.00,9727.00],
*****************************t=93*****************************
94 generation time: 7.83 s
[139342.00,20231.00],
[143660.00,10006.50],
[151227.00,4596.50],
[140040.00,11886.50],
[139550.00,15842.50],
[135895.00,21380.50],
[145894.00,9727.00],
*****************************t=94*****************************
95 generation time: 7.93 s
[139342.00,20231.00],
[143660.00,10006.50],
[151227.00,4596.50],
[140040.00,11886.50],
[139550.00,15842.50],
[135895.00,21380.50],
[145894.00,9727.00],
*****************************t=95*****************************
96 generation time: 8.02 s
[139342.00,20231.00],
[143660.00,10006.50],
[151227.00,4596.50],
[140040.00,11886.50],
[139550.00,15842.50],
[135895.00,21380.50],
[145894.00,9727.00],
*****************************t=96*****************************
97 generation time: 8.10 s
[139342.00,20231.00],
[143660.00,10006.50],
[151227.00,4596.50],
[140040.00,11886.50],
[139550.00,15842.50],
[135895.00,21380.50],
[145894.00,9727.00],
*****************************t=97*****************************
time to convergence: 8.16 s	
98 generation time: 8.19 s
[139342.00,20231.00],
[143660.00,10006.50],
[151227.00,4596.50],
[140040.00,11886.50],
[139550.00,15842.50],
[135895.00,21380.50],
[145894.00,9727.00],
[200604.00,2643.00],
*****************************t=98*****************************
99 generation time: 8.27 s
[139342.00,20231.00],
[143660.00,10006.50],
[151227.00,4596.50],
[140040.00,11886.50],
[139550.00,15842.50],
[135895.00,21380.50],
[145894.00,9727.00],
[200604.00,2643.00],
*****************************t=99*****************************
100 generation time: 8.35 s
[139342.00,20231.00],
[143660.00,10006.50],
[151227.00,4596.50],
[140040.00,11886.50],
[139550.00,15842.50],
[135895.00,21380.50],
[145894.00,9727.00],
[200604.00,2643.00],
[139342.00,20231.00],
[143660.00,10006.50],
[151227.00,4596.50],
[140040.00,11886.50],
[139550.00,15842.50],
[135895.00,21380.50],
[145894.00,9727.00],
[200604.00,2643.00],
tot = 8
total time: 8.41 s
