m = 4 n = 14
pop = 30 gen = 100
init...begin
init...done
*****************************t=0*****************************
time to convergence: 0.05 s	
time to convergence: 0.05 s	
time to convergence: 0.05 s	
1 generation time: 0.08 s
[150531.00,25791.00],
[150881.00,15487.00],
[186758.00,10705.50],
[143653.00,30279.00],
*****************************t=1*****************************
2 generation time: 0.16 s
[146513.00,25159.00],
[150881.00,15487.00],
[186758.00,10705.50],
[143653.00,30279.00],
*****************************t=2*****************************
time to convergence: 0.20 s	
time to convergence: 0.20 s	
3 generation time: 0.23 s
[146513.00,25159.00],
[150881.00,15487.00],
[186758.00,10705.50],
[143653.00,30279.00],
[253806.00,10621.50],
[150791.00,21941.00],
*****************************t=3*****************************
4 generation time: 0.31 s
[146513.00,25159.00],
[150881.00,15487.00],
[186758.00,10705.50],
[143653.00,30279.00],
[253806.00,10621.50],
[150791.00,21941.00],
*****************************t=4*****************************
5 generation time: 0.39 s
[146513.00,25159.00],
[150881.00,15487.00],
[186758.00,10705.50],
[143653.00,30279.00],
[253806.00,10621.50],
[150791.00,21941.00],
*****************************t=5*****************************
6 generation time: 0.48 s
[146513.00,25159.00],
[150881.00,15487.00],
[186758.00,10705.50],
[143653.00,30279.00],
[253806.00,10621.50],
[150791.00,21941.00],
*****************************t=6*****************************
time to convergence: 0.53 s	
7 generation time: 0.56 s
[144030.00,21009.00],
[150881.00,15487.00],
[186758.00,10705.50],
[143653.00,30279.00],
[253806.00,10621.50],
[139760.00,35249.00],
*****************************t=7*****************************
8 generation time: 0.64 s
[144030.00,21009.00],
[150881.00,15487.00],
[186758.00,10705.50],
[143653.00,30279.00],
[253806.00,10621.50],
[139760.00,35249.00],
*****************************t=8*****************************
time to convergence: 0.69 s	
9 generation time: 0.72 s
[144030.00,21009.00],
[150881.00,15487.00],
[186758.00,10705.50],
[143653.00,30279.00],
[253806.00,10621.50],
[139760.00,35249.00],
[161713.00,11719.00],
*****************************t=9*****************************
10 generation time: 0.80 s
[144030.00,21009.00],
[150881.00,15487.00],
[186758.00,10705.50],
[143653.00,30279.00],
[253806.00,10621.50],
[139760.00,35249.00],
[161713.00,11719.00],
*****************************t=10*****************************
time to convergence: 0.84 s	
11 generation time: 0.88 s
[144030.00,21009.00],
[150881.00,15487.00],
[186758.00,10705.50],
[143653.00,30279.00],
[253806.00,10621.50],
[139760.00,35249.00],
[161713.00,11719.00],
[146316.00,16531.00],
*****************************t=11*****************************
12 generation time: 0.95 s
[144030.00,21009.00],
[150881.00,15487.00],
[186758.00,10705.50],
[140282.00,22299.00],
[253806.00,10621.50],
[139760.00,35249.00],
[161713.00,11719.00],
[146316.00,16531.00],
*****************************t=12*****************************
13 generation time: 1.03 s
[144030.00,21009.00],
[150881.00,15487.00],
[186758.00,10705.50],
[140282.00,22299.00],
[253806.00,10621.50],
[139760.00,35249.00],
[161713.00,11719.00],
[146316.00,16531.00],
*****************************t=13*****************************
14 generation time: 1.11 s
[144030.00,21009.00],
[150439.00,12025.00],
[186758.00,10705.50],
[140282.00,22299.00],
[253806.00,10621.50],
[139760.00,35249.00],
[161713.00,11719.00],
[146316.00,16531.00],
*****************************t=14*****************************
15 generation time: 1.19 s
[144030.00,21009.00],
[150439.00,12025.00],
[186758.00,10705.50],
[140282.00,22299.00],
[253806.00,10621.50],
[139760.00,35249.00],
[161713.00,11719.00],
[146316.00,16531.00],
*****************************t=15*****************************
16 generation time: 1.27 s
[144030.00,21009.00],
[150439.00,12025.00],
[186758.00,10705.50],
[140282.00,22299.00],
[253806.00,10621.50],
[139760.00,35249.00],
[161713.00,11719.00],
[146316.00,16531.00],
*****************************t=16*****************************
17 generation time: 1.34 s
[144030.00,21009.00],
[150439.00,12025.00],
[186758.00,10705.50],
[140282.00,22299.00],
[253806.00,10621.50],
[139760.00,35249.00],
[161713.00,11719.00],
[146316.00,16531.00],
*****************************t=17*****************************
18 generation time: 1.45 s
[144030.00,21009.00],
[150439.00,12025.00],
[186758.00,10705.50],
[140282.00,22299.00],
[253806.00,10621.50],
[139760.00,35249.00],
[161713.00,11719.00],
[146316.00,16531.00],
*****************************t=18*****************************
19 generation time: 1.53 s
[144030.00,21009.00],
[150439.00,12025.00],
[186758.00,10705.50],
[140282.00,22299.00],
[253806.00,10621.50],
[139760.00,35249.00],
[161713.00,11719.00],
[146316.00,16531.00],
*****************************t=19*****************************
20 generation time: 1.61 s
[144030.00,21009.00],
[150439.00,12025.00],
[186758.00,10705.50],
[140282.00,22299.00],
[253806.00,10621.50],
[139760.00,35249.00],
[161713.00,11719.00],
[146316.00,16531.00],
*****************************t=20*****************************
21 generation time: 1.70 s
[144030.00,21009.00],
[150439.00,12025.00],
[169114.00,7152.50],
[140282.00,22299.00],
[139760.00,35249.00],
[161713.00,11719.00],
[146316.00,16531.00],
*****************************t=21*****************************
22 generation time: 1.78 s
[144030.00,21009.00],
[150439.00,12025.00],
[169114.00,7152.50],
[140282.00,22299.00],
[139760.00,35249.00],
[161713.00,11719.00],
[146316.00,16531.00],
*****************************t=22*****************************
23 generation time: 1.86 s
[144030.00,21009.00],
[150439.00,12025.00],
[166904.00,4514.50],
[140282.00,22299.00],
[139760.00,35249.00],
[161713.00,11719.00],
[146316.00,16531.00],
*****************************t=23*****************************
24 generation time: 1.95 s
[144030.00,21009.00],
[150439.00,12025.00],
[166904.00,4514.50],
[140282.00,22299.00],
[139760.00,35249.00],
[161713.00,11719.00],
[146316.00,16531.00],
*****************************t=24*****************************
time to convergence: 2.00 s	
25 generation time: 2.03 s
[144030.00,21009.00],
[150439.00,12025.00],
[166904.00,4514.50],
[140282.00,22299.00],
[139760.00,35249.00],
[161713.00,11719.00],
[146316.00,16531.00],
[162753.00,7149.00],
*****************************t=25*****************************
26 generation time: 2.12 s
[144030.00,21009.00],
[150439.00,12025.00],
[166904.00,4514.50],
[140282.00,22299.00],
[139760.00,35249.00],
[161713.00,11719.00],
[146316.00,16531.00],
[162753.00,7149.00],
*****************************t=26*****************************
27 generation time: 2.20 s
[144030.00,21009.00],
[150439.00,12025.00],
[166904.00,4514.50],
[140282.00,22299.00],
[139760.00,35249.00],
[161713.00,11719.00],
[146316.00,16531.00],
[162753.00,7149.00],
*****************************t=27*****************************
28 generation time: 2.29 s
[144030.00,21009.00],
[150439.00,12025.00],
[166904.00,4514.50],
[140282.00,22299.00],
[139760.00,35249.00],
[161713.00,11719.00],
[146316.00,16531.00],
[162753.00,7149.00],
*****************************t=28*****************************
29 generation time: 2.38 s
[144030.00,21009.00],
[150439.00,12025.00],
[166904.00,4514.50],
[140282.00,22299.00],
[139760.00,35249.00],
[161713.00,11719.00],
[146316.00,16531.00],
[162753.00,7149.00],
*****************************t=29*****************************
30 generation time: 2.46 s
[144030.00,21009.00],
[150439.00,12025.00],
[166904.00,4514.50],
[140282.00,22299.00],
[139760.00,35249.00],
[161713.00,11719.00],
[146316.00,16531.00],
[162753.00,7149.00],
*****************************t=30*****************************
31 generation time: 2.55 s
[144030.00,21009.00],
[150439.00,12025.00],
[166904.00,4514.50],
[140282.00,22299.00],
[139760.00,35249.00],
[161713.00,11719.00],
[146316.00,16531.00],
[162753.00,7149.00],
*****************************t=31*****************************
32 generation time: 2.63 s
[144030.00,21009.00],
[150439.00,12025.00],
[166904.00,4514.50],
[140282.00,22299.00],
[139760.00,35249.00],
[161713.00,11719.00],
[146316.00,16531.00],
[162753.00,7149.00],
*****************************t=32*****************************
time to convergence: 2.69 s	
33 generation time: 2.72 s
[144030.00,21009.00],
[150439.00,12025.00],
[166904.00,4514.50],
[140282.00,22299.00],
[139760.00,35249.00],
[161713.00,11719.00],
[146316.00,16531.00],
[162753.00,7149.00],
[140186.00,32265.00],
*****************************t=33*****************************
time to convergence: 2.78 s	
34 generation time: 2.80 s
[144030.00,21009.00],
[150439.00,12025.00],
[166904.00,4514.50],
[140282.00,22299.00],
[139760.00,35249.00],
[161713.00,11719.00],
[146316.00,16531.00],
[162753.00,7149.00],
[140186.00,32265.00],
[161914.00,11667.00],
*****************************t=34*****************************
35 generation time: 2.89 s
[144030.00,21009.00],
[150439.00,12025.00],
[166904.00,4514.50],
[140282.00,22299.00],
[139760.00,35249.00],
[161713.00,11719.00],
[146316.00,16531.00],
[162753.00,7149.00],
[140186.00,32265.00],
[161914.00,11667.00],
*****************************t=35*****************************
36 generation time: 2.97 s
[144030.00,21009.00],
[150439.00,12025.00],
[166904.00,4514.50],
[140282.00,22299.00],
[139760.00,35249.00],
[161713.00,11719.00],
[146316.00,16531.00],
[162753.00,7149.00],
[140186.00,32265.00],
[161914.00,11667.00],
*****************************t=36*****************************
37 generation time: 3.05 s
[144030.00,21009.00],
[150439.00,12025.00],
[166904.00,4514.50],
[140282.00,22299.00],
[139760.00,35249.00],
[161713.00,11719.00],
[146316.00,16531.00],
[162753.00,7149.00],
[140186.00,32265.00],
[161914.00,11667.00],
*****************************t=37*****************************
38 generation time: 3.14 s
[144030.00,21009.00],
[150439.00,12025.00],
[166904.00,4514.50],
[140282.00,22299.00],
[139760.00,35249.00],
[161713.00,11719.00],
[146316.00,16531.00],
[162753.00,7149.00],
[140186.00,32265.00],
[161914.00,11667.00],
*****************************t=38*****************************
39 generation time: 3.22 s
[144030.00,21009.00],
[150439.00,12025.00],
[166904.00,4514.50],
[140282.00,22299.00],
[139760.00,35249.00],
[161713.00,11719.00],
[146316.00,16531.00],
[162753.00,7149.00],
[140186.00,32265.00],
[161914.00,11667.00],
*****************************t=39*****************************
40 generation time: 3.30 s
[144030.00,21009.00],
[150439.00,12025.00],
[166904.00,4514.50],
[140282.00,22299.00],
[139760.00,35249.00],
[161713.00,11719.00],
[146316.00,16531.00],
[162753.00,7149.00],
[140186.00,32265.00],
[161914.00,11667.00],
*****************************t=40*****************************
time to convergence: 3.36 s	
41 generation time: 3.38 s
[144030.00,21009.00],
[150439.00,12025.00],
[166904.00,4514.50],
[140282.00,22299.00],
[139760.00,35249.00],
[161713.00,11719.00],
[146316.00,16531.00],
[162753.00,7149.00],
[140186.00,32265.00],
[161914.00,11667.00],
[141595.00,21380.50],
*****************************t=41*****************************
42 generation time: 3.47 s
[144030.00,21009.00],
[150439.00,12025.00],
[161438.00,2602.50],
[140282.00,22299.00],
[139760.00,35249.00],
[146316.00,16531.00],
[140186.00,32265.00],
[141595.00,21380.50],
*****************************t=42*****************************
43 generation time: 3.55 s
[143451.00,17379.00],
[150439.00,12025.00],
[161438.00,2602.50],
[140282.00,22299.00],
[139760.00,35249.00],
[146316.00,16531.00],
[140186.00,32265.00],
[141595.00,21380.50],
*****************************t=43*****************************
44 generation time: 3.63 s
[143451.00,17379.00],
[150439.00,12025.00],
[161438.00,2602.50],
[140282.00,22299.00],
[139760.00,35249.00],
[146316.00,16531.00],
[140186.00,32265.00],
[141595.00,21380.50],
*****************************t=44*****************************
45 generation time: 3.71 s
[143451.00,17379.00],
[150439.00,12025.00],
[161438.00,2602.50],
[140282.00,22299.00],
[139760.00,35249.00],
[146316.00,16531.00],
[140186.00,32265.00],
[141595.00,21380.50],
*****************************t=45*****************************
46 generation time: 3.79 s
[143451.00,17379.00],
[150439.00,12025.00],
[161438.00,2602.50],
[140282.00,22299.00],
[139760.00,35249.00],
[146316.00,16531.00],
[140186.00,32265.00],
[141595.00,21380.50],
*****************************t=46*****************************
47 generation time: 3.87 s
[143451.00,17379.00],
[150439.00,12025.00],
[161438.00,2602.50],
[140282.00,22299.00],
[139760.00,35249.00],
[146316.00,16531.00],
[140186.00,32265.00],
[141595.00,21380.50],
*****************************t=47*****************************
48 generation time: 3.94 s
[143451.00,17379.00],
[150439.00,12025.00],
[161438.00,2602.50],
[140282.00,22299.00],
[139760.00,35249.00],
[146316.00,16531.00],
[140186.00,32265.00],
[141595.00,21380.50],
*****************************t=48*****************************
time to convergence: 4.00 s	
49 generation time: 4.03 s
[143451.00,17379.00],
[150439.00,12025.00],
[161438.00,2602.50],
[140282.00,22299.00],
[139760.00,35249.00],
[146316.00,16531.00],
[140186.00,32265.00],
[141595.00,21380.50],
[141430.00,22013.00],
*****************************t=49*****************************
50 generation time: 4.11 s
[143451.00,17379.00],
[150439.00,12025.00],
[161438.00,2602.50],
[140282.00,22299.00],
[139760.00,35249.00],
[146316.00,16531.00],
[140186.00,32265.00],
[141595.00,21380.50],
[141430.00,22013.00],
*****************************t=50*****************************
51 generation time: 4.19 s
[143451.00,17379.00],
[150439.00,12025.00],
[161438.00,2602.50],
[140282.00,22299.00],
[139760.00,35249.00],
[146316.00,16531.00],
[140186.00,32265.00],
[141595.00,21380.50],
[141430.00,22013.00],
*****************************t=51*****************************
time to convergence: 4.25 s	
52 generation time: 4.27 s
[143451.00,17379.00],
[150439.00,12025.00],
[161438.00,2602.50],
[140282.00,22299.00],
[139760.00,35249.00],
[146316.00,16531.00],
[140186.00,32265.00],
[141595.00,21380.50],
[141430.00,22013.00],
[139873.00,34259.00],
*****************************t=52*****************************
time to convergence: 4.33 s	
53 generation time: 4.36 s
[143451.00,17379.00],
[150439.00,12025.00],
[161438.00,2602.50],
[140282.00,22299.00],
[139760.00,35249.00],
[146316.00,16531.00],
[140186.00,32265.00],
[141595.00,21380.50],
[141430.00,22013.00],
[139873.00,34259.00],
[156028.00,11515.00],
*****************************t=53*****************************
54 generation time: 4.44 s
[143451.00,17379.00],
[150439.00,12025.00],
[161438.00,2602.50],
[140282.00,22299.00],
[139760.00,35249.00],
[146316.00,16531.00],
[140186.00,32265.00],
[141595.00,21380.50],
[141430.00,22013.00],
[139873.00,34259.00],
[156028.00,11515.00],
*****************************t=54*****************************
55 generation time: 4.52 s
[143451.00,17379.00],
[150439.00,12025.00],
[161438.00,2602.50],
[140282.00,22299.00],
[139760.00,35249.00],
[146316.00,16531.00],
[140186.00,32265.00],
[141595.00,21380.50],
[141430.00,22013.00],
[139873.00,34259.00],
[156028.00,11515.00],
*****************************t=55*****************************
56 generation time: 4.59 s
[143451.00,17379.00],
[150439.00,12025.00],
[161438.00,2602.50],
[140282.00,22299.00],
[139760.00,35249.00],
[146316.00,16531.00],
[140186.00,32265.00],
[141595.00,21380.50],
[141430.00,22013.00],
[139873.00,34259.00],
[156028.00,11515.00],
*****************************t=56*****************************
57 generation time: 4.67 s
[143451.00,17379.00],
[150439.00,12025.00],
[161438.00,2602.50],
[140282.00,22299.00],
[139760.00,35249.00],
[146316.00,16531.00],
[140186.00,32265.00],
[141595.00,21380.50],
[141430.00,22013.00],
[139873.00,34259.00],
[156028.00,11515.00],
*****************************t=57*****************************
58 generation time: 4.77 s
[143451.00,17379.00],
[150439.00,12025.00],
[161438.00,2602.50],
[140282.00,22299.00],
[139760.00,35249.00],
[146316.00,16531.00],
[140186.00,32265.00],
[141595.00,21380.50],
[141430.00,22013.00],
[139873.00,34259.00],
[156028.00,11515.00],
*****************************t=58*****************************
59 generation time: 4.84 s
[143451.00,17379.00],
[150439.00,12025.00],
[161438.00,2602.50],
[140282.00,22299.00],
[139760.00,35249.00],
[146316.00,16531.00],
[140186.00,32265.00],
[141595.00,21380.50],
[141430.00,22013.00],
[139873.00,34259.00],
[156028.00,11515.00],
*****************************t=59*****************************
60 generation time: 4.92 s
[143451.00,17379.00],
[150439.00,12025.00],
[161438.00,2602.50],
[140282.00,22299.00],
[139760.00,35249.00],
[146316.00,16531.00],
[140186.00,32265.00],
[141595.00,21380.50],
[141430.00,22013.00],
[139873.00,34259.00],
[154759.00,11026.50],
*****************************t=60*****************************
61 generation time: 5.00 s
[143451.00,17379.00],
[150439.00,12025.00],
[161438.00,2602.50],
[140282.00,22299.00],
[139760.00,35249.00],
[146316.00,16531.00],
[140186.00,32265.00],
[141595.00,21380.50],
[141430.00,22013.00],
[139873.00,34259.00],
[154759.00,11026.50],
*****************************t=61*****************************
62 generation time: 5.09 s
[143451.00,17379.00],
[150439.00,12025.00],
[161438.00,2602.50],
[140282.00,22299.00],
[139760.00,35249.00],
[146316.00,16531.00],
[140186.00,32265.00],
[141595.00,21380.50],
[141430.00,22013.00],
[139873.00,34259.00],
[154759.00,11026.50],
*****************************t=62*****************************
63 generation time: 5.17 s
[143451.00,17379.00],
[150439.00,12025.00],
[161438.00,2602.50],
[140282.00,22299.00],
[139760.00,35249.00],
[146316.00,16531.00],
[140186.00,32265.00],
[141595.00,21380.50],
[141430.00,22013.00],
[139873.00,34259.00],
[154759.00,11026.50],
*****************************t=63*****************************
64 generation time: 5.25 s
[143451.00,17379.00],
[150439.00,12025.00],
[161438.00,2602.50],
[140282.00,22299.00],
[139760.00,35249.00],
[146316.00,16531.00],
[140186.00,32265.00],
[141595.00,21380.50],
[141430.00,22013.00],
[139873.00,34259.00],
[154759.00,11026.50],
*****************************t=64*****************************
65 generation time: 5.33 s
[143451.00,17379.00],
[150439.00,12025.00],
[161438.00,2602.50],
[140282.00,22299.00],
[139760.00,35249.00],
[146316.00,16531.00],
[140186.00,32265.00],
[141595.00,21380.50],
[141430.00,22013.00],
[139873.00,34259.00],
[154759.00,11026.50],
*****************************t=65*****************************
66 generation time: 5.42 s
[143451.00,17379.00],
[150439.00,12025.00],
[161438.00,2602.50],
[140282.00,22299.00],
[139760.00,35249.00],
[146316.00,16531.00],
[140186.00,32265.00],
[141595.00,21380.50],
[141430.00,22013.00],
[139873.00,34259.00],
[154759.00,11026.50],
*****************************t=66*****************************
67 generation time: 5.50 s
[143451.00,17379.00],
[150439.00,12025.00],
[161438.00,2602.50],
[140282.00,22299.00],
[133711.00,27216.50],
[146316.00,16531.00],
[141595.00,21380.50],
[141430.00,22013.00],
[154759.00,11026.50],
*****************************t=67*****************************
68 generation time: 5.59 s
[143451.00,17379.00],
[150439.00,12025.00],
[161438.00,2602.50],
[140282.00,22299.00],
[133711.00,27216.50],
[146316.00,16531.00],
[141595.00,21380.50],
[141430.00,22013.00],
[154759.00,11026.50],
*****************************t=68*****************************
69 generation time: 5.67 s
[143451.00,17379.00],
[150439.00,12025.00],
[161438.00,2602.50],
[140282.00,22299.00],
[133711.00,27216.50],
[146316.00,16531.00],
[141595.00,21380.50],
[141430.00,22013.00],
[154759.00,11026.50],
*****************************t=69*****************************
70 generation time: 5.75 s
[143451.00,17379.00],
[150439.00,12025.00],
[161438.00,2602.50],
[140282.00,22299.00],
[133711.00,27216.50],
[146316.00,16531.00],
[141595.00,21380.50],
[141430.00,22013.00],
[154759.00,11026.50],
*****************************t=70*****************************
71 generation time: 5.84 s
[143451.00,17379.00],
[150439.00,12025.00],
[161438.00,2602.50],
[140282.00,22299.00],
[133711.00,27216.50],
[146316.00,16531.00],
[141595.00,21380.50],
[141430.00,22013.00],
[154759.00,11026.50],
*****************************t=71*****************************
72 generation time: 5.92 s
[143451.00,17379.00],
[150439.00,12025.00],
[161438.00,2602.50],
[140282.00,22299.00],
[133711.00,27216.50],
[146316.00,16531.00],
[141595.00,21380.50],
[141430.00,22013.00],
[154759.00,11026.50],
*****************************t=72*****************************
73 generation time: 6.00 s
[143451.00,17379.00],
[150439.00,12025.00],
[161438.00,2602.50],
[140282.00,22299.00],
[133711.00,27216.50],
[146316.00,16531.00],
[141595.00,21380.50],
[141430.00,22013.00],
[154759.00,11026.50],
*****************************t=73*****************************
74 generation time: 6.09 s
[143451.00,17379.00],
[150439.00,12025.00],
[161438.00,2602.50],
[140282.00,22299.00],
[133711.00,27216.50],
[146316.00,16531.00],
[141595.00,21380.50],
[141430.00,22013.00],
[154759.00,11026.50],
*****************************t=74*****************************
75 generation time: 6.17 s
[143451.00,17379.00],
[150439.00,12025.00],
[161438.00,2602.50],
[140282.00,22299.00],
[133711.00,27216.50],
[146316.00,16531.00],
[140332.00,20337.00],
[154759.00,11026.50],
*****************************t=75*****************************
76 generation time: 6.25 s
[143451.00,17379.00],
[150439.00,12025.00],
[161438.00,2602.50],
[140282.00,22299.00],
[133711.00,27216.50],
[146316.00,16531.00],
[140332.00,20337.00],
[154759.00,11026.50],
*****************************t=76*****************************
77 generation time: 6.33 s
[143451.00,17379.00],
[150439.00,12025.00],
[161438.00,2602.50],
[140282.00,22299.00],
[133711.00,27216.50],
[146316.00,16531.00],
[140332.00,20337.00],
[154759.00,11026.50],
*****************************t=77*****************************
time to convergence: 6.39 s	
time to convergence: 6.39 s	
78 generation time: 6.42 s
[143451.00,17379.00],
[150439.00,12025.00],
[161438.00,2602.50],
[140282.00,22299.00],
[133711.00,27216.50],
[146316.00,16531.00],
[140332.00,20337.00],
[154759.00,11026.50],
[150147.00,16493.00],
[141252.00,18905.00],
*****************************t=78*****************************
79 generation time: 6.50 s
[143451.00,17379.00],
[150439.00,12025.00],
[161438.00,2602.50],
[140282.00,22299.00],
[133711.00,27216.50],
[146316.00,16531.00],
[140332.00,20337.00],
[154759.00,11026.50],
[150147.00,16493.00],
[141252.00,18905.00],
*****************************t=79*****************************
80 generation time: 6.59 s
[143451.00,17379.00],
[150439.00,12025.00],
[161438.00,2602.50],
[140282.00,22299.00],
[133711.00,27216.50],
[146316.00,16531.00],
[140332.00,20337.00],
[154759.00,11026.50],
[150147.00,16493.00],
[141252.00,18905.00],
*****************************t=80*****************************
81 generation time: 6.67 s
[143451.00,17379.00],
[150439.00,12025.00],
[161438.00,2602.50],
[140282.00,22299.00],
[133711.00,27216.50],
[146316.00,16531.00],
[140332.00,20337.00],
[154759.00,11026.50],
[150147.00,16493.00],
[141252.00,18905.00],
*****************************t=81*****************************
82 generation time: 6.75 s
[143451.00,17379.00],
[150439.00,12025.00],
[161438.00,2602.50],
[140282.00,22299.00],
[133711.00,27216.50],
[146316.00,16531.00],
[140332.00,20337.00],
[154759.00,11026.50],
[150147.00,16493.00],
[141252.00,18905.00],
*****************************t=82*****************************
83 generation time: 6.84 s
[143451.00,17379.00],
[150439.00,12025.00],
[161438.00,2602.50],
[140282.00,22299.00],
[133711.00,27216.50],
[146316.00,16531.00],
[140332.00,20337.00],
[154759.00,11026.50],
[150147.00,16493.00],
[141252.00,18905.00],
*****************************t=83*****************************
84 generation time: 6.91 s
[143451.00,17379.00],
[150439.00,12025.00],
[161438.00,2602.50],
[140282.00,22299.00],
[133711.00,27216.50],
[146316.00,16531.00],
[140332.00,20337.00],
[154759.00,11026.50],
[150147.00,16493.00],
[141252.00,18905.00],
*****************************t=84*****************************
85 generation time: 6.99 s
[143451.00,17379.00],
[150439.00,12025.00],
[161438.00,2602.50],
[140282.00,22299.00],
[133711.00,27216.50],
[146316.00,16531.00],
[140332.00,20337.00],
[154759.00,11026.50],
[150147.00,16493.00],
[141252.00,18905.00],
*****************************t=85*****************************
86 generation time: 7.08 s
[143451.00,17379.00],
[150439.00,12025.00],
[161438.00,2602.50],
[140282.00,22299.00],
[133711.00,27216.50],
[146316.00,16531.00],
[140332.00,20337.00],
[154759.00,11026.50],
[150147.00,16493.00],
[141252.00,18905.00],
*****************************t=86*****************************
87 generation time: 7.16 s
[143451.00,17379.00],
[150439.00,12025.00],
[161438.00,2602.50],
[140282.00,22299.00],
[133711.00,27216.50],
[146316.00,16531.00],
[140332.00,20337.00],
[154759.00,11026.50],
[150147.00,16493.00],
[141252.00,18905.00],
*****************************t=87*****************************
88 generation time: 7.24 s
[143451.00,17379.00],
[150439.00,12025.00],
[161438.00,2602.50],
[140282.00,22299.00],
[133711.00,27216.50],
[146316.00,16531.00],
[140332.00,20337.00],
[154759.00,11026.50],
[150147.00,16493.00],
[141252.00,18905.00],
*****************************t=88*****************************
89 generation time: 7.32 s
[143451.00,17379.00],
[150439.00,12025.00],
[161438.00,2602.50],
[140282.00,22299.00],
[133711.00,27216.50],
[146316.00,16531.00],
[140332.00,20337.00],
[154759.00,11026.50],
[150147.00,16493.00],
[141252.00,18905.00],
*****************************t=89*****************************
90 generation time: 7.39 s
[143451.00,17379.00],
[150439.00,12025.00],
[161438.00,2602.50],
[140282.00,22299.00],
[133711.00,27216.50],
[146316.00,16531.00],
[140332.00,20337.00],
[154759.00,11026.50],
[150147.00,16493.00],
[141252.00,18905.00],
*****************************t=90*****************************
91 generation time: 7.47 s
[143451.00,17379.00],
[150439.00,12025.00],
[161438.00,2602.50],
[140282.00,22299.00],
[133711.00,27216.50],
[146316.00,16531.00],
[140332.00,20337.00],
[154759.00,11026.50],
[150147.00,16493.00],
[141252.00,18905.00],
*****************************t=91*****************************
92 generation time: 7.55 s
[143451.00,17379.00],
[150439.00,12025.00],
[161438.00,2602.50],
[140282.00,22299.00],
[133711.00,27216.50],
[146316.00,16531.00],
[140332.00,20337.00],
[154759.00,11026.50],
[150147.00,16493.00],
[141252.00,18905.00],
*****************************t=92*****************************
93 generation time: 7.63 s
[143451.00,17379.00],
[150439.00,12025.00],
[161438.00,2602.50],
[140282.00,22299.00],
[133711.00,27216.50],
[146316.00,16531.00],
[140332.00,20337.00],
[154759.00,11026.50],
[150147.00,16493.00],
[141252.00,18905.00],
*****************************t=93*****************************
94 generation time: 7.71 s
[143451.00,17379.00],
[150439.00,12025.00],
[161438.00,2602.50],
[140282.00,22299.00],
[133711.00,27216.50],
[146316.00,16531.00],
[140332.00,20337.00],
[154759.00,11026.50],
[150147.00,16493.00],
[141252.00,18905.00],
*****************************t=94*****************************
95 generation time: 7.80 s
[143451.00,17379.00],
[150439.00,12025.00],
[161438.00,2602.50],
[140282.00,22299.00],
[133711.00,27216.50],
[146316.00,16531.00],
[140332.00,20337.00],
[154759.00,11026.50],
[150147.00,16493.00],
[141252.00,18905.00],
*****************************t=95*****************************
96 generation time: 7.88 s
[143451.00,17379.00],
[150439.00,12025.00],
[161438.00,2602.50],
[140282.00,22299.00],
[133711.00,27216.50],
[146316.00,16531.00],
[140332.00,20337.00],
[154759.00,11026.50],
[150147.00,16493.00],
[141252.00,18905.00],
*****************************t=96*****************************
time to convergence: 7.92 s	
97 generation time: 7.96 s
[143451.00,17379.00],
[150439.00,12025.00],
[161438.00,2602.50],
[140282.00,22299.00],
[133711.00,27216.50],
[146316.00,16531.00],
[140332.00,20337.00],
[154759.00,11026.50],
[150147.00,16493.00],
[141252.00,18905.00],
[133650.00,31548.50],
*****************************t=97*****************************
98 generation time: 8.03 s
[143451.00,17379.00],
[150439.00,12025.00],
[161438.00,2602.50],
[140282.00,22299.00],
[133711.00,27216.50],
[146316.00,16531.00],
[140332.00,20337.00],
[154759.00,11026.50],
[150147.00,16493.00],
[141252.00,18905.00],
[133650.00,31548.50],
*****************************t=98*****************************
99 generation time: 8.11 s
[143451.00,17379.00],
[150439.00,12025.00],
[161438.00,2602.50],
[140282.00,22299.00],
[133711.00,27216.50],
[146316.00,16531.00],
[140332.00,20337.00],
[154759.00,11026.50],
[150147.00,16493.00],
[141252.00,18905.00],
[133650.00,31548.50],
*****************************t=99*****************************
100 generation time: 8.19 s
[143451.00,17379.00],
[150439.00,12025.00],
[161438.00,2602.50],
[140282.00,22299.00],
[133711.00,27216.50],
[146316.00,16531.00],
[140332.00,20337.00],
[154759.00,11026.50],
[150147.00,16493.00],
[141252.00,18905.00],
[133650.00,31548.50],
[143451.00,17379.00],
[150439.00,12025.00],
[161438.00,2602.50],
[140282.00,22299.00],
[133711.00,27216.50],
[146316.00,16531.00],
[140332.00,20337.00],
[154759.00,11026.50],
[150147.00,16493.00],
[141252.00,18905.00],
[133650.00,31548.50],
tot = 11
total time: 8.25 s
