m = 4 n = 14
pop = 30 gen = 100
init...begin
init...done
*****************************t=0*****************************
time to convergence: 0.06 s	
1 generation time: 0.09 s
[148372.00,13577.00],
[150859.00,6279.00],
*****************************t=1*****************************
2 generation time: 0.16 s
[148372.00,13577.00],
[150859.00,6279.00],
*****************************t=2*****************************
3 generation time: 0.23 s
[148372.00,13577.00],
[150859.00,6279.00],
*****************************t=3*****************************
4 generation time: 0.33 s
[148372.00,13577.00],
[150859.00,6279.00],
*****************************t=4*****************************
time to convergence: 0.38 s	
5 generation time: 0.41 s
[148372.00,13577.00],
[150859.00,6279.00],
[151003.00,2684.50],
*****************************t=5*****************************
6 generation time: 0.48 s
[148372.00,13577.00],
[150859.00,6279.00],
[151003.00,2684.50],
*****************************t=6*****************************
time to convergence: 0.55 s	
7 generation time: 0.58 s
[148372.00,13577.00],
[150859.00,6279.00],
[151003.00,2684.50],
[150685.00,12025.00],
*****************************t=7*****************************
8 generation time: 0.66 s
[148372.00,13577.00],
[150859.00,6279.00],
[151003.00,2684.50],
[150685.00,12025.00],
*****************************t=8*****************************
time to convergence: 0.71 s	
9 generation time: 0.74 s
[148372.00,13577.00],
[150859.00,6279.00],
[151003.00,2684.50],
[150685.00,12025.00],
[143484.00,55035.00],
*****************************t=9*****************************
10 generation time: 0.82 s
[148372.00,13577.00],
[150859.00,6279.00],
[151003.00,2684.50],
[150685.00,12025.00],
[143484.00,55035.00],
*****************************t=10*****************************
11 generation time: 0.91 s
[148372.00,13577.00],
[150859.00,6279.00],
[151003.00,2684.50],
[150685.00,12025.00],
[143484.00,55035.00],
*****************************t=11*****************************
12 generation time: 0.99 s
[148372.00,13577.00],
[150859.00,6279.00],
[151003.00,2684.50],
[150685.00,12025.00],
[143484.00,55035.00],
*****************************t=12*****************************
13 generation time: 1.08 s
[148372.00,13577.00],
[150859.00,6279.00],
[151003.00,2684.50],
[150685.00,12025.00],
[139540.00,43661.00],
*****************************t=13*****************************
14 generation time: 1.16 s
[148372.00,13577.00],
[150859.00,6279.00],
[151003.00,2684.50],
[150685.00,12025.00],
[139540.00,43661.00],
*****************************t=14*****************************
time to convergence: 1.21 s	
15 generation time: 1.24 s
[148372.00,13577.00],
[150859.00,6279.00],
[151003.00,2684.50],
[150685.00,12025.00],
[139540.00,43661.00],
[145026.00,43637.00],
*****************************t=15*****************************
16 generation time: 1.33 s
[148372.00,13577.00],
[150859.00,6279.00],
[151003.00,2684.50],
[150685.00,12025.00],
[139540.00,43661.00],
[145026.00,43637.00],
*****************************t=16*****************************
17 generation time: 1.41 s
[148372.00,13577.00],
[150859.00,6279.00],
[151003.00,2684.50],
[150685.00,12025.00],
[139540.00,43661.00],
[145026.00,43637.00],
*****************************t=17*****************************
18 generation time: 1.49 s
[148372.00,13577.00],
[150859.00,6279.00],
[151003.00,2684.50],
[150685.00,12025.00],
[139540.00,43661.00],
[145026.00,43637.00],
*****************************t=18*****************************
19 generation time: 1.57 s
[148372.00,13577.00],
[150859.00,6279.00],
[151003.00,2684.50],
[150685.00,12025.00],
[139540.00,43661.00],
[145026.00,43637.00],
*****************************t=19*****************************
20 generation time: 1.65 s
[148372.00,13577.00],
[150859.00,6279.00],
[151003.00,2684.50],
[150685.00,12025.00],
[139540.00,43661.00],
[145026.00,43637.00],
*****************************t=20*****************************
21 generation time: 1.73 s
[148372.00,13577.00],
[150859.00,6279.00],
[151003.00,2684.50],
[150685.00,12025.00],
[139540.00,43661.00],
[145026.00,43637.00],
*****************************t=21*****************************
22 generation time: 1.81 s
[148372.00,13577.00],
[150859.00,6279.00],
[151003.00,2684.50],
[150685.00,12025.00],
[139540.00,43661.00],
[145026.00,43637.00],
*****************************t=22*****************************
23 generation time: 1.90 s
[148372.00,13577.00],
[150859.00,6279.00],
[151003.00,2684.50],
[150685.00,12025.00],
[139540.00,43661.00],
[145026.00,43637.00],
*****************************t=23*****************************
24 generation time: 1.98 s
[148372.00,13577.00],
[150859.00,6279.00],
[151003.00,2684.50],
[150685.00,12025.00],
[139540.00,43661.00],
[145026.00,43637.00],
*****************************t=24*****************************
25 generation time: 2.06 s
[148372.00,13577.00],
[150859.00,6279.00],
[151003.00,2684.50],
[150685.00,12025.00],
[139540.00,43661.00],
[145026.00,43637.00],
*****************************t=25*****************************
26 generation time: 2.14 s
[148372.00,13577.00],
[150859.00,6279.00],
[151003.00,2684.50],
[150685.00,12025.00],
[139540.00,43661.00],
[140970.00,40553.00],
*****************************t=26*****************************
27 generation time: 2.22 s
[148372.00,13577.00],
[150859.00,6279.00],
[151003.00,2684.50],
[150685.00,12025.00],
[139540.00,43661.00],
[140970.00,40553.00],
*****************************t=27*****************************
time to convergence: 2.28 s	
28 generation time: 2.30 s
[148372.00,13577.00],
[150859.00,6279.00],
[151003.00,2684.50],
[150685.00,12025.00],
[139540.00,43661.00],
[140970.00,40553.00],
[145915.00,38131.00],
*****************************t=28*****************************
29 generation time: 2.38 s
[148372.00,13577.00],
[150859.00,6279.00],
[151003.00,2684.50],
[150685.00,12025.00],
[139540.00,43661.00],
[140970.00,40553.00],
[145915.00,38131.00],
*****************************t=29*****************************
30 generation time: 2.46 s
[148372.00,13577.00],
[150859.00,6279.00],
[151003.00,2684.50],
[150685.00,12025.00],
[139540.00,43661.00],
[140970.00,40553.00],
[145915.00,38131.00],
*****************************t=30*****************************
31 generation time: 2.53 s
[132694.00,11689.00],
[150859.00,6279.00],
[151003.00,2684.50],
*****************************t=31*****************************
32 generation time: 2.61 s
[132694.00,11689.00],
[150859.00,6279.00],
[151003.00,2684.50],
*****************************t=32*****************************
33 generation time: 2.69 s
[132694.00,11689.00],
[150859.00,6279.00],
[151003.00,2684.50],
*****************************t=33*****************************
34 generation time: 2.77 s
[132694.00,11689.00],
[150859.00,6279.00],
[151003.00,2684.50],
*****************************t=34*****************************
35 generation time: 2.85 s
[132694.00,11689.00],
[150859.00,6279.00],
[151003.00,2684.50],
*****************************t=35*****************************
36 generation time: 2.94 s
[132694.00,11689.00],
[150859.00,6279.00],
[151003.00,2684.50],
*****************************t=36*****************************
37 generation time: 3.00 s
[132694.00,11689.00],
[150859.00,6279.00],
[151003.00,2684.50],
*****************************t=37*****************************
38 generation time: 3.08 s
[132694.00,11689.00],
[150859.00,6279.00],
[151003.00,2684.50],
*****************************t=38*****************************
time to convergence: 3.14 s	
39 generation time: 3.17 s
[132694.00,11689.00],
[150859.00,6279.00],
[151003.00,2684.50],
[150101.00,6558.50],
*****************************t=39*****************************
40 generation time: 3.25 s
[132694.00,11689.00],
[150859.00,6279.00],
[151003.00,2684.50],
[150101.00,6558.50],
*****************************t=40*****************************
41 generation time: 3.33 s
[132694.00,11689.00],
[150859.00,6279.00],
[151003.00,2684.50],
[150101.00,6558.50],
*****************************t=41*****************************
42 generation time: 3.41 s
[132694.00,11689.00],
[150859.00,6279.00],
[151003.00,2684.50],
[150101.00,6558.50],
*****************************t=42*****************************
43 generation time: 3.49 s
[132694.00,11689.00],
[150859.00,6279.00],
[151003.00,2684.50],
[150101.00,6558.50],
*****************************t=43*****************************
44 generation time: 3.56 s
[132694.00,11689.00],
[150859.00,6279.00],
[151003.00,2684.50],
[150101.00,6558.50],
*****************************t=44*****************************
time to convergence: 3.63 s	
45 generation time: 3.64 s
[132694.00,11689.00],
[150859.00,6279.00],
[151003.00,2684.50],
[150101.00,6558.50],
[161140.00,1630.50],
*****************************t=45*****************************
46 generation time: 3.72 s
[132694.00,11689.00],
[150859.00,6279.00],
[151003.00,2684.50],
[150101.00,6558.50],
[161140.00,1630.50],
*****************************t=46*****************************
47 generation time: 3.81 s
[132694.00,11689.00],
[150859.00,6279.00],
[151003.00,2684.50],
[150101.00,6558.50],
[161140.00,1630.50],
*****************************t=47*****************************
48 generation time: 3.89 s
[132694.00,11689.00],
[150859.00,6279.00],
[151003.00,2684.50],
[150101.00,6558.50],
[161140.00,1630.50],
*****************************t=48*****************************
49 generation time: 3.97 s
[132694.00,11689.00],
[150859.00,6279.00],
[151003.00,2684.50],
[150101.00,6558.50],
[161140.00,1630.50],
*****************************t=49*****************************
50 generation time: 4.05 s
[132694.00,11689.00],
[150859.00,6279.00],
[151003.00,2684.50],
[150101.00,6558.50],
[161140.00,1630.50],
*****************************t=50*****************************
51 generation time: 4.13 s
[132694.00,11689.00],
[150859.00,6279.00],
[151003.00,2684.50],
[150101.00,6558.50],
[161140.00,1630.50],
*****************************t=51*****************************
52 generation time: 4.21 s
[132694.00,11689.00],
[150859.00,6279.00],
[151003.00,2684.50],
[150101.00,6558.50],
[161140.00,1630.50],
*****************************t=52*****************************
53 generation time: 4.28 s
[132694.00,11689.00],
[150859.00,6279.00],
[151003.00,2684.50],
[150101.00,6558.50],
[161140.00,1630.50],
*****************************t=53*****************************
54 generation time: 4.38 s
[132694.00,11689.00],
[150859.00,6279.00],
[151003.00,2684.50],
[150101.00,6558.50],
[161140.00,1630.50],
*****************************t=54*****************************
55 generation time: 4.46 s
[132694.00,11689.00],
[150859.00,6279.00],
[151003.00,2684.50],
[150101.00,6558.50],
[161140.00,1630.50],
*****************************t=55*****************************
56 generation time: 4.54 s
[132694.00,11689.00],
[150859.00,6279.00],
[151003.00,2684.50],
[150101.00,6558.50],
[161140.00,1630.50],
*****************************t=56*****************************
57 generation time: 4.63 s
[132694.00,11689.00],
[150859.00,6279.00],
[151003.00,2684.50],
[150101.00,6558.50],
[161140.00,1630.50],
*****************************t=57*****************************
58 generation time: 4.71 s
[132694.00,11689.00],
[150859.00,6279.00],
[151003.00,2684.50],
[150101.00,6558.50],
[161140.00,1630.50],
*****************************t=58*****************************
59 generation time: 4.79 s
[132694.00,11689.00],
[150859.00,6279.00],
[151003.00,2684.50],
[150101.00,6558.50],
[161140.00,1630.50],
*****************************t=59*****************************
60 generation time: 4.87 s
[132694.00,11689.00],
[150859.00,6279.00],
[151003.00,2684.50],
[150101.00,6558.50],
[161140.00,1630.50],
*****************************t=60*****************************
61 generation time: 4.95 s
[132694.00,11689.00],
[150859.00,6279.00],
[151003.00,2684.50],
[150101.00,6558.50],
[161140.00,1630.50],
*****************************t=61*****************************
62 generation time: 5.03 s
[132694.00,11689.00],
[150859.00,6279.00],
[151003.00,2684.50],
[150101.00,6558.50],
[161140.00,1630.50],
*****************************t=62*****************************
63 generation time: 5.12 s
[132694.00,11689.00],
[150859.00,6279.00],
[151003.00,2684.50],
[150101.00,6558.50],
[161140.00,1630.50],
*****************************t=63*****************************
64 generation time: 5.20 s
[132694.00,11689.00],
[150859.00,6279.00],
[151003.00,2684.50],
[150101.00,6558.50],
[161140.00,1630.50],
*****************************t=64*****************************
65 generation time: 5.28 s
[132694.00,11689.00],
[150859.00,6279.00],
[151003.00,2684.50],
[150101.00,6558.50],
[161140.00,1630.50],
*****************************t=65*****************************
66 generation time: 5.36 s
[132694.00,11689.00],
[150859.00,6279.00],
[151003.00,2684.50],
[150101.00,6558.50],
[161140.00,1630.50],
*****************************t=66*****************************
67 generation time: 5.46 s
[132694.00,11689.00],
[150859.00,6279.00],
[151003.00,2684.50],
[150101.00,6558.50],
[161140.00,1630.50],
*****************************t=67*****************************
68 generation time: 5.56 s
[132694.00,11689.00],
[150859.00,6279.00],
[151003.00,2684.50],
[150101.00,6558.50],
[161140.00,1630.50],
*****************************t=68*****************************
69 generation time: 5.65 s
[132694.00,11689.00],
[150859.00,6279.00],
[151003.00,2684.50],
[150101.00,6558.50],
[161140.00,1630.50],
*****************************t=69*****************************
70 generation time: 5.73 s
[132694.00,11689.00],
[150859.00,6279.00],
[151003.00,2684.50],
[150101.00,6558.50],
[161140.00,1630.50],
*****************************t=70*****************************
71 generation time: 5.80 s
[132694.00,11689.00],
[150859.00,6279.00],
[151003.00,2684.50],
[150101.00,6558.50],
[161140.00,1630.50],
*****************************t=71*****************************
72 generation time: 5.90 s
[132694.00,11689.00],
[150859.00,6279.00],
[151003.00,2684.50],
[150101.00,6558.50],
[161140.00,1630.50],
*****************************t=72*****************************
73 generation time: 5.98 s
[132694.00,11689.00],
[150859.00,6279.00],
[151003.00,2684.50],
[150101.00,6558.50],
[161140.00,1630.50],
*****************************t=73*****************************
74 generation time: 6.05 s
[132694.00,11689.00],
[150859.00,6279.00],
[151003.00,2684.50],
[150101.00,6558.50],
[161140.00,1630.50],
*****************************t=74*****************************
75 generation time: 6.13 s
[132694.00,11689.00],
[150859.00,6279.00],
[151003.00,2684.50],
[150101.00,6558.50],
[161140.00,1630.50],
*****************************t=75*****************************
76 generation time: 6.21 s
[132694.00,11689.00],
[150859.00,6279.00],
[151003.00,2684.50],
[150101.00,6558.50],
[161140.00,1630.50],
*****************************t=76*****************************
77 generation time: 6.29 s
[132694.00,11689.00],
[150859.00,6279.00],
[151003.00,2684.50],
[150101.00,6558.50],
[161140.00,1630.50],
*****************************t=77*****************************
78 generation time: 6.38 s
[132694.00,11689.00],
[150859.00,6279.00],
[151003.00,2684.50],
[150101.00,6558.50],
[161140.00,1630.50],
*****************************t=78*****************************
79 generation time: 6.46 s
[132694.00,11689.00],
[150859.00,6279.00],
[151003.00,2684.50],
[150101.00,6558.50],
[161140.00,1630.50],
*****************************t=79*****************************
80 generation time: 6.55 s
[132694.00,11689.00],
[150859.00,6279.00],
[151003.00,2684.50],
[150101.00,6558.50],
[161140.00,1630.50],
*****************************t=80*****************************
81 generation time: 6.65 s
[132694.00,11689.00],
[150859.00,6279.00],
[151003.00,2684.50],
[150101.00,6558.50],
[161140.00,1630.50],
*****************************t=81*****************************
82 generation time: 6.74 s
[132694.00,11689.00],
[150859.00,6279.00],
[151003.00,2684.50],
[150101.00,6558.50],
[161140.00,1630.50],
*****************************t=82*****************************
83 generation time: 6.82 s
[132694.00,11689.00],
[150859.00,6279.00],
[151003.00,2684.50],
[150101.00,6558.50],
[161140.00,1630.50],
*****************************t=83*****************************
84 generation time: 6.90 s
[132694.00,11689.00],
[150859.00,6279.00],
[151003.00,2684.50],
[150101.00,6558.50],
[161140.00,1630.50],
*****************************t=84*****************************
85 generation time: 6.99 s
[132694.00,11689.00],
[150859.00,6279.00],
[151003.00,2684.50],
[150101.00,6558.50],
[161140.00,1630.50],
*****************************t=85*****************************
86 generation time: 7.09 s
[132694.00,11689.00],
[150859.00,6279.00],
[151003.00,2684.50],
[150101.00,6558.50],
[161140.00,1630.50],
*****************************t=86*****************************
87 generation time: 7.18 s
[132694.00,11689.00],
[150859.00,6279.00],
[151003.00,2684.50],
[150101.00,6558.50],
[161140.00,1630.50],
*****************************t=87*****************************
88 generation time: 7.32 s
[132694.00,11689.00],
[150859.00,6279.00],
[151003.00,2684.50],
[150101.00,6558.50],
[161140.00,1630.50],
*****************************t=88*****************************
89 generation time: 7.40 s
[132694.00,11689.00],
[150859.00,6279.00],
[151003.00,2684.50],
[150101.00,6558.50],
[161140.00,1630.50],
*****************************t=89*****************************
90 generation time: 7.48 s
[132694.00,11689.00],
[150859.00,6279.00],
[151003.00,2684.50],
[150101.00,6558.50],
[161140.00,1630.50],
*****************************t=90*****************************
91 generation time: 7.57 s
[132694.00,11689.00],
[150859.00,6279.00],
[151003.00,2684.50],
[150101.00,6558.50],
[161140.00,1630.50],
*****************************t=91*****************************
92 generation time: 7.65 s
[132694.00,11689.00],
[150859.00,6279.00],
[151003.00,2684.50],
[150101.00,6558.50],
[161140.00,1630.50],
*****************************t=92*****************************
93 generation time: 7.74 s
[132694.00,11689.00],
[150859.00,6279.00],
[151003.00,2684.50],
[150101.00,6558.50],
[161140.00,1630.50],
*****************************t=93*****************************
94 generation time: 7.82 s
[132694.00,11689.00],
[150859.00,6279.00],
[151003.00,2684.50],
[150101.00,6558.50],
[161140.00,1630.50],
*****************************t=94*****************************
95 generation time: 7.90 s
[132694.00,11689.00],
[150859.00,6279.00],
[151003.00,2684.50],
[150101.00,6558.50],
[161140.00,1630.50],
*****************************t=95*****************************
96 generation time: 7.98 s
[132694.00,11689.00],
[150859.00,6279.00],
[151003.00,2684.50],
[150101.00,6558.50],
[161140.00,1630.50],
*****************************t=96*****************************
97 generation time: 8.05 s
[132694.00,11689.00],
[150859.00,6279.00],
[151003.00,2684.50],
[150101.00,6558.50],
[161140.00,1630.50],
*****************************t=97*****************************
98 generation time: 8.13 s
[132694.00,11689.00],
[150859.00,6279.00],
[151003.00,2684.50],
[150101.00,6558.50],
[161140.00,1630.50],
*****************************t=98*****************************
99 generation time: 8.21 s
[132694.00,11689.00],
[150859.00,6279.00],
[151003.00,2684.50],
[150101.00,6558.50],
[161140.00,1630.50],
*****************************t=99*****************************
100 generation time: 8.29 s
[132694.00,11689.00],
[150859.00,6279.00],
[151003.00,2684.50],
[150101.00,6558.50],
[161140.00,1630.50],
[132694.00,11689.00],
[150859.00,6279.00],
[151003.00,2684.50],
[150101.00,6558.50],
[161140.00,1630.50],
tot = 5
total time: 8.34 s
