m = 4 n = 28
pop = 30 gen = 100
init...begin
init...done
*****************************t=0*****************************
time to convergence: 0.08 s	
time to convergence: 0.08 s	
time to convergence: 0.08 s	
time to convergence: 0.08 s	
1 generation time: 0.11 s
[18035.00,1670.00],
[20034.00,502.00],
[19042.00,1662.00],
[17388.00,3162.00],
[26377.00,498.00],
*****************************t=1*****************************
2 generation time: 0.19 s
[18035.00,1670.00],
[20034.00,502.00],
[19042.00,1662.00],
[17388.00,3162.00],
[26377.00,498.00],
*****************************t=2*****************************
3 generation time: 0.28 s
[17376.00,1658.00],
[20034.00,502.00],
[26377.00,498.00],
*****************************t=3*****************************
4 generation time: 0.36 s
[17376.00,1658.00],
[20034.00,502.00],
[23045.00,494.00],
*****************************t=4*****************************
5 generation time: 0.44 s
[17376.00,1658.00],
[20034.00,502.00],
[23045.00,494.00],
*****************************t=5*****************************
time to convergence: 0.50 s	
time to convergence: 0.50 s	
6 generation time: 0.53 s
[17376.00,1658.00],
[20034.00,502.00],
[23045.00,494.00],
[18022.00,1496.00],
[18706.00,1164.00],
*****************************t=6*****************************
7 generation time: 0.61 s
[17376.00,1658.00],
[20034.00,502.00],
[23045.00,494.00],
[18022.00,1496.00],
[18706.00,1164.00],
*****************************t=7*****************************
time to convergence: 0.66 s	
8 generation time: 0.69 s
[17376.00,1658.00],
[20034.00,502.00],
[23045.00,494.00],
[18022.00,1496.00],
[18706.00,1164.00],
[23043.00,498.00],
*****************************t=8*****************************
9 generation time: 0.78 s
[17376.00,1658.00],
[20034.00,502.00],
[23045.00,494.00],
[18022.00,1496.00],
[18035.00,1164.00],
[23043.00,498.00],
*****************************t=9*****************************
10 generation time: 0.86 s
[17376.00,1658.00],
[20034.00,502.00],
[23045.00,494.00],
[18022.00,1496.00],
[18035.00,1164.00],
[23043.00,498.00],
*****************************t=10*****************************
11 generation time: 0.95 s
[17376.00,1658.00],
[19372.00,500.00],
[23045.00,494.00],
[17718.00,1166.00],
[18035.00,1164.00],
[23043.00,498.00],
*****************************t=11*****************************
12 generation time: 1.05 s
[17376.00,1658.00],
[19372.00,500.00],
[23045.00,494.00],
[17718.00,1166.00],
[18035.00,1164.00],
[22371.00,498.00],
*****************************t=12*****************************
13 generation time: 1.12 s
[17376.00,1658.00],
[19372.00,500.00],
[23045.00,494.00],
[17718.00,1166.00],
[18035.00,1164.00],
[22371.00,498.00],
*****************************t=13*****************************
14 generation time: 1.22 s
[17376.00,1658.00],
[19372.00,500.00],
[23045.00,494.00],
[17718.00,1166.00],
[18035.00,1164.00],
[22371.00,498.00],
*****************************t=14*****************************
time to convergence: 1.26 s	
15 generation time: 1.30 s
[17376.00,1658.00],
[19372.00,500.00],
[23045.00,494.00],
[17718.00,1166.00],
[18035.00,1164.00],
[22371.00,498.00],
[15686.00,1668.00],
*****************************t=15*****************************
16 generation time: 1.38 s
[17376.00,1658.00],
[19372.00,500.00],
[23045.00,494.00],
[17693.00,1164.00],
[22371.00,498.00],
[15686.00,1668.00],
*****************************t=16*****************************
17 generation time: 1.47 s
[17374.00,1000.00],
[19372.00,500.00],
[23045.00,494.00],
[22371.00,498.00],
[13015.00,1164.00],
*****************************t=17*****************************
18 generation time: 1.55 s
[16704.00,502.00],
[19372.00,500.00],
[23045.00,494.00],
[22371.00,498.00],
[13015.00,1164.00],
*****************************t=18*****************************
time to convergence: 1.61 s	
19 generation time: 1.64 s
[16704.00,502.00],
[19372.00,500.00],
[23045.00,494.00],
[22366.00,498.00],
[13015.00,1164.00],
[16376.00,990.00],
*****************************t=19*****************************
20 generation time: 1.73 s
[16704.00,502.00],
[19372.00,500.00],
[23045.00,494.00],
[19717.00,498.00],
[13015.00,1164.00],
[16376.00,990.00],
*****************************t=20*****************************
time to convergence: 1.78 s	
21 generation time: 1.81 s
[16704.00,502.00],
[19035.00,500.00],
[23045.00,494.00],
[19717.00,498.00],
[13015.00,1164.00],
[16376.00,990.00],
[21368.00,496.00],
*****************************t=21*****************************
22 generation time: 1.89 s
[16704.00,502.00],
[19035.00,500.00],
[23045.00,494.00],
[19717.00,498.00],
[13015.00,1164.00],
[16376.00,990.00],
[21368.00,496.00],
*****************************t=22*****************************
time to convergence: 1.96 s	
23 generation time: 1.99 s
[16704.00,502.00],
[19035.00,500.00],
[23045.00,494.00],
[19717.00,498.00],
[13015.00,1164.00],
[16376.00,990.00],
[21368.00,496.00],
[15696.00,1000.00],
*****************************t=23*****************************
time to convergence: 2.06 s	
24 generation time: 2.09 s
[16704.00,502.00],
[19035.00,500.00],
[23045.00,494.00],
[19717.00,498.00],
[13015.00,1164.00],
[16376.00,990.00],
[21368.00,496.00],
[15696.00,1000.00],
[14707.00,1162.00],
*****************************t=24*****************************
25 generation time: 2.19 s
[16704.00,502.00],
[19035.00,500.00],
[23045.00,494.00],
[19717.00,498.00],
[13015.00,1164.00],
[16376.00,990.00],
[21368.00,496.00],
[13689.00,996.00],
*****************************t=25*****************************
26 generation time: 2.27 s
[16704.00,502.00],
[19035.00,500.00],
[23045.00,494.00],
[19717.00,498.00],
[13015.00,1164.00],
[16376.00,990.00],
[21368.00,496.00],
[13689.00,996.00],
*****************************t=26*****************************
27 generation time: 2.37 s
[16704.00,502.00],
[19035.00,500.00],
[23045.00,494.00],
[19717.00,498.00],
[13015.00,1164.00],
[16376.00,990.00],
[21368.00,496.00],
[13689.00,996.00],
*****************************t=27*****************************
28 generation time: 2.46 s
[16704.00,502.00],
[17370.00,500.00],
[23045.00,494.00],
[19717.00,498.00],
[13015.00,1164.00],
[16376.00,990.00],
[21368.00,496.00],
[13689.00,996.00],
*****************************t=28*****************************
29 generation time: 2.55 s
[16704.00,502.00],
[17370.00,500.00],
[23045.00,494.00],
[19717.00,498.00],
[13015.00,1164.00],
[16376.00,990.00],
[21363.00,496.00],
[13689.00,996.00],
*****************************t=29*****************************
30 generation time: 2.64 s
[16369.00,496.00],
[23045.00,494.00],
[13015.00,1164.00],
[13689.00,996.00],
*****************************t=30*****************************
31 generation time: 2.72 s
[16369.00,496.00],
[23045.00,494.00],
[13015.00,1164.00],
[13689.00,996.00],
*****************************t=31*****************************
32 generation time: 2.81 s
[16369.00,496.00],
[23045.00,494.00],
[13015.00,1164.00],
[13689.00,996.00],
*****************************t=32*****************************
33 generation time: 2.90 s
[16369.00,496.00],
[23045.00,494.00],
[13015.00,1164.00],
[13689.00,996.00],
*****************************t=33*****************************
34 generation time: 2.99 s
[16369.00,496.00],
[23045.00,494.00],
[13015.00,1164.00],
[13680.00,996.00],
*****************************t=34*****************************
time to convergence: 3.05 s	
35 generation time: 3.09 s
[16369.00,496.00],
[23045.00,494.00],
[13015.00,1164.00],
[13680.00,996.00],
[15015.00,504.00],
*****************************t=35*****************************
36 generation time: 3.17 s
[16369.00,496.00],
[23045.00,494.00],
[13015.00,1164.00],
[13680.00,996.00],
[15015.00,504.00],
*****************************t=36*****************************
time to convergence: 3.23 s	
37 generation time: 3.26 s
[16369.00,496.00],
[23045.00,494.00],
[13015.00,1164.00],
[13680.00,996.00],
[15015.00,504.00],
[16361.00,500.00],
*****************************t=37*****************************
38 generation time: 3.34 s
[16369.00,496.00],
[18373.00,494.00],
[13015.00,1164.00],
[13680.00,996.00],
[15015.00,504.00],
[16361.00,500.00],
*****************************t=38*****************************
39 generation time: 3.43 s
[16369.00,496.00],
[18373.00,494.00],
[13015.00,1164.00],
[13680.00,996.00],
[15015.00,504.00],
[16361.00,500.00],
*****************************t=39*****************************
40 generation time: 3.53 s
[16369.00,496.00],
[18373.00,494.00],
[13015.00,1164.00],
[13680.00,996.00],
[15015.00,504.00],
[16361.00,500.00],
*****************************t=40*****************************
41 generation time: 3.61 s
[16369.00,496.00],
[18373.00,494.00],
[13011.00,996.00],
[15015.00,504.00],
[16361.00,500.00],
*****************************t=41*****************************
42 generation time: 3.70 s
[16369.00,496.00],
[18373.00,494.00],
[13011.00,996.00],
[15015.00,504.00],
[16361.00,500.00],
*****************************t=42*****************************
43 generation time: 3.78 s
[16369.00,496.00],
[18373.00,494.00],
[13011.00,996.00],
[15015.00,504.00],
[16361.00,500.00],
*****************************t=43*****************************
44 generation time: 3.88 s
[16369.00,496.00],
[18373.00,494.00],
[13011.00,996.00],
[15015.00,504.00],
[15691.00,498.00],
*****************************t=44*****************************
45 generation time: 3.95 s
[16369.00,496.00],
[18373.00,494.00],
[13011.00,996.00],
[15015.00,504.00],
[15691.00,498.00],
*****************************t=45*****************************
46 generation time: 4.05 s
[16369.00,496.00],
[18373.00,494.00],
[13011.00,996.00],
[15015.00,504.00],
[15691.00,498.00],
*****************************t=46*****************************
47 generation time: 4.13 s
[16369.00,496.00],
[18373.00,494.00],
[13011.00,996.00],
[15015.00,504.00],
[15691.00,498.00],
*****************************t=47*****************************
48 generation time: 4.20 s
[16369.00,496.00],
[18373.00,494.00],
[13011.00,996.00],
[13686.00,500.00],
[15691.00,498.00],
*****************************t=48*****************************
49 generation time: 4.30 s
[16369.00,496.00],
[18373.00,494.00],
[13011.00,500.00],
[15691.00,498.00],
*****************************t=49*****************************
50 generation time: 4.39 s
[16369.00,496.00],
[18373.00,494.00],
[13011.00,500.00],
[15691.00,498.00],
*****************************t=50*****************************
51 generation time: 4.49 s
[16369.00,496.00],
[18373.00,494.00],
[13011.00,500.00],
[15691.00,498.00],
*****************************t=51*****************************
52 generation time: 4.56 s
[16369.00,496.00],
[18373.00,494.00],
[13011.00,500.00],
[13686.00,498.00],
*****************************t=52*****************************
53 generation time: 4.64 s
[16369.00,496.00],
[18373.00,494.00],
[13011.00,500.00],
[13686.00,498.00],
*****************************t=53*****************************
54 generation time: 4.74 s
[14681.00,496.00],
[18373.00,494.00],
[13011.00,500.00],
[13686.00,498.00],
*****************************t=54*****************************
55 generation time: 4.81 s
[14681.00,496.00],
[18373.00,494.00],
[13011.00,500.00],
[13686.00,498.00],
*****************************t=55*****************************
56 generation time: 4.91 s
[14681.00,496.00],
[18373.00,494.00],
[13011.00,500.00],
[13013.00,498.00],
*****************************t=56*****************************
57 generation time: 5.00 s
[14681.00,496.00],
[18373.00,494.00],
[13011.00,500.00],
[13013.00,498.00],
*****************************t=57*****************************
58 generation time: 5.08 s
[14681.00,496.00],
[18373.00,494.00],
[13011.00,500.00],
[13013.00,498.00],
*****************************t=58*****************************
59 generation time: 5.17 s
[14681.00,496.00],
[18373.00,494.00],
[13011.00,500.00],
[13013.00,498.00],
*****************************t=59*****************************
60 generation time: 5.27 s
[14681.00,496.00],
[18373.00,494.00],
[13011.00,500.00],
[13013.00,498.00],
*****************************t=60*****************************
61 generation time: 5.34 s
[14681.00,496.00],
[18373.00,494.00],
[13011.00,498.00],
*****************************t=61*****************************
62 generation time: 5.44 s
[14681.00,496.00],
[18373.00,494.00],
[13011.00,498.00],
*****************************t=62*****************************
63 generation time: 5.53 s
[14681.00,496.00],
[18373.00,494.00],
[13011.00,498.00],
*****************************t=63*****************************
64 generation time: 5.63 s
[13011.00,496.00],
[18373.00,494.00],
*****************************t=64*****************************
time to convergence: 5.67 s	
65 generation time: 5.70 s
[13011.00,496.00],
[18373.00,494.00],
[12679.00,1658.00],
*****************************t=65*****************************
66 generation time: 5.78 s
[13011.00,496.00],
[18373.00,494.00],
[12679.00,1658.00],
*****************************t=66*****************************
67 generation time: 5.86 s
[13011.00,496.00],
[18373.00,494.00],
[12679.00,1658.00],
*****************************t=67*****************************
68 generation time: 5.96 s
[13011.00,496.00],
[18373.00,494.00],
[12679.00,1658.00],
*****************************t=68*****************************
69 generation time: 6.06 s
[13011.00,496.00],
[18373.00,494.00],
[12679.00,1658.00],
*****************************t=69*****************************
70 generation time: 6.15 s
[13011.00,496.00],
[18373.00,494.00],
[12679.00,1658.00],
*****************************t=70*****************************
time to convergence: 6.20 s	
71 generation time: 6.24 s
[13011.00,496.00],
[18373.00,494.00],
[12679.00,1658.00],
[12681.00,1656.00],
*****************************t=71*****************************
72 generation time: 6.32 s
[13011.00,496.00],
[18373.00,494.00],
[12679.00,1658.00],
[12681.00,1656.00],
*****************************t=72*****************************
73 generation time: 6.41 s
[13011.00,496.00],
[18373.00,494.00],
[12679.00,1658.00],
[12681.00,1656.00],
*****************************t=73*****************************
74 generation time: 6.50 s
[13011.00,496.00],
[18373.00,494.00],
[12679.00,1658.00],
[12681.00,1656.00],
*****************************t=74*****************************
75 generation time: 6.58 s
[13011.00,496.00],
[18373.00,494.00],
[12679.00,1658.00],
[12681.00,1656.00],
*****************************t=75*****************************
76 generation time: 6.67 s
[13011.00,496.00],
[18373.00,494.00],
[12679.00,1658.00],
[12681.00,1656.00],
*****************************t=76*****************************
77 generation time: 6.75 s
[13011.00,496.00],
[18373.00,494.00],
[12679.00,1658.00],
[12681.00,1656.00],
*****************************t=77*****************************
78 generation time: 6.85 s
[13011.00,496.00],
[18373.00,494.00],
[12679.00,1658.00],
[12681.00,1656.00],
*****************************t=78*****************************
79 generation time: 6.95 s
[13011.00,496.00],
[18373.00,494.00],
[12679.00,1658.00],
[12681.00,1656.00],
*****************************t=79*****************************
80 generation time: 7.04 s
[13011.00,496.00],
[17703.00,494.00],
[12679.00,1658.00],
[12681.00,1656.00],
*****************************t=80*****************************
time to convergence: 7.10 s	
81 generation time: 7.14 s
[13011.00,496.00],
[17703.00,494.00],
[12679.00,1658.00],
[12681.00,1656.00],
[12013.00,1660.00],
*****************************t=81*****************************
82 generation time: 7.23 s
[13011.00,496.00],
[17703.00,494.00],
[12679.00,1658.00],
[12681.00,1656.00],
[12013.00,1660.00],
*****************************t=82*****************************
83 generation time: 7.31 s
[13011.00,496.00],
[17703.00,494.00],
[12679.00,1658.00],
[12681.00,1656.00],
[12013.00,1660.00],
*****************************t=83*****************************
84 generation time: 7.41 s
[13011.00,496.00],
[17703.00,494.00],
[12679.00,1658.00],
[12681.00,1656.00],
[12013.00,1660.00],
*****************************t=84*****************************
85 generation time: 7.51 s
[13011.00,496.00],
[17703.00,494.00],
[12679.00,1658.00],
[12681.00,1656.00],
[12013.00,1660.00],
*****************************t=85*****************************
86 generation time: 7.60 s
[13011.00,496.00],
[17703.00,494.00],
[12679.00,1658.00],
[12681.00,1656.00],
[12013.00,1660.00],
*****************************t=86*****************************
87 generation time: 7.69 s
[13011.00,496.00],
[15021.00,494.00],
[12679.00,1658.00],
[12681.00,1656.00],
[12013.00,1660.00],
*****************************t=87*****************************
88 generation time: 7.78 s
[13011.00,496.00],
[15021.00,494.00],
[12679.00,1658.00],
[12681.00,1656.00],
[12013.00,1660.00],
*****************************t=88*****************************
89 generation time: 7.86 s
[13011.00,496.00],
[15021.00,494.00],
[12679.00,1658.00],
[12681.00,1656.00],
[12013.00,1660.00],
*****************************t=89*****************************
90 generation time: 7.95 s
[13011.00,496.00],
[15021.00,494.00],
[12679.00,1658.00],
[12681.00,1656.00],
[12013.00,1660.00],
*****************************t=90*****************************
91 generation time: 8.03 s
[13011.00,496.00],
[15021.00,494.00],
[12677.00,1494.00],
[12013.00,1660.00],
*****************************t=91*****************************
92 generation time: 8.12 s
[13011.00,496.00],
[15021.00,494.00],
[12677.00,1494.00],
[12013.00,1660.00],
*****************************t=92*****************************
93 generation time: 8.20 s
[13011.00,496.00],
[15021.00,494.00],
[12677.00,1494.00],
[12013.00,1660.00],
*****************************t=93*****************************
94 generation time: 8.30 s
[13011.00,496.00],
[15021.00,494.00],
[12677.00,1494.00],
[12013.00,1660.00],
*****************************t=94*****************************
time to convergence: 8.35 s	
95 generation time: 8.38 s
[13011.00,496.00],
[15021.00,494.00],
[12677.00,1494.00],
[12013.00,1660.00],
[12014.00,1656.00],
*****************************t=95*****************************
96 generation time: 8.48 s
[13011.00,496.00],
[15021.00,494.00],
[12677.00,1494.00],
[12013.00,1660.00],
[12014.00,1656.00],
*****************************t=96*****************************
97 generation time: 8.57 s
[13011.00,496.00],
[15021.00,494.00],
[12677.00,1494.00],
[12013.00,1660.00],
[12014.00,1656.00],
*****************************t=97*****************************
98 generation time: 8.64 s
[13011.00,496.00],
[15021.00,494.00],
[12677.00,1494.00],
[12013.00,1660.00],
[12014.00,1656.00],
*****************************t=98*****************************
99 generation time: 8.72 s
[13011.00,496.00],
[15017.00,494.00],
[12677.00,1494.00],
[12013.00,1660.00],
[12014.00,1656.00],
*****************************t=99*****************************
100 generation time: 8.81 s
[13011.00,496.00],
[15017.00,494.00],
[12677.00,1494.00],
[12013.00,1660.00],
[12014.00,1656.00],
[13011.00,496.00],
[15017.00,494.00],
[12677.00,1494.00],
[12013.00,1660.00],
[12014.00,1656.00],
tot = 5
total time: 8.86 s
