m = 4 n = 28
pop = 30 gen = 100
init...begin
init...done
*****************************t=0*****************************
time to convergence: 0.09 s	
time to convergence: 0.09 s	
time to convergence: 0.09 s	
time to convergence: 0.09 s	
1 generation time: 0.12 s
[18035.00,1670.00],
[20034.00,502.00],
[19042.00,1662.00],
[17388.00,3162.00],
[26377.00,498.00],
*****************************t=1*****************************
2 generation time: 0.23 s
[18035.00,1670.00],
[20034.00,502.00],
[19042.00,1662.00],
[17388.00,3162.00],
[26377.00,498.00],
*****************************t=2*****************************
3 generation time: 0.34 s
[17376.00,1658.00],
[20034.00,502.00],
[26377.00,498.00],
*****************************t=3*****************************
4 generation time: 0.44 s
[17376.00,1658.00],
[20034.00,502.00],
[23045.00,494.00],
*****************************t=4*****************************
5 generation time: 0.53 s
[17376.00,1658.00],
[20034.00,502.00],
[23045.00,494.00],
*****************************t=5*****************************
time to convergence: 0.60 s	
time to convergence: 0.60 s	
6 generation time: 0.63 s
[17376.00,1658.00],
[20034.00,502.00],
[23045.00,494.00],
[18022.00,1496.00],
[18706.00,1164.00],
*****************************t=6*****************************
7 generation time: 0.73 s
[17376.00,1658.00],
[20034.00,502.00],
[23045.00,494.00],
[18022.00,1496.00],
[18706.00,1164.00],
*****************************t=7*****************************
time to convergence: 0.79 s	
8 generation time: 0.83 s
[17376.00,1658.00],
[20034.00,502.00],
[23045.00,494.00],
[18022.00,1496.00],
[18706.00,1164.00],
[23043.00,498.00],
*****************************t=8*****************************
9 generation time: 0.94 s
[17376.00,1658.00],
[20034.00,502.00],
[23045.00,494.00],
[18022.00,1496.00],
[18035.00,1164.00],
[23043.00,498.00],
*****************************t=9*****************************
10 generation time: 1.04 s
[17376.00,1658.00],
[20034.00,502.00],
[23045.00,494.00],
[18022.00,1496.00],
[18035.00,1164.00],
[23043.00,498.00],
*****************************t=10*****************************
11 generation time: 1.15 s
[17376.00,1658.00],
[19372.00,500.00],
[23045.00,494.00],
[17718.00,1166.00],
[18035.00,1164.00],
[23043.00,498.00],
*****************************t=11*****************************
12 generation time: 1.25 s
[17376.00,1658.00],
[19372.00,500.00],
[23045.00,494.00],
[17718.00,1166.00],
[18035.00,1164.00],
[22371.00,498.00],
*****************************t=12*****************************
13 generation time: 1.36 s
[17376.00,1658.00],
[19372.00,500.00],
[23045.00,494.00],
[17718.00,1166.00],
[18035.00,1164.00],
[22371.00,498.00],
*****************************t=13*****************************
14 generation time: 1.46 s
[17376.00,1658.00],
[19372.00,500.00],
[23045.00,494.00],
[17718.00,1166.00],
[18035.00,1164.00],
[22371.00,498.00],
*****************************t=14*****************************
time to convergence: 1.52 s	
15 generation time: 1.56 s
[17376.00,1658.00],
[19372.00,500.00],
[23045.00,494.00],
[17718.00,1166.00],
[18035.00,1164.00],
[22371.00,498.00],
[15686.00,1668.00],
*****************************t=15*****************************
16 generation time: 1.66 s
[17376.00,1658.00],
[19372.00,500.00],
[23045.00,494.00],
[17693.00,1164.00],
[22371.00,498.00],
[15686.00,1668.00],
*****************************t=16*****************************
17 generation time: 1.75 s
[17374.00,1000.00],
[19372.00,500.00],
[23045.00,494.00],
[22371.00,498.00],
[13015.00,1164.00],
*****************************t=17*****************************
18 generation time: 1.87 s
[16704.00,502.00],
[19372.00,500.00],
[23045.00,494.00],
[22371.00,498.00],
[13015.00,1164.00],
*****************************t=18*****************************
time to convergence: 1.94 s	
19 generation time: 1.97 s
[16704.00,502.00],
[19372.00,500.00],
[23045.00,494.00],
[22366.00,498.00],
[13015.00,1164.00],
[16376.00,990.00],
*****************************t=19*****************************
20 generation time: 2.07 s
[16704.00,502.00],
[19372.00,500.00],
[23045.00,494.00],
[19717.00,498.00],
[13015.00,1164.00],
[16376.00,990.00],
*****************************t=20*****************************
time to convergence: 2.14 s	
21 generation time: 2.17 s
[16704.00,502.00],
[19035.00,500.00],
[23045.00,494.00],
[19717.00,498.00],
[13015.00,1164.00],
[16376.00,990.00],
[21368.00,496.00],
*****************************t=21*****************************
22 generation time: 2.26 s
[16704.00,502.00],
[19035.00,500.00],
[23045.00,494.00],
[19717.00,498.00],
[13015.00,1164.00],
[16376.00,990.00],
[21368.00,496.00],
*****************************t=22*****************************
time to convergence: 2.34 s	
23 generation time: 2.37 s
[16704.00,502.00],
[19035.00,500.00],
[23045.00,494.00],
[19717.00,498.00],
[13015.00,1164.00],
[16376.00,990.00],
[21368.00,496.00],
[15696.00,1000.00],
*****************************t=23*****************************
time to convergence: 2.45 s	
24 generation time: 2.48 s
[16704.00,502.00],
[19035.00,500.00],
[23045.00,494.00],
[19717.00,498.00],
[13015.00,1164.00],
[16376.00,990.00],
[21368.00,496.00],
[15696.00,1000.00],
[14707.00,1162.00],
*****************************t=24*****************************
25 generation time: 2.59 s
[16704.00,502.00],
[19035.00,500.00],
[23045.00,494.00],
[19717.00,498.00],
[13015.00,1164.00],
[16376.00,990.00],
[21368.00,496.00],
[13689.00,996.00],
*****************************t=25*****************************
26 generation time: 2.70 s
[16704.00,502.00],
[19035.00,500.00],
[23045.00,494.00],
[19717.00,498.00],
[13015.00,1164.00],
[16376.00,990.00],
[21368.00,496.00],
[13689.00,996.00],
*****************************t=26*****************************
27 generation time: 2.81 s
[16704.00,502.00],
[19035.00,500.00],
[23045.00,494.00],
[19717.00,498.00],
[13015.00,1164.00],
[16376.00,990.00],
[21368.00,496.00],
[13689.00,996.00],
*****************************t=27*****************************
28 generation time: 2.92 s
[16704.00,502.00],
[17370.00,500.00],
[23045.00,494.00],
[19717.00,498.00],
[13015.00,1164.00],
[16376.00,990.00],
[21368.00,496.00],
[13689.00,996.00],
*****************************t=28*****************************
29 generation time: 3.02 s
[16704.00,502.00],
[17370.00,500.00],
[23045.00,494.00],
[19717.00,498.00],
[13015.00,1164.00],
[16376.00,990.00],
[21363.00,496.00],
[13689.00,996.00],
*****************************t=29*****************************
30 generation time: 3.13 s
[16369.00,496.00],
[23045.00,494.00],
[13015.00,1164.00],
[13689.00,996.00],
*****************************t=30*****************************
31 generation time: 3.23 s
[16369.00,496.00],
[23045.00,494.00],
[13015.00,1164.00],
[13689.00,996.00],
*****************************t=31*****************************
32 generation time: 3.34 s
[16369.00,496.00],
[23045.00,494.00],
[13015.00,1164.00],
[13689.00,996.00],
*****************************t=32*****************************
33 generation time: 3.44 s
[16369.00,496.00],
[23045.00,494.00],
[13015.00,1164.00],
[13689.00,996.00],
*****************************t=33*****************************
34 generation time: 3.54 s
[16369.00,496.00],
[23045.00,494.00],
[13015.00,1164.00],
[13680.00,996.00],
*****************************t=34*****************************
time to convergence: 3.61 s	
35 generation time: 3.64 s
[16369.00,496.00],
[23045.00,494.00],
[13015.00,1164.00],
[13680.00,996.00],
[15015.00,504.00],
*****************************t=35*****************************
36 generation time: 3.75 s
[16369.00,496.00],
[23045.00,494.00],
[13015.00,1164.00],
[13680.00,996.00],
[15015.00,504.00],
*****************************t=36*****************************
time to convergence: 3.82 s	
37 generation time: 3.85 s
[16369.00,496.00],
[23045.00,494.00],
[13015.00,1164.00],
[13680.00,996.00],
[15015.00,504.00],
[16361.00,500.00],
*****************************t=37*****************************
38 generation time: 3.96 s
[16369.00,496.00],
[18373.00,494.00],
[13015.00,1164.00],
[13680.00,996.00],
[15015.00,504.00],
[16361.00,500.00],
*****************************t=38*****************************
39 generation time: 4.07 s
[16369.00,496.00],
[18373.00,494.00],
[13015.00,1164.00],
[13680.00,996.00],
[15015.00,504.00],
[16361.00,500.00],
*****************************t=39*****************************
40 generation time: 4.18 s
[16369.00,496.00],
[18373.00,494.00],
[13015.00,1164.00],
[13680.00,996.00],
[15015.00,504.00],
[16361.00,500.00],
*****************************t=40*****************************
41 generation time: 4.28 s
[16369.00,496.00],
[18373.00,494.00],
[13011.00,996.00],
[15015.00,504.00],
[16361.00,500.00],
*****************************t=41*****************************
42 generation time: 4.38 s
[16369.00,496.00],
[18373.00,494.00],
[13011.00,996.00],
[15015.00,504.00],
[16361.00,500.00],
*****************************t=42*****************************
43 generation time: 4.49 s
[16369.00,496.00],
[18373.00,494.00],
[13011.00,996.00],
[15015.00,504.00],
[16361.00,500.00],
*****************************t=43*****************************
44 generation time: 4.60 s
[16369.00,496.00],
[18373.00,494.00],
[13011.00,996.00],
[15015.00,504.00],
[15691.00,498.00],
*****************************t=44*****************************
45 generation time: 4.70 s
[16369.00,496.00],
[18373.00,494.00],
[13011.00,996.00],
[15015.00,504.00],
[15691.00,498.00],
*****************************t=45*****************************
46 generation time: 4.80 s
[16369.00,496.00],
[18373.00,494.00],
[13011.00,996.00],
[15015.00,504.00],
[15691.00,498.00],
*****************************t=46*****************************
47 generation time: 4.91 s
[16369.00,496.00],
[18373.00,494.00],
[13011.00,996.00],
[15015.00,504.00],
[15691.00,498.00],
*****************************t=47*****************************
48 generation time: 5.01 s
[16369.00,496.00],
[18373.00,494.00],
[13011.00,996.00],
[13686.00,500.00],
[15691.00,498.00],
*****************************t=48*****************************
49 generation time: 5.13 s
[16369.00,496.00],
[18373.00,494.00],
[13011.00,500.00],
[15691.00,498.00],
*****************************t=49*****************************
50 generation time: 5.25 s
[16369.00,496.00],
[18373.00,494.00],
[13011.00,500.00],
[15691.00,498.00],
*****************************t=50*****************************
51 generation time: 5.35 s
[16369.00,496.00],
[18373.00,494.00],
[13011.00,500.00],
[15691.00,498.00],
*****************************t=51*****************************
52 generation time: 5.46 s
[16369.00,496.00],
[18373.00,494.00],
[13011.00,500.00],
[13686.00,498.00],
*****************************t=52*****************************
53 generation time: 5.56 s
[16369.00,496.00],
[18373.00,494.00],
[13011.00,500.00],
[13686.00,498.00],
*****************************t=53*****************************
54 generation time: 5.67 s
[14681.00,496.00],
[18373.00,494.00],
[13011.00,500.00],
[13686.00,498.00],
*****************************t=54*****************************
55 generation time: 5.77 s
[14681.00,496.00],
[18373.00,494.00],
[13011.00,500.00],
[13686.00,498.00],
*****************************t=55*****************************
56 generation time: 5.88 s
[14681.00,496.00],
[18373.00,494.00],
[13011.00,500.00],
[13013.00,498.00],
*****************************t=56*****************************
57 generation time: 6.01 s
[14681.00,496.00],
[18373.00,494.00],
[13011.00,500.00],
[13013.00,498.00],
*****************************t=57*****************************
58 generation time: 6.11 s
[14681.00,496.00],
[18373.00,494.00],
[13011.00,500.00],
[13013.00,498.00],
*****************************t=58*****************************
59 generation time: 6.21 s
[14681.00,496.00],
[18373.00,494.00],
[13011.00,500.00],
[13013.00,498.00],
*****************************t=59*****************************
60 generation time: 6.33 s
[14681.00,496.00],
[18373.00,494.00],
[13011.00,500.00],
[13013.00,498.00],
*****************************t=60*****************************
61 generation time: 6.43 s
[14681.00,496.00],
[18373.00,494.00],
[13011.00,498.00],
*****************************t=61*****************************
62 generation time: 6.53 s
[14681.00,496.00],
[18373.00,494.00],
[13011.00,498.00],
*****************************t=62*****************************
63 generation time: 6.65 s
[14681.00,496.00],
[18373.00,494.00],
[13011.00,498.00],
*****************************t=63*****************************
64 generation time: 6.75 s
[13011.00,496.00],
[18373.00,494.00],
*****************************t=64*****************************
time to convergence: 6.82 s	
65 generation time: 6.85 s
[13011.00,496.00],
[18373.00,494.00],
[12679.00,1658.00],
*****************************t=65*****************************
66 generation time: 6.95 s
[13011.00,496.00],
[18373.00,494.00],
[12679.00,1658.00],
*****************************t=66*****************************
67 generation time: 7.05 s
[13011.00,496.00],
[18373.00,494.00],
[12679.00,1658.00],
*****************************t=67*****************************
68 generation time: 7.17 s
[13011.00,496.00],
[18373.00,494.00],
[12679.00,1658.00],
*****************************t=68*****************************
69 generation time: 7.28 s
[13011.00,496.00],
[18373.00,494.00],
[12679.00,1658.00],
*****************************t=69*****************************
70 generation time: 7.38 s
[13011.00,496.00],
[18373.00,494.00],
[12679.00,1658.00],
*****************************t=70*****************************
time to convergence: 7.45 s	
71 generation time: 7.49 s
[13011.00,496.00],
[18373.00,494.00],
[12679.00,1658.00],
[12681.00,1656.00],
*****************************t=71*****************************
72 generation time: 7.59 s
[13011.00,496.00],
[18373.00,494.00],
[12679.00,1658.00],
[12681.00,1656.00],
*****************************t=72*****************************
73 generation time: 7.70 s
[13011.00,496.00],
[18373.00,494.00],
[12679.00,1658.00],
[12681.00,1656.00],
*****************************t=73*****************************
74 generation time: 7.81 s
[13011.00,496.00],
[18373.00,494.00],
[12679.00,1658.00],
[12681.00,1656.00],
*****************************t=74*****************************
75 generation time: 7.92 s
[13011.00,496.00],
[18373.00,494.00],
[12679.00,1658.00],
[12681.00,1656.00],
*****************************t=75*****************************
76 generation time: 8.03 s
[13011.00,496.00],
[18373.00,494.00],
[12679.00,1658.00],
[12681.00,1656.00],
*****************************t=76*****************************
77 generation time: 8.13 s
[13011.00,496.00],
[18373.00,494.00],
[12679.00,1658.00],
[12681.00,1656.00],
*****************************t=77*****************************
78 generation time: 8.25 s
[13011.00,496.00],
[18373.00,494.00],
[12679.00,1658.00],
[12681.00,1656.00],
*****************************t=78*****************************
79 generation time: 8.36 s
[13011.00,496.00],
[18373.00,494.00],
[12679.00,1658.00],
[12681.00,1656.00],
*****************************t=79*****************************
80 generation time: 8.46 s
[13011.00,496.00],
[17703.00,494.00],
[12679.00,1658.00],
[12681.00,1656.00],
*****************************t=80*****************************
time to convergence: 8.54 s	
81 generation time: 8.59 s
[13011.00,496.00],
[17703.00,494.00],
[12679.00,1658.00],
[12681.00,1656.00],
[12013.00,1660.00],
*****************************t=81*****************************
82 generation time: 8.69 s
[13011.00,496.00],
[17703.00,494.00],
[12679.00,1658.00],
[12681.00,1656.00],
[12013.00,1660.00],
*****************************t=82*****************************
83 generation time: 8.79 s
[13011.00,496.00],
[17703.00,494.00],
[12679.00,1658.00],
[12681.00,1656.00],
[12013.00,1660.00],
*****************************t=83*****************************
84 generation time: 8.92 s
[13011.00,496.00],
[17703.00,494.00],
[12679.00,1658.00],
[12681.00,1656.00],
[12013.00,1660.00],
*****************************t=84*****************************
85 generation time: 9.05 s
[13011.00,496.00],
[17703.00,494.00],
[12679.00,1658.00],
[12681.00,1656.00],
[12013.00,1660.00],
*****************************t=85*****************************
86 generation time: 9.15 s
[13011.00,496.00],
[17703.00,494.00],
[12679.00,1658.00],
[12681.00,1656.00],
[12013.00,1660.00],
*****************************t=86*****************************
87 generation time: 9.25 s
[13011.00,496.00],
[15021.00,494.00],
[12679.00,1658.00],
[12681.00,1656.00],
[12013.00,1660.00],
*****************************t=87*****************************
88 generation time: 9.36 s
[13011.00,496.00],
[15021.00,494.00],
[12679.00,1658.00],
[12681.00,1656.00],
[12013.00,1660.00],
*****************************t=88*****************************
89 generation time: 9.46 s
[13011.00,496.00],
[15021.00,494.00],
[12679.00,1658.00],
[12681.00,1656.00],
[12013.00,1660.00],
*****************************t=89*****************************
90 generation time: 9.56 s
[13011.00,496.00],
[15021.00,494.00],
[12679.00,1658.00],
[12681.00,1656.00],
[12013.00,1660.00],
*****************************t=90*****************************
91 generation time: 9.66 s
[13011.00,496.00],
[15021.00,494.00],
[12677.00,1494.00],
[12013.00,1660.00],
*****************************t=91*****************************
92 generation time: 9.75 s
[13011.00,496.00],
[15021.00,494.00],
[12677.00,1494.00],
[12013.00,1660.00],
*****************************t=92*****************************
93 generation time: 9.85 s
[13011.00,496.00],
[15021.00,494.00],
[12677.00,1494.00],
[12013.00,1660.00],
*****************************t=93*****************************
94 generation time: 9.97 s
[13011.00,496.00],
[15021.00,494.00],
[12677.00,1494.00],
[12013.00,1660.00],
*****************************t=94*****************************
time to convergence: 10.04 s	
95 generation time: 10.09 s
[13011.00,496.00],
[15021.00,494.00],
[12677.00,1494.00],
[12013.00,1660.00],
[12014.00,1656.00],
*****************************t=95*****************************
96 generation time: 10.20 s
[13011.00,496.00],
[15021.00,494.00],
[12677.00,1494.00],
[12013.00,1660.00],
[12014.00,1656.00],
*****************************t=96*****************************
97 generation time: 10.31 s
[13011.00,496.00],
[15021.00,494.00],
[12677.00,1494.00],
[12013.00,1660.00],
[12014.00,1656.00],
*****************************t=97*****************************
98 generation time: 10.41 s
[13011.00,496.00],
[15021.00,494.00],
[12677.00,1494.00],
[12013.00,1660.00],
[12014.00,1656.00],
*****************************t=98*****************************
99 generation time: 10.51 s
[13011.00,496.00],
[15017.00,494.00],
[12677.00,1494.00],
[12013.00,1660.00],
[12014.00,1656.00],
*****************************t=99*****************************
100 generation time: 10.61 s
[13011.00,496.00],
[15017.00,494.00],
[12677.00,1494.00],
[12013.00,1660.00],
[12014.00,1656.00],
[13011.00,496.00],
[15017.00,494.00],
[12677.00,1494.00],
[12013.00,1660.00],
[12014.00,1656.00],
tot = 5
total time: 10.67 s
