m = 4 n = 28
pop = 30 gen = 100
init...begin
init...done
*****************************t=0*****************************
time to convergence: 0.08 s	
time to convergence: 0.08 s	
time to convergence: 0.08 s	
time to convergence: 0.08 s	
time to convergence: 0.08 s	
1 generation time: 0.12 s
[20371.00,996.00],
[18708.00,1168.00],
[14350.00,1660.00],
[19043.00,1164.00],
[26722.00,494.00],
[22695.00,496.00],
*****************************t=1*****************************
2 generation time: 0.22 s
[20371.00,996.00],
[18708.00,1168.00],
[14350.00,1660.00],
[19043.00,1164.00],
[26722.00,494.00],
[22695.00,496.00],
*****************************t=2*****************************
time to convergence: 0.28 s	
3 generation time: 0.32 s
[20371.00,996.00],
[18708.00,1168.00],
[14350.00,1660.00],
[19043.00,1164.00],
[26722.00,494.00],
[22695.00,496.00],
[21712.00,500.00],
*****************************t=3*****************************
4 generation time: 0.41 s
[20371.00,996.00],
[18708.00,1168.00],
[14350.00,1660.00],
[19043.00,1164.00],
[26722.00,494.00],
[22695.00,496.00],
[21712.00,500.00],
*****************************t=4*****************************
5 generation time: 0.50 s
[20371.00,996.00],
[18698.00,1166.00],
[14350.00,1660.00],
[19043.00,1164.00],
[26722.00,494.00],
[22695.00,496.00],
[21712.00,500.00],
*****************************t=5*****************************
6 generation time: 0.59 s
[20371.00,996.00],
[18698.00,1166.00],
[14350.00,1660.00],
[19043.00,1164.00],
[26722.00,494.00],
[22695.00,496.00],
[21712.00,500.00],
*****************************t=6*****************************
7 generation time: 0.69 s
[20371.00,996.00],
[18698.00,1166.00],
[14350.00,1660.00],
[19043.00,1164.00],
[26722.00,494.00],
[22695.00,496.00],
[21712.00,500.00],
*****************************t=7*****************************
8 generation time: 0.78 s
[19034.00,498.00],
[18698.00,1166.00],
[14350.00,1660.00],
[26722.00,494.00],
[22695.00,496.00],
*****************************t=8*****************************
9 generation time: 0.87 s
[19034.00,498.00],
[18031.00,996.00],
[14350.00,1660.00],
[26722.00,494.00],
[22695.00,496.00],
*****************************t=9*****************************
10 generation time: 0.97 s
[19034.00,498.00],
[18031.00,996.00],
[14350.00,1660.00],
[26722.00,494.00],
[22695.00,496.00],
*****************************t=10*****************************
11 generation time: 1.06 s
[19034.00,498.00],
[18031.00,996.00],
[14350.00,1660.00],
[26722.00,494.00],
[22695.00,496.00],
*****************************t=11*****************************
12 generation time: 1.16 s
[19034.00,498.00],
[17365.00,996.00],
[14350.00,1660.00],
[26722.00,494.00],
[22695.00,496.00],
*****************************t=12*****************************
13 generation time: 1.26 s
[19034.00,498.00],
[17365.00,996.00],
[14350.00,1660.00],
[26722.00,494.00],
[20376.00,496.00],
*****************************t=13*****************************
14 generation time: 1.36 s
[19034.00,498.00],
[17365.00,996.00],
[14350.00,1660.00],
[26722.00,494.00],
[20376.00,496.00],
*****************************t=14*****************************
time to convergence: 1.43 s	
15 generation time: 1.47 s
[19034.00,498.00],
[17365.00,996.00],
[14350.00,1660.00],
[26722.00,494.00],
[20376.00,496.00],
[13710.00,1670.00],
*****************************t=15*****************************
16 generation time: 1.57 s
[19034.00,498.00],
[17365.00,996.00],
[14350.00,1660.00],
[26722.00,494.00],
[20376.00,496.00],
[13710.00,1670.00],
*****************************t=16*****************************
17 generation time: 1.67 s
[19034.00,498.00],
[17365.00,996.00],
[14350.00,1660.00],
[26722.00,494.00],
[20376.00,496.00],
[13710.00,1670.00],
*****************************t=17*****************************
time to convergence: 1.74 s	
time to convergence: 1.74 s	
18 generation time: 1.77 s
[19034.00,498.00],
[16369.00,500.00],
[14350.00,1660.00],
[26722.00,494.00],
[20376.00,496.00],
[13710.00,1670.00],
[15043.00,1166.00],
*****************************t=18*****************************
19 generation time: 1.86 s
[19034.00,498.00],
[16369.00,500.00],
[14350.00,1660.00],
[26722.00,494.00],
[19035.00,496.00],
[13710.00,1670.00],
[15043.00,1166.00],
*****************************t=19*****************************
20 generation time: 1.96 s
[19034.00,498.00],
[16369.00,500.00],
[13364.00,1000.00],
[26722.00,494.00],
[19035.00,496.00],
*****************************t=20*****************************
21 generation time: 2.06 s
[19034.00,498.00],
[16369.00,500.00],
[13364.00,1000.00],
[26722.00,494.00],
[19035.00,496.00],
*****************************t=21*****************************
22 generation time: 2.16 s
[19034.00,498.00],
[16369.00,500.00],
[13364.00,1000.00],
[26722.00,494.00],
[19035.00,496.00],
*****************************t=22*****************************
23 generation time: 2.25 s
[19034.00,498.00],
[16369.00,500.00],
[13364.00,1000.00],
[26722.00,494.00],
[19035.00,496.00],
*****************************t=23*****************************
24 generation time: 2.36 s
[19034.00,498.00],
[16369.00,500.00],
[13364.00,1000.00],
[26722.00,494.00],
[19035.00,496.00],
*****************************t=24*****************************
25 generation time: 2.45 s
[19034.00,498.00],
[16369.00,500.00],
[13364.00,1000.00],
[26722.00,494.00],
[19035.00,496.00],
*****************************t=25*****************************
26 generation time: 2.56 s
[19034.00,498.00],
[16369.00,500.00],
[13364.00,1000.00],
[26722.00,494.00],
[19035.00,496.00],
*****************************t=26*****************************
27 generation time: 2.65 s
[19034.00,498.00],
[16369.00,500.00],
[13364.00,1000.00],
[26722.00,494.00],
[19035.00,496.00],
*****************************t=27*****************************
28 generation time: 2.74 s
[19034.00,498.00],
[16369.00,500.00],
[13364.00,1000.00],
[26722.00,494.00],
[19035.00,496.00],
*****************************t=28*****************************
29 generation time: 2.83 s
[19034.00,498.00],
[16369.00,500.00],
[13364.00,1000.00],
[26722.00,494.00],
[19035.00,496.00],
*****************************t=29*****************************
30 generation time: 2.92 s
[19034.00,498.00],
[16369.00,500.00],
[13364.00,1000.00],
[26722.00,494.00],
[19035.00,496.00],
*****************************t=30*****************************
31 generation time: 3.03 s
[19034.00,498.00],
[16369.00,500.00],
[13364.00,1000.00],
[26722.00,494.00],
[19035.00,496.00],
*****************************t=31*****************************
32 generation time: 3.13 s
[19034.00,498.00],
[16369.00,500.00],
[13364.00,1000.00],
[26722.00,494.00],
[19035.00,496.00],
*****************************t=32*****************************
33 generation time: 3.23 s
[19034.00,498.00],
[16369.00,500.00],
[13364.00,1000.00],
[26722.00,494.00],
[19035.00,496.00],
*****************************t=33*****************************
34 generation time: 3.33 s
[19034.00,498.00],
[16369.00,500.00],
[13364.00,1000.00],
[26722.00,494.00],
[19035.00,496.00],
*****************************t=34*****************************
35 generation time: 3.42 s
[19034.00,498.00],
[16369.00,500.00],
[13364.00,1000.00],
[26722.00,494.00],
[19035.00,496.00],
*****************************t=35*****************************
36 generation time: 3.52 s
[19034.00,498.00],
[16369.00,500.00],
[13364.00,1000.00],
[26722.00,494.00],
[19035.00,496.00],
*****************************t=36*****************************
37 generation time: 3.62 s
[19034.00,498.00],
[16369.00,500.00],
[13364.00,1000.00],
[26722.00,494.00],
[19035.00,496.00],
*****************************t=37*****************************
38 generation time: 3.72 s
[19034.00,498.00],
[16369.00,500.00],
[13364.00,1000.00],
[26722.00,494.00],
[19035.00,496.00],
*****************************t=38*****************************
39 generation time: 3.81 s
[19034.00,498.00],
[16369.00,500.00],
[13364.00,1000.00],
[26722.00,494.00],
[19035.00,496.00],
*****************************t=39*****************************
40 generation time: 3.91 s
[19034.00,498.00],
[16369.00,500.00],
[13364.00,1000.00],
[26722.00,494.00],
[19035.00,496.00],
*****************************t=40*****************************
41 generation time: 4.01 s
[19034.00,498.00],
[16369.00,500.00],
[13364.00,1000.00],
[26722.00,494.00],
[19035.00,496.00],
*****************************t=41*****************************
42 generation time: 4.11 s
[19034.00,498.00],
[16369.00,500.00],
[13364.00,1000.00],
[26722.00,494.00],
[19035.00,496.00],
*****************************t=42*****************************
43 generation time: 4.21 s
[19034.00,498.00],
[16369.00,500.00],
[13364.00,1000.00],
[26722.00,494.00],
[19035.00,496.00],
*****************************t=43*****************************
44 generation time: 4.30 s
[19034.00,498.00],
[16369.00,500.00],
[13364.00,1000.00],
[26722.00,494.00],
[19035.00,496.00],
*****************************t=44*****************************
45 generation time: 4.39 s
[19034.00,498.00],
[16369.00,500.00],
[13364.00,1000.00],
[26722.00,494.00],
[19035.00,496.00],
*****************************t=45*****************************
46 generation time: 4.49 s
[17693.00,498.00],
[16369.00,500.00],
[13364.00,1000.00],
[26722.00,494.00],
[19035.00,496.00],
*****************************t=46*****************************
47 generation time: 4.58 s
[17693.00,498.00],
[16369.00,500.00],
[13364.00,1000.00],
[26722.00,494.00],
[19035.00,496.00],
*****************************t=47*****************************
48 generation time: 4.68 s
[17693.00,498.00],
[16369.00,500.00],
[13364.00,1000.00],
[26722.00,494.00],
[19035.00,496.00],
*****************************t=48*****************************
49 generation time: 4.77 s
[17693.00,498.00],
[16369.00,500.00],
[13364.00,1000.00],
[26722.00,494.00],
[19035.00,496.00],
*****************************t=49*****************************
50 generation time: 4.87 s
[17693.00,498.00],
[16369.00,500.00],
[13364.00,1000.00],
[17695.00,494.00],
*****************************t=50*****************************
51 generation time: 4.97 s
[17693.00,498.00],
[16369.00,500.00],
[13364.00,1000.00],
[17695.00,494.00],
*****************************t=51*****************************
52 generation time: 5.06 s
[17693.00,498.00],
[16369.00,500.00],
[13364.00,1000.00],
[17695.00,494.00],
*****************************t=52*****************************
53 generation time: 5.16 s
[17693.00,498.00],
[16369.00,500.00],
[13364.00,1000.00],
[17695.00,494.00],
*****************************t=53*****************************
54 generation time: 5.25 s
[17693.00,498.00],
[16369.00,500.00],
[13364.00,1000.00],
[17695.00,494.00],
*****************************t=54*****************************
55 generation time: 5.36 s
[17693.00,498.00],
[16369.00,500.00],
[13364.00,1000.00],
[17695.00,494.00],
*****************************t=55*****************************
56 generation time: 5.46 s
[17693.00,498.00],
[16369.00,500.00],
[13364.00,1000.00],
[17695.00,494.00],
*****************************t=56*****************************
57 generation time: 5.56 s
[17693.00,498.00],
[16369.00,500.00],
[13364.00,1000.00],
[17695.00,494.00],
*****************************t=57*****************************
58 generation time: 5.66 s
[17693.00,498.00],
[16369.00,500.00],
[13364.00,1000.00],
[17695.00,494.00],
*****************************t=58*****************************
59 generation time: 5.76 s
[17693.00,498.00],
[16369.00,500.00],
[13364.00,1000.00],
[17695.00,494.00],
*****************************t=59*****************************
60 generation time: 5.87 s
[17693.00,498.00],
[16369.00,500.00],
[13364.00,1000.00],
[17695.00,494.00],
*****************************t=60*****************************
61 generation time: 5.96 s
[17693.00,498.00],
[16369.00,500.00],
[13364.00,1000.00],
[17695.00,494.00],
*****************************t=61*****************************
time to convergence: 6.02 s	
62 generation time: 6.05 s
[17693.00,498.00],
[16369.00,500.00],
[13364.00,1000.00],
[17695.00,494.00],
[14692.00,994.00],
*****************************t=62*****************************
63 generation time: 6.15 s
[17359.00,496.00],
[16369.00,500.00],
[13364.00,1000.00],
[17695.00,494.00],
[14692.00,994.00],
*****************************t=63*****************************
64 generation time: 6.25 s
[17359.00,496.00],
[16369.00,500.00],
[13364.00,1000.00],
[17695.00,494.00],
[14692.00,994.00],
*****************************t=64*****************************
65 generation time: 6.35 s
[17359.00,496.00],
[16369.00,500.00],
[13364.00,1000.00],
[17695.00,494.00],
[14692.00,994.00],
*****************************t=65*****************************
66 generation time: 6.45 s
[17359.00,496.00],
[16369.00,500.00],
[13364.00,1000.00],
[17695.00,494.00],
[14692.00,994.00],
*****************************t=66*****************************
67 generation time: 6.56 s
[17359.00,496.00],
[16369.00,500.00],
[13364.00,1000.00],
[17695.00,494.00],
[14692.00,994.00],
*****************************t=67*****************************
68 generation time: 6.66 s
[17359.00,496.00],
[16369.00,500.00],
[13364.00,1000.00],
[17695.00,494.00],
[14692.00,994.00],
*****************************t=68*****************************
69 generation time: 6.76 s
[17359.00,496.00],
[16369.00,500.00],
[13364.00,1000.00],
[17695.00,494.00],
[14692.00,994.00],
*****************************t=69*****************************
70 generation time: 6.87 s
[17359.00,496.00],
[16369.00,500.00],
[13364.00,1000.00],
[17695.00,494.00],
[14692.00,994.00],
*****************************t=70*****************************
71 generation time: 6.98 s
[17359.00,496.00],
[16369.00,500.00],
[13364.00,1000.00],
[17695.00,494.00],
[14692.00,994.00],
*****************************t=71*****************************
time to convergence: 7.05 s	
72 generation time: 7.08 s
[17359.00,496.00],
[16369.00,500.00],
[13364.00,1000.00],
[17695.00,494.00],
[14692.00,994.00],
[14706.00,992.00],
*****************************t=72*****************************
73 generation time: 7.18 s
[17359.00,496.00],
[16369.00,500.00],
[13364.00,1000.00],
[17695.00,494.00],
[14692.00,994.00],
[14706.00,992.00],
*****************************t=73*****************************
74 generation time: 7.29 s
[17359.00,496.00],
[16369.00,500.00],
[13364.00,1000.00],
[17695.00,494.00],
[14692.00,994.00],
[14706.00,992.00],
*****************************t=74*****************************
75 generation time: 7.39 s
[17359.00,496.00],
[16369.00,500.00],
[13364.00,1000.00],
[17695.00,494.00],
[14692.00,994.00],
[14706.00,992.00],
*****************************t=75*****************************
time to convergence: 7.46 s	
76 generation time: 7.49 s
[17359.00,496.00],
[16369.00,500.00],
[13364.00,1000.00],
[17695.00,494.00],
[14692.00,994.00],
[14706.00,992.00],
[16376.00,498.00],
*****************************t=76*****************************
77 generation time: 7.59 s
[17359.00,496.00],
[16369.00,500.00],
[13364.00,1000.00],
[17695.00,494.00],
[14692.00,994.00],
[14706.00,992.00],
[16376.00,498.00],
*****************************t=77*****************************
78 generation time: 7.69 s
[17359.00,496.00],
[16369.00,500.00],
[13364.00,1000.00],
[17695.00,494.00],
[14692.00,994.00],
[14706.00,992.00],
[16376.00,498.00],
*****************************t=78*****************************
79 generation time: 7.79 s
[17359.00,496.00],
[16369.00,500.00],
[13364.00,1000.00],
[17695.00,494.00],
[14692.00,994.00],
[14706.00,992.00],
[16376.00,498.00],
*****************************t=79*****************************
80 generation time: 7.89 s
[17359.00,496.00],
[16369.00,500.00],
[13364.00,1000.00],
[17695.00,494.00],
[14692.00,994.00],
[14706.00,992.00],
[16376.00,498.00],
*****************************t=80*****************************
81 generation time: 8.00 s
[17359.00,496.00],
[16369.00,500.00],
[13364.00,1000.00],
[17695.00,494.00],
[14692.00,994.00],
[14706.00,992.00],
[16376.00,498.00],
*****************************t=81*****************************
82 generation time: 8.10 s
[17359.00,496.00],
[16369.00,500.00],
[13364.00,1000.00],
[17695.00,494.00],
[14692.00,994.00],
[14706.00,992.00],
[16376.00,498.00],
*****************************t=82*****************************
83 generation time: 8.21 s
[17359.00,496.00],
[16369.00,500.00],
[13364.00,1000.00],
[17695.00,494.00],
[14692.00,994.00],
[14706.00,992.00],
[16376.00,498.00],
*****************************t=83*****************************
84 generation time: 8.30 s
[17359.00,496.00],
[16369.00,500.00],
[13364.00,1000.00],
[17695.00,494.00],
[14692.00,994.00],
[14706.00,992.00],
[16376.00,498.00],
*****************************t=84*****************************
85 generation time: 8.40 s
[17359.00,496.00],
[16369.00,500.00],
[13364.00,1000.00],
[17695.00,494.00],
[14692.00,994.00],
[14706.00,992.00],
[16376.00,498.00],
*****************************t=85*****************************
86 generation time: 8.51 s
[17359.00,496.00],
[16369.00,500.00],
[13364.00,1000.00],
[17695.00,494.00],
[14692.00,994.00],
[14706.00,992.00],
[16376.00,498.00],
*****************************t=86*****************************
87 generation time: 8.62 s
[17359.00,496.00],
[16369.00,500.00],
[13364.00,1000.00],
[17695.00,494.00],
[14692.00,994.00],
[14706.00,992.00],
[16376.00,498.00],
*****************************t=87*****************************
88 generation time: 8.73 s
[17359.00,496.00],
[16369.00,500.00],
[13364.00,1000.00],
[17695.00,494.00],
[14692.00,994.00],
[14706.00,992.00],
[16376.00,498.00],
*****************************t=88*****************************
89 generation time: 8.84 s
[17359.00,496.00],
[16033.00,498.00],
[13364.00,1000.00],
[17695.00,494.00],
[14692.00,994.00],
[14706.00,992.00],
*****************************t=89*****************************
90 generation time: 8.94 s
[17359.00,496.00],
[16033.00,498.00],
[13364.00,1000.00],
[17695.00,494.00],
[14692.00,994.00],
[14706.00,992.00],
*****************************t=90*****************************
time to convergence: 9.02 s	
91 generation time: 9.05 s
[17359.00,496.00],
[16033.00,498.00],
[13364.00,1000.00],
[17695.00,494.00],
[14692.00,994.00],
[14706.00,992.00],
[13353.00,1668.00],
*****************************t=91*****************************
92 generation time: 9.15 s
[17359.00,496.00],
[16033.00,498.00],
[13364.00,1000.00],
[17695.00,494.00],
[14692.00,994.00],
[14706.00,992.00],
[13353.00,1668.00],
*****************************t=92*****************************
93 generation time: 9.26 s
[17359.00,496.00],
[16033.00,498.00],
[13364.00,1000.00],
[17695.00,494.00],
[14692.00,994.00],
[14706.00,992.00],
[13353.00,1668.00],
*****************************t=93*****************************
94 generation time: 9.36 s
[17359.00,496.00],
[16033.00,498.00],
[13364.00,1000.00],
[17695.00,494.00],
[14692.00,994.00],
[14706.00,992.00],
[13353.00,1668.00],
*****************************t=94*****************************
95 generation time: 9.47 s
[17359.00,496.00],
[16033.00,498.00],
[13364.00,1000.00],
[17695.00,494.00],
[14692.00,994.00],
[14706.00,992.00],
[13353.00,1668.00],
*****************************t=95*****************************
96 generation time: 9.56 s
[16698.00,496.00],
[16033.00,498.00],
[13364.00,1000.00],
[17695.00,494.00],
[14692.00,994.00],
[14706.00,992.00],
[13353.00,1668.00],
*****************************t=96*****************************
97 generation time: 9.67 s
[16698.00,496.00],
[16033.00,498.00],
[13364.00,1000.00],
[17695.00,494.00],
[14692.00,994.00],
[14706.00,992.00],
[13353.00,1668.00],
*****************************t=97*****************************
98 generation time: 9.77 s
[16698.00,496.00],
[16033.00,498.00],
[13364.00,1000.00],
[17695.00,494.00],
[14692.00,994.00],
[14706.00,992.00],
[13347.00,1162.00],
*****************************t=98*****************************
99 generation time: 9.87 s
[16698.00,496.00],
[16033.00,498.00],
[13364.00,1000.00],
[17695.00,494.00],
[14692.00,994.00],
[14706.00,992.00],
[13347.00,1162.00],
*****************************t=99*****************************
100 generation time: 9.97 s
[16698.00,496.00],
[16033.00,498.00],
[13349.00,1000.00],
[17695.00,494.00],
[13701.00,994.00],
[14706.00,992.00],
[13347.00,1162.00],
[16698.00,496.00],
[16033.00,498.00],
[13349.00,1000.00],
[17695.00,494.00],
[13701.00,994.00],
[14706.00,992.00],
[13347.00,1162.00],
tot = 7
total time: 10.03 s
