m = 4 n = 28
pop = 30 gen = 100
init...begin
init...done
*****************************t=0*****************************
time to convergence: 0.11 s	
time to convergence: 0.11 s	
time to convergence: 0.11 s	
time to convergence: 0.11 s	
time to convergence: 0.11 s	
time to convergence: 0.11 s	
time to convergence: 0.11 s	
1 generation time: 0.14 s
[16694.00,3168.00],
[24383.00,500.00],
[17043.00,3002.00],
[20383.00,992.00],
[17373.00,1162.00],
[30395.00,496.00],
[24723.00,498.00],
[17692.00,1160.00],
*****************************t=1*****************************
2 generation time: 0.25 s
[16694.00,3168.00],
[24383.00,500.00],
[17043.00,3002.00],
[20383.00,992.00],
[17373.00,1162.00],
[30395.00,496.00],
[24723.00,498.00],
[17692.00,1160.00],
*****************************t=2*****************************
3 generation time: 0.36 s
[16694.00,3168.00],
[24383.00,500.00],
[17043.00,3002.00],
[20383.00,992.00],
[17373.00,1162.00],
[30395.00,496.00],
[24723.00,498.00],
[17692.00,1160.00],
*****************************t=3*****************************
time to convergence: 0.44 s	
4 generation time: 0.48 s
[16694.00,3168.00],
[24383.00,500.00],
[17043.00,3002.00],
[20383.00,992.00],
[17373.00,1162.00],
[30395.00,496.00],
[24723.00,498.00],
[17692.00,1160.00],
[19716.00,996.00],
*****************************t=4*****************************
5 generation time: 0.59 s
[16694.00,3168.00],
[24383.00,500.00],
[17043.00,3002.00],
[20383.00,992.00],
[17373.00,1162.00],
[30395.00,496.00],
[24723.00,498.00],
[17692.00,1160.00],
[19716.00,996.00],
*****************************t=5*****************************
6 generation time: 0.70 s
[15028.00,1662.00],
[20706.00,500.00],
[20383.00,992.00],
[17373.00,1162.00],
[30395.00,496.00],
[24723.00,498.00],
[17692.00,1160.00],
[19716.00,996.00],
*****************************t=6*****************************
7 generation time: 0.90 s
[15028.00,1662.00],
[20706.00,500.00],
[20383.00,992.00],
[17373.00,1162.00],
[28712.00,494.00],
[24723.00,498.00],
[17692.00,1160.00],
[19716.00,996.00],
*****************************t=7*****************************
time to convergence: 0.98 s	
8 generation time: 1.01 s
[15028.00,1662.00],
[20029.00,500.00],
[17373.00,1162.00],
[28712.00,494.00],
[24723.00,498.00],
[17692.00,1160.00],
[19386.00,994.00],
[25724.00,496.00],
*****************************t=8*****************************
9 generation time: 1.10 s
[15028.00,1662.00],
[20029.00,500.00],
[17373.00,1162.00],
[28712.00,494.00],
[24723.00,498.00],
[17692.00,1160.00],
[19386.00,994.00],
[25724.00,496.00],
*****************************t=9*****************************
10 generation time: 1.19 s
[15028.00,1662.00],
[20029.00,500.00],
[17373.00,1162.00],
[28712.00,494.00],
[24723.00,498.00],
[17692.00,1160.00],
[19386.00,994.00],
[25724.00,496.00],
*****************************t=10*****************************
time to convergence: 1.24 s	
11 generation time: 1.27 s
[15028.00,1662.00],
[20029.00,500.00],
[17373.00,1162.00],
[28712.00,494.00],
[24723.00,498.00],
[17692.00,1160.00],
[19386.00,994.00],
[25724.00,496.00],
[19703.00,992.00],
*****************************t=11*****************************
time to convergence: 1.33 s	
12 generation time: 1.36 s
[15028.00,1662.00],
[20029.00,500.00],
[17373.00,1162.00],
[28712.00,494.00],
[24723.00,498.00],
[17692.00,1160.00],
[19386.00,994.00],
[25724.00,496.00],
[19703.00,992.00],
[13693.00,3660.00],
*****************************t=12*****************************
13 generation time: 1.45 s
[15028.00,1662.00],
[20029.00,500.00],
[17373.00,1162.00],
[28712.00,494.00],
[22046.00,496.00],
[17692.00,1160.00],
[19386.00,994.00],
[19703.00,992.00],
[13693.00,3660.00],
*****************************t=13*****************************
time to convergence: 1.51 s	
14 generation time: 1.54 s
[15028.00,1662.00],
[20029.00,500.00],
[17373.00,1162.00],
[27059.00,494.00],
[22046.00,496.00],
[17692.00,1160.00],
[19386.00,994.00],
[19703.00,992.00],
[13693.00,3660.00],
[16359.00,1166.00],
*****************************t=14*****************************
time to convergence: 1.60 s	
15 generation time: 1.63 s
[15028.00,1662.00],
[20029.00,500.00],
[17373.00,1162.00],
[27059.00,494.00],
[22046.00,496.00],
[17692.00,1160.00],
[19386.00,994.00],
[19703.00,992.00],
[13693.00,3660.00],
[16359.00,1166.00],
[17699.00,1004.00],
*****************************t=15*****************************
time to convergence: 1.69 s	
16 generation time: 1.72 s
[15028.00,1662.00],
[19378.00,500.00],
[17373.00,1162.00],
[27059.00,494.00],
[22046.00,496.00],
[17692.00,1160.00],
[13693.00,3660.00],
[16359.00,1166.00],
[17699.00,1004.00],
[16365.00,1164.00],
*****************************t=16*****************************
17 generation time: 1.81 s
[15028.00,1662.00],
[19378.00,500.00],
[17373.00,1162.00],
[27059.00,494.00],
[22046.00,496.00],
[17692.00,1160.00],
[13693.00,3660.00],
[16359.00,1166.00],
[17697.00,994.00],
[16365.00,1164.00],
*****************************t=17*****************************
time to convergence: 1.87 s	
18 generation time: 1.90 s
[15028.00,1662.00],
[19378.00,500.00],
[17373.00,1162.00],
[25723.00,494.00],
[22046.00,496.00],
[17692.00,1160.00],
[13693.00,3660.00],
[16359.00,1166.00],
[17697.00,994.00],
[16365.00,1164.00],
[20036.00,498.00],
*****************************t=18*****************************
19 generation time: 1.98 s
[15028.00,1662.00],
[19378.00,500.00],
[17373.00,1162.00],
[25723.00,494.00],
[22046.00,496.00],
[17692.00,1160.00],
[13693.00,3660.00],
[16359.00,1166.00],
[17697.00,994.00],
[16365.00,1164.00],
[20036.00,498.00],
*****************************t=19*****************************
20 generation time: 2.07 s
[15028.00,1662.00],
[19378.00,500.00],
[17373.00,1162.00],
[25723.00,494.00],
[22046.00,496.00],
[17692.00,1160.00],
[13693.00,3660.00],
[16359.00,1166.00],
[17697.00,994.00],
[16365.00,1164.00],
[20036.00,498.00],
*****************************t=20*****************************
21 generation time: 2.16 s
[15028.00,1662.00],
[19378.00,500.00],
[17373.00,1162.00],
[25723.00,494.00],
[22046.00,496.00],
[17692.00,1160.00],
[13693.00,3660.00],
[16359.00,1166.00],
[17697.00,994.00],
[16365.00,1164.00],
[20036.00,498.00],
*****************************t=21*****************************
22 generation time: 2.25 s
[15028.00,1662.00],
[19378.00,500.00],
[17373.00,1162.00],
[25723.00,494.00],
[22046.00,496.00],
[17692.00,1160.00],
[13693.00,3660.00],
[16359.00,1166.00],
[17697.00,994.00],
[16365.00,1164.00],
[20036.00,498.00],
*****************************t=22*****************************
time to convergence: 2.31 s	
23 generation time: 2.34 s
[15028.00,1662.00],
[19378.00,500.00],
[15375.00,1160.00],
[25723.00,494.00],
[22046.00,496.00],
[13693.00,3660.00],
[17697.00,994.00],
[20036.00,498.00],
[14367.00,2328.00],
*****************************t=23*****************************
time to convergence: 2.40 s	
24 generation time: 2.43 s
[15028.00,1662.00],
[19378.00,500.00],
[15375.00,1160.00],
[25723.00,494.00],
[22046.00,496.00],
[13693.00,3660.00],
[17697.00,994.00],
[20036.00,498.00],
[14367.00,2328.00],
[17031.00,1000.00],
*****************************t=24*****************************
25 generation time: 2.52 s
[15028.00,1662.00],
[19378.00,500.00],
[15375.00,1160.00],
[25723.00,494.00],
[22046.00,496.00],
[13693.00,3660.00],
[17697.00,994.00],
[20036.00,498.00],
[14367.00,2328.00],
[17031.00,1000.00],
*****************************t=25*****************************
26 generation time: 2.60 s
[15028.00,1662.00],
[19378.00,500.00],
[15375.00,1160.00],
[25723.00,494.00],
[22046.00,496.00],
[13693.00,3660.00],
[17697.00,994.00],
[20036.00,498.00],
[14367.00,2328.00],
[17031.00,1000.00],
*****************************t=26*****************************
27 generation time: 2.69 s
[15028.00,1662.00],
[19378.00,500.00],
[15375.00,1160.00],
[25723.00,494.00],
[22046.00,496.00],
[13693.00,3660.00],
[17697.00,994.00],
[20036.00,498.00],
[14367.00,2328.00],
[17031.00,1000.00],
*****************************t=27*****************************
28 generation time: 2.78 s
[15028.00,1662.00],
[18706.00,498.00],
[15375.00,1160.00],
[25723.00,494.00],
[22046.00,496.00],
[13693.00,3660.00],
[17697.00,994.00],
[14367.00,2328.00],
[17031.00,1000.00],
*****************************t=28*****************************
29 generation time: 2.87 s
[15028.00,1662.00],
[18706.00,498.00],
[15375.00,1160.00],
[25723.00,494.00],
[22046.00,496.00],
[13693.00,3660.00],
[17697.00,994.00],
[14367.00,2328.00],
[17027.00,998.00],
*****************************t=29*****************************
30 generation time: 2.95 s
[15028.00,1662.00],
[18706.00,498.00],
[15375.00,1160.00],
[25723.00,494.00],
[22046.00,496.00],
[13693.00,3660.00],
[17697.00,994.00],
[14367.00,2328.00],
[17027.00,998.00],
*****************************t=30*****************************
31 generation time: 3.04 s
[15028.00,1662.00],
[18706.00,498.00],
[15375.00,1160.00],
[25723.00,494.00],
[22046.00,496.00],
[13693.00,3660.00],
[17697.00,994.00],
[14367.00,2328.00],
[17027.00,998.00],
*****************************t=31*****************************
32 generation time: 3.13 s
[15028.00,1662.00],
[18706.00,498.00],
[15375.00,1160.00],
[25723.00,494.00],
[22046.00,496.00],
[13693.00,3660.00],
[17697.00,994.00],
[14367.00,2328.00],
[16370.00,996.00],
*****************************t=32*****************************
33 generation time: 3.21 s
[15028.00,1662.00],
[17036.00,498.00],
[15375.00,1160.00],
[25723.00,494.00],
[22046.00,496.00],
[13693.00,3660.00],
[14367.00,2328.00],
[16370.00,996.00],
*****************************t=33*****************************
34 generation time: 3.31 s
[14694.00,998.00],
[17036.00,498.00],
[25380.00,494.00],
[22046.00,496.00],
[13693.00,3660.00],
[14367.00,2328.00],
[16370.00,996.00],
*****************************t=34*****************************
35 generation time: 3.40 s
[14694.00,998.00],
[17036.00,498.00],
[25380.00,494.00],
[22046.00,496.00],
[13693.00,3660.00],
[14367.00,2328.00],
[16370.00,996.00],
*****************************t=35*****************************
time to convergence: 3.44 s	
36 generation time: 3.47 s
[14694.00,998.00],
[17036.00,498.00],
[25380.00,494.00],
[22046.00,496.00],
[13693.00,3660.00],
[14367.00,2328.00],
[16370.00,996.00],
[14359.00,3164.00],
*****************************t=36*****************************
37 generation time: 3.56 s
[14694.00,998.00],
[17036.00,498.00],
[25380.00,494.00],
[22046.00,496.00],
[13693.00,3660.00],
[14367.00,2328.00],
[16370.00,996.00],
[14359.00,3164.00],
*****************************t=37*****************************
38 generation time: 3.64 s
[14694.00,998.00],
[17036.00,498.00],
[25380.00,494.00],
[20376.00,496.00],
[13693.00,3660.00],
[14367.00,2328.00],
[16370.00,996.00],
[14359.00,3164.00],
*****************************t=38*****************************
39 generation time: 3.74 s
[14694.00,998.00],
[17036.00,498.00],
[25380.00,494.00],
[20376.00,496.00],
[13693.00,3660.00],
[14367.00,2328.00],
[15696.00,996.00],
[14359.00,3164.00],
*****************************t=39*****************************
40 generation time: 3.83 s
[14694.00,998.00],
[17036.00,498.00],
[25380.00,494.00],
[20376.00,496.00],
[13693.00,3660.00],
[14367.00,2328.00],
[15696.00,996.00],
[14359.00,3164.00],
*****************************t=40*****************************
41 generation time: 3.91 s
[14694.00,998.00],
[17036.00,498.00],
[25380.00,494.00],
[20376.00,496.00],
[13693.00,3660.00],
[14367.00,2328.00],
[15696.00,996.00],
[14359.00,3164.00],
*****************************t=41*****************************
42 generation time: 4.00 s
[14694.00,998.00],
[17036.00,498.00],
[25380.00,494.00],
[20376.00,496.00],
[13693.00,3660.00],
[14367.00,2328.00],
[15696.00,996.00],
[14359.00,3164.00],
*****************************t=42*****************************
43 generation time: 4.08 s
[14694.00,998.00],
[17036.00,498.00],
[25380.00,494.00],
[20376.00,496.00],
[13693.00,3660.00],
[14367.00,2328.00],
[15696.00,996.00],
[14359.00,3164.00],
*****************************t=43*****************************
44 generation time: 4.17 s
[14694.00,998.00],
[14713.00,496.00],
[25380.00,494.00],
[13693.00,3660.00],
[14367.00,2328.00],
[14359.00,3164.00],
*****************************t=44*****************************
45 generation time: 4.25 s
[14694.00,998.00],
[14713.00,496.00],
[25380.00,494.00],
[13693.00,3660.00],
[14367.00,2328.00],
[14359.00,3164.00],
*****************************t=45*****************************
46 generation time: 4.33 s
[14694.00,998.00],
[14713.00,496.00],
[25380.00,494.00],
[13693.00,3660.00],
[14367.00,2328.00],
[14359.00,3164.00],
*****************************t=46*****************************
47 generation time: 4.42 s
[14694.00,998.00],
[14713.00,496.00],
[25380.00,494.00],
[13693.00,3660.00],
[14367.00,2328.00],
[14359.00,3164.00],
*****************************t=47*****************************
48 generation time: 4.50 s
[14694.00,998.00],
[14713.00,496.00],
[21370.00,494.00],
[13021.00,2996.00],
[14367.00,2328.00],
*****************************t=48*****************************
49 generation time: 4.59 s
[14694.00,998.00],
[14713.00,496.00],
[21370.00,494.00],
[13021.00,2996.00],
[14367.00,2328.00],
*****************************t=49*****************************
50 generation time: 4.69 s
[14694.00,998.00],
[14713.00,496.00],
[21370.00,494.00],
[13021.00,2996.00],
[14367.00,2328.00],
*****************************t=50*****************************
51 generation time: 4.78 s
[14694.00,998.00],
[14713.00,496.00],
[21370.00,494.00],
[13021.00,2996.00],
[14367.00,2328.00],
*****************************t=51*****************************
52 generation time: 4.87 s
[14694.00,998.00],
[14713.00,496.00],
[21370.00,494.00],
[13021.00,2996.00],
[14367.00,2328.00],
*****************************t=52*****************************
53 generation time: 4.96 s
[14694.00,998.00],
[14713.00,496.00],
[21370.00,494.00],
[13021.00,2996.00],
[14367.00,2328.00],
*****************************t=53*****************************
time to convergence: 5.03 s	
54 generation time: 5.05 s
[14694.00,998.00],
[14713.00,496.00],
[21370.00,494.00],
[13021.00,2996.00],
[14367.00,2328.00],
[14365.00,2494.00],
*****************************t=54*****************************
55 generation time: 5.15 s
[14694.00,998.00],
[14713.00,496.00],
[21370.00,494.00],
[13021.00,2996.00],
[14367.00,2328.00],
[14365.00,2494.00],
*****************************t=55*****************************
56 generation time: 5.24 s
[14694.00,998.00],
[14713.00,496.00],
[21370.00,494.00],
[13021.00,2996.00],
[14367.00,2328.00],
[14365.00,2494.00],
*****************************t=56*****************************
57 generation time: 5.32 s
[14694.00,998.00],
[14713.00,496.00],
[21370.00,494.00],
[13021.00,2996.00],
[13695.00,2326.00],
*****************************t=57*****************************
58 generation time: 5.41 s
[14694.00,998.00],
[14713.00,496.00],
[21370.00,494.00],
[13021.00,2996.00],
[13029.00,1162.00],
*****************************t=58*****************************
59 generation time: 5.50 s
[14694.00,998.00],
[14713.00,496.00],
[21370.00,494.00],
[13021.00,2996.00],
[13029.00,1162.00],
*****************************t=59*****************************
time to convergence: 5.56 s	
60 generation time: 5.59 s
[14694.00,998.00],
[14713.00,496.00],
[21370.00,494.00],
[13021.00,2996.00],
[13029.00,1162.00],
[13362.00,1002.00],
*****************************t=60*****************************
61 generation time: 5.68 s
[14694.00,998.00],
[14713.00,496.00],
[21370.00,494.00],
[13021.00,2996.00],
[13029.00,1162.00],
[13362.00,1002.00],
*****************************t=61*****************************
62 generation time: 5.77 s
[14694.00,998.00],
[14713.00,496.00],
[21370.00,494.00],
[12352.00,1164.00],
[13029.00,1162.00],
[13362.00,1002.00],
*****************************t=62*****************************
63 generation time: 5.86 s
[14369.00,498.00],
[14713.00,496.00],
[21370.00,494.00],
[12352.00,1164.00],
[13029.00,1162.00],
[13362.00,1002.00],
*****************************t=63*****************************
64 generation time: 5.94 s
[14369.00,498.00],
[14713.00,496.00],
[17042.00,494.00],
[12352.00,1164.00],
[13029.00,1162.00],
[13362.00,1002.00],
*****************************t=64*****************************
65 generation time: 6.03 s
[14369.00,498.00],
[14713.00,496.00],
[17042.00,494.00],
[12043.00,508.00],
*****************************t=65*****************************
66 generation time: 6.12 s
[14369.00,498.00],
[14713.00,496.00],
[17042.00,494.00],
[12043.00,508.00],
*****************************t=66*****************************
67 generation time: 6.21 s
[14369.00,498.00],
[14713.00,496.00],
[17042.00,494.00],
[12043.00,508.00],
*****************************t=67*****************************
68 generation time: 6.29 s
[14369.00,498.00],
[14713.00,496.00],
[17042.00,494.00],
[12043.00,508.00],
*****************************t=68*****************************
69 generation time: 6.38 s
[14369.00,498.00],
[14713.00,496.00],
[17042.00,494.00],
[12043.00,508.00],
*****************************t=69*****************************
70 generation time: 6.46 s
[14369.00,498.00],
[14713.00,496.00],
[17042.00,494.00],
[12043.00,508.00],
*****************************t=70*****************************
71 generation time: 6.55 s
[14369.00,498.00],
[14713.00,496.00],
[17042.00,494.00],
[12043.00,508.00],
*****************************t=71*****************************
72 generation time: 6.63 s
[14369.00,498.00],
[14713.00,496.00],
[17042.00,494.00],
[12043.00,508.00],
*****************************t=72*****************************
73 generation time: 6.71 s
[14369.00,498.00],
[14713.00,496.00],
[17042.00,494.00],
[12043.00,508.00],
*****************************t=73*****************************
74 generation time: 6.78 s
[14369.00,498.00],
[14713.00,496.00],
[17042.00,494.00],
[12043.00,508.00],
*****************************t=74*****************************
75 generation time: 6.88 s
[14369.00,498.00],
[14713.00,496.00],
[17042.00,494.00],
[12043.00,508.00],
*****************************t=75*****************************
76 generation time: 6.96 s
[14369.00,498.00],
[14713.00,496.00],
[17042.00,494.00],
[12043.00,508.00],
*****************************t=76*****************************
77 generation time: 7.03 s
[14369.00,498.00],
[14713.00,496.00],
[17042.00,494.00],
[12043.00,508.00],
*****************************t=77*****************************
78 generation time: 7.13 s
[14369.00,498.00],
[14713.00,496.00],
[17042.00,494.00],
[12043.00,508.00],
*****************************t=78*****************************
79 generation time: 7.21 s
[14369.00,498.00],
[14713.00,496.00],
[17042.00,494.00],
[12043.00,508.00],
*****************************t=79*****************************
80 generation time: 7.28 s
[14369.00,498.00],
[14375.00,496.00],
[17042.00,494.00],
[12043.00,508.00],
*****************************t=80*****************************
81 generation time: 7.36 s
[14369.00,498.00],
[14375.00,496.00],
[17042.00,494.00],
[12043.00,508.00],
*****************************t=81*****************************
82 generation time: 7.46 s
[14369.00,498.00],
[14375.00,496.00],
[17042.00,494.00],
[12043.00,508.00],
*****************************t=82*****************************
83 generation time: 7.53 s
[14369.00,498.00],
[14375.00,496.00],
[17042.00,494.00],
[12043.00,508.00],
*****************************t=83*****************************
84 generation time: 7.61 s
[14369.00,498.00],
[14375.00,496.00],
[17042.00,494.00],
[12043.00,508.00],
*****************************t=84*****************************
85 generation time: 7.71 s
[14369.00,498.00],
[14375.00,496.00],
[17042.00,494.00],
[12043.00,508.00],
*****************************t=85*****************************
86 generation time: 7.78 s
[14369.00,498.00],
[14375.00,496.00],
[17042.00,494.00],
[12043.00,508.00],
*****************************t=86*****************************
87 generation time: 7.86 s
[14369.00,498.00],
[14375.00,496.00],
[17042.00,494.00],
[12043.00,508.00],
*****************************t=87*****************************
88 generation time: 7.96 s
[14369.00,498.00],
[14375.00,496.00],
[17042.00,494.00],
[12043.00,508.00],
*****************************t=88*****************************
89 generation time: 8.03 s
[14369.00,498.00],
[14375.00,496.00],
[17042.00,494.00],
[12043.00,508.00],
*****************************t=89*****************************
90 generation time: 8.11 s
[14369.00,498.00],
[14375.00,496.00],
[17042.00,494.00],
[12043.00,508.00],
*****************************t=90*****************************
91 generation time: 8.19 s
[14369.00,498.00],
[14375.00,496.00],
[17042.00,494.00],
[12043.00,508.00],
*****************************t=91*****************************
92 generation time: 8.27 s
[14369.00,498.00],
[14375.00,496.00],
[17042.00,494.00],
[12043.00,508.00],
*****************************t=92*****************************
93 generation time: 8.36 s
[14369.00,498.00],
[14375.00,496.00],
[17042.00,494.00],
[12043.00,508.00],
*****************************t=93*****************************
94 generation time: 8.44 s
[14369.00,498.00],
[14375.00,496.00],
[17042.00,494.00],
[12043.00,508.00],
*****************************t=94*****************************
95 generation time: 8.52 s
[14369.00,498.00],
[14375.00,496.00],
[17042.00,494.00],
[12043.00,508.00],
*****************************t=95*****************************
96 generation time: 8.60 s
[14369.00,498.00],
[14375.00,496.00],
[17042.00,494.00],
[12043.00,508.00],
*****************************t=96*****************************
97 generation time: 8.71 s
[14369.00,498.00],
[14375.00,496.00],
[17042.00,494.00],
[12043.00,508.00],
*****************************t=97*****************************
98 generation time: 8.79 s
[14369.00,498.00],
[14375.00,496.00],
[17042.00,494.00],
[12043.00,508.00],
*****************************t=98*****************************
99 generation time: 8.87 s
[14369.00,498.00],
[14375.00,496.00],
[17042.00,494.00],
[12043.00,508.00],
*****************************t=99*****************************
100 generation time: 8.96 s
[14369.00,498.00],
[14375.00,496.00],
[17042.00,494.00],
[12043.00,508.00],
[14369.00,498.00],
[14375.00,496.00],
[17042.00,494.00],
[12043.00,508.00],
tot = 4
total time: 9.01 s
