m = 4 n = 10
pop = 30 gen = 100
init...begin
init...done
*****************************t=0*****************************
time to convergence: 0.07 s	
time to convergence: 0.07 s	
time to convergence: 0.07 s	
time to convergence: 0.07 s	
1 generation time: 0.10 s
[146.00,27.50],
[155.00,17.00],
[154.00,23.00],
[177.00,15.00],
[180.00,7.50],
*****************************t=1*****************************
time to convergence: 0.16 s	
2 generation time: 0.20 s
[146.00,27.50],
[151.00,11.00],
[180.00,7.50],
[125.00,29.00],
*****************************t=2*****************************
3 generation time: 0.29 s
[135.00,15.00],
[151.00,11.00],
[180.00,7.50],
[125.00,29.00],
*****************************t=3*****************************
time to convergence: 0.35 s	
4 generation time: 0.39 s
[135.00,15.00],
[151.00,11.00],
[180.00,7.50],
[116.00,26.50],
[145.00,13.00],
*****************************t=4*****************************
5 generation time: 0.48 s
[135.00,15.00],
[151.00,11.00],
[180.00,7.50],
[116.00,26.50],
[145.00,13.00],
*****************************t=5*****************************
time to convergence: 0.54 s	
6 generation time: 0.57 s
[135.00,15.00],
[151.00,10.50],
[180.00,7.50],
[116.00,26.50],
[145.00,13.00],
[134.00,17.00],
*****************************t=6*****************************
7 generation time: 0.66 s
[135.00,15.00],
[151.00,10.50],
[180.00,7.50],
[116.00,26.50],
[145.00,13.00],
[134.00,17.00],
*****************************t=7*****************************
8 generation time: 0.76 s
[135.00,11.00],
[151.00,10.50],
[180.00,7.50],
[116.00,26.50],
[133.00,15.00],
*****************************t=8*****************************
9 generation time: 0.85 s
[135.00,11.00],
[151.00,10.50],
[180.00,7.50],
[116.00,26.50],
[133.00,15.00],
*****************************t=9*****************************
time to convergence: 0.92 s	
time to convergence: 0.92 s	
10 generation time: 0.95 s
[135.00,11.00],
[151.00,10.50],
[180.00,7.50],
[116.00,26.50],
[133.00,15.00],
[196.00,7.00],
[115.00,35.00],
*****************************t=10*****************************
11 generation time: 1.05 s
[135.00,11.00],
[151.00,10.50],
[180.00,7.50],
[116.00,26.50],
[133.00,15.00],
[196.00,7.00],
[115.00,35.00],
*****************************t=11*****************************
time to convergence: 1.12 s	
12 generation time: 1.15 s
[135.00,11.00],
[151.00,10.50],
[180.00,7.50],
[116.00,26.50],
[133.00,15.00],
[196.00,7.00],
[114.00,27.00],
[156.00,9.00],
*****************************t=12*****************************
13 generation time: 1.24 s
[135.00,11.00],
[151.00,10.50],
[180.00,7.50],
[106.00,25.00],
[133.00,15.00],
[196.00,7.00],
[156.00,9.00],
*****************************t=13*****************************
14 generation time: 1.35 s
[135.00,11.00],
[151.00,10.50],
[180.00,7.50],
[105.00,25.00],
[108.00,13.00],
[196.00,7.00],
[156.00,9.00],
*****************************t=14*****************************
15 generation time: 1.45 s
[135.00,11.00],
[151.00,10.50],
[163.00,7.00],
[105.00,25.00],
[108.00,13.00],
[156.00,9.00],
*****************************t=15*****************************
16 generation time: 1.55 s
[135.00,11.00],
[151.00,10.50],
[163.00,7.00],
[105.00,25.00],
[108.00,13.00],
[156.00,9.00],
*****************************t=16*****************************
time to convergence: 1.62 s	
17 generation time: 1.65 s
[135.00,11.00],
[151.00,10.50],
[163.00,7.00],
[105.00,25.00],
[108.00,13.00],
[156.00,9.00],
[210.00,5.50],
*****************************t=17*****************************
18 generation time: 1.75 s
[135.00,11.00],
[136.00,10.50],
[163.00,7.00],
[105.00,25.00],
[108.00,13.00],
[156.00,9.00],
[210.00,5.50],
*****************************t=18*****************************
19 generation time: 1.85 s
[135.00,11.00],
[136.00,10.50],
[163.00,7.00],
[105.00,25.00],
[108.00,13.00],
[156.00,9.00],
[210.00,5.50],
*****************************t=19*****************************
20 generation time: 1.94 s
[126.00,11.00],
[136.00,10.50],
[163.00,7.00],
[105.00,25.00],
[108.00,13.00],
[156.00,9.00],
[210.00,5.50],
*****************************t=20*****************************
21 generation time: 2.04 s
[126.00,11.00],
[136.00,10.50],
[163.00,7.00],
[105.00,25.00],
[108.00,13.00],
[156.00,9.00],
[210.00,5.50],
*****************************t=21*****************************
22 generation time: 2.14 s
[126.00,11.00],
[136.00,10.50],
[163.00,7.00],
[105.00,25.00],
[108.00,13.00],
[156.00,9.00],
[210.00,5.50],
*****************************t=22*****************************
time to convergence: 2.22 s	
23 generation time: 2.25 s
[126.00,11.00],
[136.00,10.50],
[163.00,7.00],
[105.00,25.00],
[108.00,13.00],
[156.00,9.00],
[207.00,5.00],
[177.00,5.50],
*****************************t=23*****************************
24 generation time: 2.35 s
[126.00,11.00],
[136.00,10.50],
[163.00,7.00],
[105.00,25.00],
[108.00,13.00],
[156.00,9.00],
[207.00,5.00],
[177.00,5.50],
*****************************t=24*****************************
25 generation time: 2.45 s
[126.00,11.00],
[136.00,10.50],
[163.00,7.00],
[105.00,25.00],
[108.00,13.00],
[156.00,9.00],
[207.00,5.00],
[177.00,5.50],
*****************************t=25*****************************
time to convergence: 2.51 s	
26 generation time: 2.55 s
[126.00,11.00],
[136.00,10.50],
[163.00,7.00],
[105.00,25.00],
[108.00,13.00],
[156.00,9.00],
[207.00,5.00],
[177.00,5.50],
[125.00,11.50],
*****************************t=26*****************************
27 generation time: 2.66 s
[126.00,11.00],
[136.00,10.50],
[163.00,7.00],
[105.00,25.00],
[108.00,13.00],
[156.00,9.00],
[207.00,5.00],
[177.00,5.50],
[125.00,11.50],
*****************************t=27*****************************
28 generation time: 2.77 s
[126.00,11.00],
[136.00,10.50],
[163.00,7.00],
[105.00,25.00],
[108.00,13.00],
[156.00,9.00],
[207.00,5.00],
[177.00,5.50],
[125.00,11.50],
*****************************t=28*****************************
29 generation time: 2.86 s
[118.00,9.00],
[163.00,7.00],
[105.00,25.00],
[108.00,13.00],
[207.00,5.00],
[177.00,5.50],
*****************************t=29*****************************
30 generation time: 2.97 s
[118.00,9.00],
[163.00,7.00],
[105.00,25.00],
[108.00,13.00],
[207.00,5.00],
[177.00,5.50],
*****************************t=30*****************************
31 generation time: 3.07 s
[118.00,9.00],
[163.00,7.00],
[105.00,25.00],
[108.00,13.00],
[207.00,5.00],
[177.00,5.50],
*****************************t=31*****************************
32 generation time: 3.18 s
[118.00,9.00],
[163.00,7.00],
[105.00,25.00],
[108.00,13.00],
[207.00,5.00],
[177.00,5.50],
*****************************t=32*****************************
33 generation time: 3.29 s
[118.00,9.00],
[163.00,7.00],
[105.00,25.00],
[108.00,13.00],
[207.00,5.00],
[177.00,5.50],
*****************************t=33*****************************
34 generation time: 3.40 s
[118.00,9.00],
[163.00,7.00],
[105.00,25.00],
[108.00,13.00],
[207.00,5.00],
[177.00,5.50],
*****************************t=34*****************************
35 generation time: 3.50 s
[118.00,9.00],
[163.00,7.00],
[105.00,25.00],
[108.00,13.00],
[207.00,5.00],
[177.00,5.50],
*****************************t=35*****************************
time to convergence: 3.57 s	
36 generation time: 3.62 s
[118.00,9.00],
[163.00,7.00],
[105.00,25.00],
[108.00,13.00],
[207.00,5.00],
[177.00,5.50],
[161.00,7.50],
*****************************t=36*****************************
37 generation time: 3.73 s
[118.00,9.00],
[163.00,7.00],
[105.00,25.00],
[108.00,13.00],
[196.00,5.00],
[177.00,5.50],
[161.00,7.50],
*****************************t=37*****************************
38 generation time: 3.84 s
[118.00,9.00],
[163.00,7.00],
[105.00,25.00],
[108.00,13.00],
[196.00,5.00],
[177.00,5.50],
[161.00,7.50],
*****************************t=38*****************************
39 generation time: 3.95 s
[118.00,9.00],
[163.00,7.00],
[105.00,25.00],
[108.00,13.00],
[196.00,5.00],
[177.00,5.50],
[161.00,7.50],
*****************************t=39*****************************
40 generation time: 4.07 s
[118.00,9.00],
[163.00,7.00],
[105.00,25.00],
[108.00,13.00],
[196.00,5.00],
[177.00,5.50],
[161.00,7.50],
*****************************t=40*****************************
41 generation time: 4.17 s
[118.00,9.00],
[163.00,7.00],
[105.00,25.00],
[108.00,13.00],
[196.00,5.00],
[177.00,5.50],
[161.00,7.50],
*****************************t=41*****************************
42 generation time: 4.28 s
[118.00,9.00],
[163.00,7.00],
[105.00,25.00],
[108.00,13.00],
[196.00,5.00],
[177.00,5.50],
[161.00,7.50],
*****************************t=42*****************************
43 generation time: 4.39 s
[118.00,9.00],
[163.00,7.00],
[105.00,25.00],
[108.00,13.00],
[196.00,5.00],
[177.00,5.50],
[161.00,7.50],
*****************************t=43*****************************
44 generation time: 4.50 s
[118.00,9.00],
[163.00,7.00],
[105.00,25.00],
[108.00,13.00],
[196.00,5.00],
[177.00,5.50],
[161.00,7.50],
*****************************t=44*****************************
45 generation time: 4.61 s
[118.00,9.00],
[163.00,7.00],
[105.00,25.00],
[108.00,13.00],
[196.00,5.00],
[177.00,5.50],
[161.00,7.50],
*****************************t=45*****************************
46 generation time: 4.71 s
[118.00,9.00],
[163.00,7.00],
[105.00,25.00],
[108.00,13.00],
[196.00,5.00],
[177.00,5.50],
[161.00,7.50],
*****************************t=46*****************************
47 generation time: 4.82 s
[118.00,9.00],
[163.00,7.00],
[105.00,25.00],
[108.00,13.00],
[196.00,5.00],
[177.00,5.50],
[161.00,7.50],
*****************************t=47*****************************
48 generation time: 4.93 s
[118.00,9.00],
[163.00,7.00],
[105.00,25.00],
[108.00,13.00],
[196.00,5.00],
[177.00,5.50],
[161.00,7.50],
*****************************t=48*****************************
49 generation time: 5.04 s
[118.00,9.00],
[163.00,7.00],
[105.00,25.00],
[108.00,13.00],
[196.00,5.00],
[177.00,5.50],
[161.00,7.50],
*****************************t=49*****************************
50 generation time: 5.16 s
[118.00,9.00],
[163.00,7.00],
[105.00,25.00],
[108.00,13.00],
[196.00,5.00],
[177.00,5.50],
[161.00,7.50],
*****************************t=50*****************************
time to convergence: 5.23 s	
51 generation time: 5.27 s
[118.00,9.00],
[163.00,7.00],
[105.00,25.00],
[108.00,13.00],
[196.00,5.00],
[177.00,5.50],
[161.00,7.50],
[207.00,3.50],
*****************************t=51*****************************
52 generation time: 5.38 s
[118.00,9.00],
[163.00,7.00],
[105.00,25.00],
[108.00,13.00],
[196.00,5.00],
[177.00,5.50],
[161.00,7.50],
[207.00,3.50],
*****************************t=52*****************************
53 generation time: 5.49 s
[118.00,9.00],
[163.00,7.00],
[105.00,25.00],
[108.00,13.00],
[196.00,5.00],
[177.00,5.50],
[161.00,7.50],
[207.00,3.50],
*****************************t=53*****************************
54 generation time: 5.59 s
[118.00,9.00],
[163.00,7.00],
[105.00,25.00],
[108.00,13.00],
[196.00,5.00],
[177.00,5.50],
[161.00,7.50],
[207.00,3.50],
*****************************t=54*****************************
55 generation time: 5.70 s
[118.00,9.00],
[163.00,7.00],
[105.00,25.00],
[108.00,13.00],
[196.00,5.00],
[177.00,5.50],
[161.00,7.50],
[207.00,3.50],
*****************************t=55*****************************
56 generation time: 5.80 s
[118.00,9.00],
[163.00,7.00],
[105.00,25.00],
[108.00,13.00],
[196.00,5.00],
[177.00,5.50],
[161.00,7.50],
[207.00,3.50],
*****************************t=56*****************************
57 generation time: 5.90 s
[118.00,9.00],
[163.00,7.00],
[105.00,25.00],
[108.00,13.00],
[196.00,5.00],
[177.00,5.50],
[161.00,7.50],
[207.00,3.50],
*****************************t=57*****************************
58 generation time: 6.01 s
[118.00,9.00],
[163.00,7.00],
[105.00,25.00],
[108.00,13.00],
[196.00,5.00],
[177.00,5.50],
[161.00,7.50],
[207.00,3.50],
*****************************t=58*****************************
59 generation time: 6.11 s
[118.00,9.00],
[163.00,7.00],
[105.00,25.00],
[108.00,13.00],
[196.00,5.00],
[177.00,5.50],
[161.00,7.50],
[207.00,3.50],
*****************************t=59*****************************
60 generation time: 6.22 s
[118.00,9.00],
[163.00,7.00],
[105.00,25.00],
[108.00,13.00],
[196.00,5.00],
[177.00,5.50],
[161.00,7.50],
[207.00,3.50],
*****************************t=60*****************************
61 generation time: 6.32 s
[118.00,9.00],
[163.00,7.00],
[105.00,25.00],
[108.00,13.00],
[196.00,5.00],
[177.00,5.50],
[161.00,7.50],
[207.00,3.50],
*****************************t=61*****************************
62 generation time: 6.42 s
[118.00,9.00],
[163.00,7.00],
[105.00,25.00],
[108.00,13.00],
[196.00,5.00],
[177.00,5.50],
[161.00,7.50],
[207.00,3.50],
*****************************t=62*****************************
63 generation time: 6.53 s
[118.00,9.00],
[163.00,7.00],
[105.00,25.00],
[108.00,13.00],
[196.00,5.00],
[177.00,5.50],
[161.00,7.50],
[207.00,3.50],
*****************************t=63*****************************
64 generation time: 6.63 s
[118.00,9.00],
[163.00,7.00],
[105.00,25.00],
[108.00,13.00],
[196.00,5.00],
[177.00,5.50],
[161.00,7.50],
[207.00,3.50],
*****************************t=64*****************************
65 generation time: 6.74 s
[118.00,9.00],
[163.00,7.00],
[105.00,25.00],
[108.00,13.00],
[196.00,5.00],
[177.00,5.50],
[161.00,7.50],
[207.00,3.50],
*****************************t=65*****************************
66 generation time: 6.83 s
[118.00,9.00],
[163.00,7.00],
[105.00,25.00],
[108.00,13.00],
[196.00,5.00],
[177.00,5.50],
[161.00,7.50],
[207.00,3.50],
*****************************t=66*****************************
67 generation time: 6.95 s
[118.00,9.00],
[163.00,7.00],
[105.00,25.00],
[108.00,13.00],
[196.00,5.00],
[177.00,5.50],
[161.00,7.50],
[207.00,3.50],
*****************************t=67*****************************
68 generation time: 7.05 s
[118.00,9.00],
[163.00,7.00],
[105.00,25.00],
[108.00,13.00],
[188.00,3.50],
[177.00,5.50],
[161.00,7.50],
*****************************t=68*****************************
69 generation time: 7.16 s
[118.00,9.00],
[163.00,7.00],
[105.00,25.00],
[108.00,13.00],
[188.00,3.50],
[177.00,5.50],
[161.00,7.50],
*****************************t=69*****************************
70 generation time: 7.27 s
[118.00,9.00],
[163.00,7.00],
[105.00,25.00],
[108.00,13.00],
[188.00,3.50],
[177.00,5.50],
[161.00,7.50],
*****************************t=70*****************************
71 generation time: 7.38 s
[118.00,9.00],
[163.00,7.00],
[105.00,25.00],
[108.00,13.00],
[188.00,3.50],
[177.00,5.50],
[161.00,7.50],
*****************************t=71*****************************
72 generation time: 7.50 s
[118.00,9.00],
[163.00,7.00],
[105.00,25.00],
[108.00,13.00],
[188.00,3.50],
[177.00,5.50],
[161.00,7.50],
*****************************t=72*****************************
73 generation time: 7.62 s
[118.00,9.00],
[163.00,7.00],
[105.00,25.00],
[108.00,13.00],
[188.00,3.50],
[177.00,5.50],
[161.00,7.50],
*****************************t=73*****************************
74 generation time: 7.74 s
[118.00,9.00],
[163.00,7.00],
[105.00,25.00],
[108.00,13.00],
[188.00,3.50],
[177.00,5.50],
[161.00,7.50],
*****************************t=74*****************************
75 generation time: 7.87 s
[118.00,9.00],
[163.00,7.00],
[105.00,25.00],
[108.00,13.00],
[188.00,3.50],
[177.00,5.50],
[161.00,7.50],
*****************************t=75*****************************
76 generation time: 7.98 s
[118.00,9.00],
[163.00,7.00],
[105.00,25.00],
[108.00,13.00],
[188.00,3.50],
[177.00,5.50],
[161.00,7.50],
*****************************t=76*****************************
77 generation time: 8.10 s
[118.00,9.00],
[163.00,7.00],
[105.00,25.00],
[108.00,13.00],
[188.00,3.50],
[177.00,5.50],
[161.00,7.50],
*****************************t=77*****************************
78 generation time: 8.22 s
[118.00,9.00],
[163.00,7.00],
[105.00,25.00],
[108.00,13.00],
[188.00,3.50],
[177.00,5.50],
[161.00,7.50],
*****************************t=78*****************************
79 generation time: 8.35 s
[118.00,9.00],
[163.00,7.00],
[105.00,25.00],
[108.00,13.00],
[188.00,3.50],
[177.00,5.50],
[161.00,7.50],
*****************************t=79*****************************
80 generation time: 8.49 s
[118.00,9.00],
[163.00,7.00],
[105.00,25.00],
[108.00,13.00],
[188.00,3.50],
[177.00,5.50],
[161.00,7.50],
*****************************t=80*****************************
81 generation time: 8.62 s
[118.00,9.00],
[163.00,7.00],
[105.00,25.00],
[108.00,13.00],
[188.00,3.50],
[177.00,5.50],
[161.00,7.50],
*****************************t=81*****************************
82 generation time: 8.73 s
[118.00,9.00],
[163.00,7.00],
[105.00,25.00],
[108.00,13.00],
[188.00,3.50],
[177.00,5.50],
[161.00,7.50],
*****************************t=82*****************************
83 generation time: 8.86 s
[118.00,9.00],
[163.00,7.00],
[105.00,25.00],
[108.00,13.00],
[188.00,3.50],
[177.00,5.50],
[161.00,7.50],
*****************************t=83*****************************
84 generation time: 8.99 s
[118.00,9.00],
[163.00,7.00],
[105.00,25.00],
[108.00,13.00],
[188.00,3.50],
[177.00,5.50],
[161.00,7.50],
*****************************t=84*****************************
85 generation time: 9.13 s
[118.00,9.00],
[163.00,7.00],
[105.00,25.00],
[108.00,13.00],
[188.00,3.50],
[177.00,5.50],
[161.00,7.50],
*****************************t=85*****************************
86 generation time: 9.25 s
[118.00,9.00],
[163.00,7.00],
[105.00,25.00],
[108.00,13.00],
[188.00,3.50],
[177.00,5.50],
[161.00,7.50],
*****************************t=86*****************************
87 generation time: 9.36 s
[118.00,9.00],
[163.00,7.00],
[105.00,25.00],
[108.00,13.00],
[188.00,3.50],
[177.00,5.50],
[161.00,7.50],
*****************************t=87*****************************
88 generation time: 9.47 s
[118.00,9.00],
[163.00,7.00],
[105.00,25.00],
[108.00,13.00],
[188.00,3.50],
[177.00,5.50],
[161.00,7.50],
*****************************t=88*****************************
89 generation time: 9.59 s
[118.00,9.00],
[163.00,7.00],
[105.00,25.00],
[108.00,13.00],
[188.00,3.50],
[177.00,5.50],
[161.00,7.50],
*****************************t=89*****************************
90 generation time: 9.70 s
[118.00,9.00],
[163.00,7.00],
[105.00,25.00],
[108.00,13.00],
[188.00,3.50],
[177.00,5.50],
[161.00,7.50],
*****************************t=90*****************************
91 generation time: 9.82 s
[118.00,9.00],
[163.00,7.00],
[105.00,25.00],
[108.00,13.00],
[188.00,3.50],
[177.00,5.50],
[161.00,7.50],
*****************************t=91*****************************
92 generation time: 9.95 s
[118.00,9.00],
[163.00,7.00],
[100.00,13.00],
[188.00,3.50],
[177.00,5.50],
[161.00,7.50],
*****************************t=92*****************************
93 generation time: 10.06 s
[118.00,9.00],
[163.00,7.00],
[100.00,13.00],
[188.00,3.50],
[177.00,5.50],
[161.00,7.50],
*****************************t=93*****************************
94 generation time: 10.18 s
[118.00,9.00],
[163.00,7.00],
[100.00,13.00],
[188.00,3.50],
[177.00,5.50],
[161.00,7.50],
*****************************t=94*****************************
95 generation time: 10.36 s
[118.00,9.00],
[163.00,7.00],
[100.00,13.00],
[188.00,3.50],
[177.00,5.50],
[161.00,7.50],
*****************************t=95*****************************
96 generation time: 10.50 s
[118.00,9.00],
[163.00,7.00],
[100.00,13.00],
[188.00,3.50],
[177.00,5.50],
[161.00,7.50],
*****************************t=96*****************************
time to convergence: 10.56 s	
97 generation time: 10.61 s
[118.00,9.00],
[163.00,7.00],
[100.00,13.00],
[188.00,3.50],
[177.00,5.50],
[161.00,7.50],
[99.00,19.50],
*****************************t=97*****************************
98 generation time: 10.73 s
[118.00,9.00],
[163.00,7.00],
[100.00,13.00],
[188.00,3.50],
[177.00,5.50],
[161.00,7.50],
[99.00,19.50],
*****************************t=98*****************************
99 generation time: 10.84 s
[118.00,9.00],
[163.00,7.00],
[100.00,13.00],
[188.00,3.50],
[177.00,5.50],
[161.00,7.50],
[99.00,19.50],
*****************************t=99*****************************
100 generation time: 10.97 s
[118.00,9.00],
[163.00,7.00],
[100.00,13.00],
[188.00,3.50],
[177.00,5.50],
[161.00,7.50],
[99.00,19.50],
[118.00,9.00],
[163.00,7.00],
[100.00,13.00],
[188.00,3.50],
[177.00,5.50],
[161.00,7.50],
[99.00,19.50],
tot = 7
total time: 11.05 s
