m = 4 n = 10
pop = 30 gen = 100
init...begin
init...done
*****************************t=0*****************************
time to convergence: 0.06 s	
time to convergence: 0.06 s	
time to convergence: 0.06 s	
time to convergence: 0.06 s	
1 generation time: 0.09 s
[175.00,9.00],
[149.00,15.00],
[191.00,7.50],
[115.00,26.50],
[134.00,21.00],
*****************************t=1*****************************
2 generation time: 0.17 s
[175.00,9.00],
[149.00,15.00],
[191.00,7.50],
[115.00,26.50],
[134.00,21.00],
*****************************t=2*****************************
3 generation time: 0.24 s
[175.00,9.00],
[142.00,11.00],
[191.00,7.50],
[115.00,26.50],
[134.00,21.00],
*****************************t=3*****************************
4 generation time: 0.32 s
[175.00,9.00],
[138.00,11.00],
[191.00,7.50],
[115.00,26.50],
[134.00,21.00],
*****************************t=4*****************************
5 generation time: 0.40 s
[175.00,9.00],
[138.00,11.00],
[186.00,5.00],
[115.00,26.50],
[133.00,17.50],
*****************************t=5*****************************
time to convergence: 0.45 s	
6 generation time: 0.48 s
[167.00,6.50],
[138.00,11.00],
[186.00,5.00],
[115.00,26.50],
[133.00,17.50],
[131.00,23.00],
*****************************t=6*****************************
7 generation time: 0.56 s
[167.00,6.50],
[138.00,11.00],
[186.00,5.00],
[115.00,26.50],
[133.00,17.50],
[131.00,23.00],
*****************************t=7*****************************
time to convergence: 0.62 s	
8 generation time: 0.63 s
[167.00,6.50],
[138.00,11.00],
[186.00,5.00],
[115.00,26.50],
[133.00,17.50],
[131.00,23.00],
[139.00,10.50],
*****************************t=8*****************************
9 generation time: 0.71 s
[167.00,6.50],
[138.00,11.00],
[186.00,5.00],
[115.00,26.50],
[133.00,17.50],
[131.00,23.00],
[139.00,10.50],
*****************************t=9*****************************
time to convergence: 0.77 s	
time to convergence: 0.77 s	
10 generation time: 0.81 s
[167.00,6.50],
[138.00,11.00],
[186.00,5.00],
[115.00,26.50],
[133.00,17.50],
[131.00,23.00],
[139.00,10.50],
[165.00,9.00],
[113.00,29.00],
*****************************t=10*****************************
time to convergence: 0.87 s	
11 generation time: 0.90 s
[167.00,6.50],
[138.00,11.00],
[186.00,5.00],
[115.00,26.50],
[133.00,17.50],
[131.00,23.00],
[139.00,10.50],
[163.00,7.00],
[113.00,29.00],
[199.00,3.00],
*****************************t=11*****************************
12 generation time: 0.98 s
[167.00,6.50],
[138.00,11.00],
[186.00,5.00],
[115.00,26.50],
[133.00,17.50],
[131.00,23.00],
[139.00,10.50],
[163.00,7.00],
[113.00,29.00],
[199.00,3.00],
*****************************t=12*****************************
13 generation time: 1.07 s
[167.00,6.50],
[138.00,11.00],
[186.00,5.00],
[115.00,26.50],
[133.00,17.50],
[131.00,23.00],
[139.00,10.50],
[163.00,7.00],
[113.00,29.00],
[199.00,3.00],
*****************************t=13*****************************
14 generation time: 1.15 s
[167.00,6.50],
[138.00,11.00],
[186.00,5.00],
[101.00,19.50],
[133.00,17.50],
[139.00,10.50],
[163.00,7.00],
[199.00,3.00],
*****************************t=14*****************************
15 generation time: 1.23 s
[167.00,6.50],
[138.00,11.00],
[186.00,5.00],
[101.00,19.50],
[133.00,17.50],
[139.00,10.50],
[163.00,7.00],
[199.00,3.00],
*****************************t=15*****************************
16 generation time: 1.30 s
[167.00,6.50],
[138.00,11.00],
[186.00,5.00],
[101.00,19.50],
[133.00,17.50],
[139.00,10.50],
[163.00,7.00],
[199.00,3.00],
*****************************t=16*****************************
17 generation time: 1.40 s
[167.00,6.50],
[138.00,11.00],
[186.00,5.00],
[101.00,19.50],
[133.00,17.50],
[139.00,10.50],
[163.00,7.00],
[199.00,3.00],
*****************************t=17*****************************
18 generation time: 1.49 s
[167.00,6.50],
[138.00,11.00],
[186.00,5.00],
[101.00,19.50],
[133.00,17.50],
[139.00,10.50],
[163.00,7.00],
[199.00,3.00],
*****************************t=18*****************************
time to convergence: 1.54 s	
19 generation time: 1.57 s
[167.00,6.50],
[138.00,11.00],
[186.00,5.00],
[101.00,19.50],
[133.00,17.50],
[139.00,10.50],
[163.00,7.00],
[199.00,3.00],
[154.00,9.00],
*****************************t=19*****************************
20 generation time: 1.67 s
[167.00,6.50],
[134.00,11.00],
[186.00,5.00],
[101.00,19.50],
[133.00,17.50],
[139.00,10.50],
[163.00,7.00],
[199.00,3.00],
[154.00,9.00],
*****************************t=20*****************************
21 generation time: 1.74 s
[167.00,6.50],
[134.00,11.00],
[186.00,5.00],
[101.00,19.50],
[131.00,13.50],
[139.00,10.50],
[163.00,7.00],
[199.00,3.00],
[152.00,9.00],
*****************************t=21*****************************
time to convergence: 1.80 s	
time to convergence: 1.80 s	
22 generation time: 1.82 s
[167.00,6.50],
[134.00,11.00],
[186.00,5.00],
[101.00,19.50],
[131.00,13.50],
[139.00,10.50],
[163.00,7.00],
[199.00,3.00],
[152.00,9.00],
[158.00,7.50],
[185.00,5.50],
*****************************t=22*****************************
23 generation time: 1.92 s
[167.00,6.50],
[134.00,11.00],
[186.00,5.00],
[101.00,19.50],
[131.00,13.50],
[139.00,10.50],
[163.00,7.00],
[199.00,3.00],
[152.00,9.00],
[158.00,7.50],
[185.00,5.50],
*****************************t=23*****************************
24 generation time: 1.99 s
[167.00,6.50],
[134.00,11.00],
[186.00,5.00],
[101.00,19.50],
[110.00,13.50],
[139.00,10.50],
[163.00,7.00],
[199.00,3.00],
[152.00,9.00],
[158.00,7.50],
[185.00,5.50],
*****************************t=24*****************************
25 generation time: 2.09 s
[167.00,6.50],
[134.00,11.00],
[186.00,5.00],
[101.00,19.50],
[110.00,13.50],
[139.00,10.50],
[163.00,7.00],
[199.00,3.00],
[152.00,9.00],
[158.00,7.50],
[185.00,5.50],
*****************************t=25*****************************
26 generation time: 2.18 s
[167.00,6.50],
[134.00,11.00],
[186.00,5.00],
[101.00,19.50],
[110.00,13.50],
[139.00,10.50],
[163.00,7.00],
[199.00,3.00],
[152.00,9.00],
[158.00,7.50],
[185.00,5.50],
*****************************t=26*****************************
27 generation time: 2.27 s
[167.00,6.50],
[134.00,11.00],
[186.00,5.00],
[101.00,19.50],
[102.00,13.00],
[139.00,10.50],
[163.00,7.00],
[199.00,3.00],
[152.00,9.00],
[158.00,7.50],
[185.00,5.50],
*****************************t=27*****************************
28 generation time: 2.35 s
[167.00,6.50],
[134.00,11.00],
[186.00,5.00],
[101.00,19.50],
[102.00,13.00],
[139.00,10.50],
[163.00,7.00],
[199.00,3.00],
[149.00,7.50],
[185.00,5.50],
*****************************t=28*****************************
29 generation time: 2.46 s
[167.00,6.50],
[134.00,11.00],
[186.00,5.00],
[101.00,19.50],
[102.00,13.00],
[139.00,10.50],
[163.00,7.00],
[199.00,3.00],
[149.00,7.50],
[185.00,5.50],
*****************************t=29*****************************
30 generation time: 2.57 s
[167.00,6.50],
[134.00,11.00],
[186.00,5.00],
[101.00,19.50],
[102.00,13.00],
[139.00,10.50],
[163.00,7.00],
[199.00,3.00],
[149.00,7.50],
[185.00,5.50],
*****************************t=30*****************************
31 generation time: 2.66 s
[167.00,6.50],
[134.00,11.00],
[186.00,5.00],
[101.00,19.50],
[102.00,13.00],
[139.00,10.50],
[163.00,7.00],
[199.00,3.00],
[149.00,7.50],
[185.00,5.50],
*****************************t=31*****************************
32 generation time: 2.76 s
[167.00,6.50],
[134.00,11.00],
[186.00,5.00],
[101.00,19.50],
[102.00,13.00],
[139.00,10.50],
[163.00,7.00],
[199.00,3.00],
[149.00,7.50],
[185.00,5.50],
*****************************t=32*****************************
33 generation time: 2.85 s
[167.00,6.50],
[134.00,11.00],
[186.00,5.00],
[101.00,19.50],
[102.00,13.00],
[139.00,10.50],
[163.00,7.00],
[199.00,3.00],
[149.00,7.50],
[185.00,5.50],
*****************************t=33*****************************
34 generation time: 2.95 s
[167.00,6.50],
[134.00,11.00],
[186.00,5.00],
[101.00,19.50],
[102.00,13.00],
[139.00,10.50],
[163.00,7.00],
[199.00,3.00],
[149.00,7.50],
[185.00,5.50],
*****************************t=34*****************************
35 generation time: 3.04 s
[167.00,6.50],
[134.00,11.00],
[186.00,5.00],
[101.00,19.50],
[102.00,13.00],
[139.00,10.50],
[163.00,7.00],
[199.00,3.00],
[149.00,7.50],
[185.00,5.50],
*****************************t=35*****************************
36 generation time: 3.14 s
[167.00,6.50],
[134.00,11.00],
[186.00,5.00],
[101.00,19.50],
[102.00,13.00],
[139.00,10.50],
[163.00,7.00],
[199.00,3.00],
[149.00,7.50],
[185.00,5.50],
*****************************t=36*****************************
37 generation time: 3.23 s
[167.00,6.50],
[134.00,11.00],
[186.00,5.00],
[101.00,19.50],
[102.00,13.00],
[139.00,10.50],
[163.00,7.00],
[199.00,3.00],
[149.00,7.50],
[185.00,5.50],
*****************************t=37*****************************
38 generation time: 3.33 s
[167.00,6.50],
[134.00,11.00],
[186.00,5.00],
[101.00,19.50],
[102.00,13.00],
[139.00,10.50],
[163.00,7.00],
[199.00,3.00],
[149.00,7.50],
[185.00,5.50],
*****************************t=38*****************************
39 generation time: 3.41 s
[167.00,6.50],
[134.00,11.00],
[186.00,5.00],
[101.00,19.50],
[102.00,13.00],
[139.00,10.50],
[163.00,7.00],
[199.00,3.00],
[149.00,7.50],
[185.00,5.50],
*****************************t=39*****************************
40 generation time: 3.51 s
[167.00,6.50],
[134.00,11.00],
[186.00,5.00],
[101.00,19.50],
[102.00,13.00],
[139.00,10.50],
[163.00,7.00],
[199.00,3.00],
[149.00,7.50],
[185.00,5.50],
*****************************t=40*****************************
41 generation time: 3.62 s
[167.00,6.50],
[134.00,11.00],
[186.00,5.00],
[101.00,19.50],
[102.00,13.00],
[139.00,10.50],
[163.00,7.00],
[199.00,3.00],
[149.00,7.50],
[185.00,5.50],
*****************************t=41*****************************
42 generation time: 3.71 s
[167.00,6.50],
[134.00,11.00],
[186.00,5.00],
[101.00,19.50],
[102.00,13.00],
[139.00,10.50],
[163.00,7.00],
[199.00,3.00],
[149.00,7.50],
[185.00,5.50],
*****************************t=42*****************************
43 generation time: 3.81 s
[167.00,6.50],
[134.00,11.00],
[186.00,5.00],
[101.00,19.50],
[102.00,13.00],
[139.00,10.50],
[163.00,7.00],
[199.00,3.00],
[149.00,7.50],
[185.00,5.50],
*****************************t=43*****************************
44 generation time: 3.90 s
[167.00,6.50],
[134.00,11.00],
[186.00,5.00],
[101.00,19.50],
[102.00,13.00],
[139.00,10.50],
[163.00,7.00],
[199.00,3.00],
[149.00,7.50],
[185.00,5.50],
*****************************t=44*****************************
45 generation time: 4.00 s
[167.00,6.50],
[134.00,11.00],
[186.00,5.00],
[101.00,19.50],
[102.00,13.00],
[139.00,10.50],
[163.00,7.00],
[199.00,3.00],
[149.00,7.50],
[185.00,5.50],
*****************************t=45*****************************
46 generation time: 4.09 s
[167.00,6.50],
[134.00,11.00],
[186.00,5.00],
[101.00,19.50],
[102.00,13.00],
[139.00,10.50],
[163.00,7.00],
[199.00,3.00],
[149.00,7.50],
[185.00,5.50],
*****************************t=46*****************************
47 generation time: 4.18 s
[167.00,6.50],
[134.00,11.00],
[186.00,5.00],
[101.00,19.50],
[102.00,13.00],
[139.00,10.50],
[163.00,7.00],
[199.00,3.00],
[149.00,7.50],
[185.00,5.50],
*****************************t=47*****************************
48 generation time: 4.28 s
[167.00,6.50],
[134.00,11.00],
[186.00,5.00],
[101.00,19.50],
[102.00,13.00],
[139.00,10.50],
[163.00,7.00],
[199.00,3.00],
[149.00,7.50],
[185.00,5.50],
*****************************t=48*****************************
49 generation time: 4.35 s
[167.00,6.50],
[134.00,11.00],
[186.00,5.00],
[101.00,19.50],
[102.00,13.00],
[139.00,10.50],
[163.00,7.00],
[199.00,3.00],
[149.00,7.50],
[185.00,5.50],
*****************************t=49*****************************
50 generation time: 4.45 s
[167.00,6.50],
[134.00,11.00],
[186.00,5.00],
[101.00,19.50],
[102.00,13.00],
[139.00,10.50],
[163.00,7.00],
[199.00,3.00],
[149.00,7.50],
[185.00,5.50],
*****************************t=50*****************************
51 generation time: 4.54 s
[167.00,6.50],
[134.00,11.00],
[186.00,5.00],
[101.00,19.50],
[102.00,13.00],
[139.00,10.50],
[163.00,7.00],
[199.00,3.00],
[149.00,7.50],
[185.00,5.50],
*****************************t=51*****************************
52 generation time: 4.63 s
[167.00,6.50],
[134.00,11.00],
[186.00,5.00],
[101.00,19.50],
[102.00,13.00],
[139.00,10.50],
[163.00,7.00],
[199.00,3.00],
[149.00,7.50],
[185.00,5.50],
*****************************t=52*****************************
53 generation time: 4.73 s
[167.00,6.50],
[134.00,11.00],
[186.00,5.00],
[101.00,19.50],
[102.00,13.00],
[136.00,10.50],
[163.00,7.00],
[199.00,3.00],
[149.00,7.50],
[185.00,5.50],
*****************************t=53*****************************
54 generation time: 4.82 s
[167.00,6.50],
[134.00,11.00],
[186.00,5.00],
[101.00,19.50],
[102.00,13.00],
[136.00,10.50],
[163.00,7.00],
[199.00,3.00],
[149.00,7.50],
[185.00,5.50],
*****************************t=54*****************************
55 generation time: 4.92 s
[167.00,6.50],
[134.00,11.00],
[186.00,5.00],
[101.00,19.50],
[102.00,13.00],
[136.00,10.50],
[163.00,7.00],
[199.00,3.00],
[149.00,7.50],
[185.00,5.50],
*****************************t=55*****************************
56 generation time: 4.99 s
[167.00,6.50],
[134.00,11.00],
[186.00,5.00],
[101.00,19.50],
[102.00,13.00],
[136.00,10.50],
[163.00,7.00],
[199.00,3.00],
[149.00,7.50],
[185.00,5.50],
*****************************t=56*****************************
57 generation time: 5.09 s
[167.00,6.50],
[134.00,11.00],
[186.00,5.00],
[101.00,19.50],
[102.00,13.00],
[136.00,10.50],
[163.00,7.00],
[199.00,3.00],
[149.00,7.50],
[185.00,5.50],
*****************************t=57*****************************
58 generation time: 5.18 s
[167.00,6.50],
[134.00,11.00],
[186.00,5.00],
[101.00,19.50],
[102.00,13.00],
[136.00,10.50],
[163.00,7.00],
[199.00,3.00],
[149.00,7.50],
[185.00,5.50],
*****************************t=58*****************************
59 generation time: 5.26 s
[167.00,6.50],
[134.00,11.00],
[186.00,5.00],
[101.00,19.50],
[102.00,13.00],
[136.00,10.50],
[163.00,7.00],
[199.00,3.00],
[149.00,7.50],
[185.00,5.50],
*****************************t=59*****************************
60 generation time: 5.35 s
[167.00,6.50],
[134.00,11.00],
[186.00,5.00],
[101.00,19.50],
[102.00,13.00],
[136.00,10.50],
[163.00,7.00],
[199.00,3.00],
[149.00,7.50],
[185.00,5.50],
*****************************t=60*****************************
61 generation time: 5.45 s
[167.00,6.50],
[134.00,11.00],
[182.00,5.00],
[101.00,19.50],
[102.00,13.00],
[136.00,10.50],
[163.00,7.00],
[199.00,3.00],
[149.00,7.50],
*****************************t=61*****************************
62 generation time: 5.54 s
[167.00,6.50],
[134.00,11.00],
[182.00,5.00],
[101.00,19.50],
[102.00,13.00],
[136.00,10.50],
[163.00,7.00],
[199.00,3.00],
[149.00,7.50],
*****************************t=62*****************************
63 generation time: 5.62 s
[167.00,6.50],
[134.00,11.00],
[182.00,5.00],
[101.00,19.50],
[102.00,13.00],
[136.00,10.50],
[163.00,7.00],
[199.00,3.00],
[149.00,7.50],
*****************************t=63*****************************
64 generation time: 5.71 s
[167.00,6.50],
[134.00,11.00],
[182.00,5.00],
[101.00,19.50],
[102.00,13.00],
[136.00,10.50],
[163.00,7.00],
[199.00,3.00],
[149.00,7.50],
*****************************t=64*****************************
65 generation time: 5.81 s
[167.00,6.50],
[134.00,11.00],
[182.00,5.00],
[101.00,19.50],
[102.00,13.00],
[136.00,10.50],
[163.00,7.00],
[199.00,3.00],
[149.00,7.50],
*****************************t=65*****************************
66 generation time: 5.90 s
[167.00,6.50],
[134.00,11.00],
[182.00,5.00],
[101.00,19.50],
[102.00,13.00],
[136.00,10.50],
[163.00,7.00],
[199.00,3.00],
[149.00,7.50],
*****************************t=66*****************************
67 generation time: 6.00 s
[167.00,6.50],
[118.00,9.00],
[182.00,5.00],
[101.00,19.50],
[102.00,13.00],
[163.00,7.00],
[199.00,3.00],
[149.00,7.50],
*****************************t=67*****************************
68 generation time: 6.09 s
[167.00,6.50],
[118.00,9.00],
[182.00,5.00],
[101.00,19.50],
[102.00,13.00],
[163.00,7.00],
[199.00,3.00],
[149.00,7.50],
*****************************t=68*****************************
69 generation time: 6.18 s
[167.00,6.50],
[118.00,9.00],
[182.00,5.00],
[101.00,19.50],
[102.00,13.00],
[163.00,7.00],
[199.00,3.00],
[149.00,7.50],
*****************************t=69*****************************
70 generation time: 6.27 s
[167.00,6.50],
[118.00,9.00],
[182.00,5.00],
[101.00,19.50],
[102.00,13.00],
[163.00,7.00],
[199.00,3.00],
[149.00,7.50],
*****************************t=70*****************************
71 generation time: 6.36 s
[167.00,6.50],
[118.00,9.00],
[182.00,5.00],
[101.00,19.50],
[102.00,13.00],
[163.00,7.00],
[199.00,3.00],
[149.00,7.50],
*****************************t=71*****************************
72 generation time: 6.46 s
[167.00,6.50],
[118.00,9.00],
[182.00,5.00],
[101.00,19.50],
[102.00,13.00],
[163.00,7.00],
[199.00,3.00],
[149.00,7.50],
*****************************t=72*****************************
73 generation time: 6.55 s
[167.00,6.50],
[118.00,9.00],
[182.00,5.00],
[101.00,19.50],
[102.00,13.00],
[163.00,7.00],
[199.00,3.00],
[149.00,7.50],
*****************************t=73*****************************
74 generation time: 6.64 s
[167.00,6.50],
[118.00,9.00],
[182.00,5.00],
[101.00,19.50],
[102.00,13.00],
[163.00,7.00],
[199.00,3.00],
[149.00,7.50],
*****************************t=74*****************************
75 generation time: 6.74 s
[167.00,6.50],
[118.00,9.00],
[182.00,5.00],
[101.00,19.50],
[102.00,13.00],
[163.00,7.00],
[199.00,3.00],
[149.00,7.50],
*****************************t=75*****************************
76 generation time: 6.83 s
[167.00,6.50],
[118.00,9.00],
[182.00,5.00],
[101.00,19.50],
[102.00,13.00],
[163.00,7.00],
[199.00,3.00],
[149.00,7.50],
*****************************t=76*****************************
77 generation time: 6.92 s
[167.00,6.50],
[118.00,9.00],
[182.00,5.00],
[101.00,19.50],
[102.00,13.00],
[163.00,7.00],
[199.00,3.00],
[149.00,7.50],
*****************************t=77*****************************
78 generation time: 7.01 s
[167.00,6.50],
[118.00,9.00],
[182.00,5.00],
[101.00,19.50],
[102.00,13.00],
[163.00,7.00],
[199.00,3.00],
[149.00,7.50],
*****************************t=78*****************************
79 generation time: 7.11 s
[167.00,6.50],
[118.00,9.00],
[182.00,5.00],
[101.00,19.50],
[102.00,13.00],
[163.00,7.00],
[199.00,3.00],
[149.00,7.50],
*****************************t=79*****************************
80 generation time: 7.20 s
[167.00,6.50],
[118.00,9.00],
[182.00,5.00],
[101.00,19.50],
[102.00,13.00],
[163.00,7.00],
[199.00,3.00],
[149.00,7.50],
*****************************t=80*****************************
81 generation time: 7.29 s
[167.00,6.50],
[118.00,9.00],
[182.00,5.00],
[101.00,19.50],
[102.00,13.00],
[163.00,7.00],
[199.00,3.00],
[149.00,7.50],
*****************************t=81*****************************
82 generation time: 7.37 s
[167.00,6.50],
[118.00,9.00],
[182.00,5.00],
[101.00,19.50],
[102.00,13.00],
[163.00,7.00],
[199.00,3.00],
[149.00,7.50],
*****************************t=82*****************************
83 generation time: 7.46 s
[167.00,6.50],
[118.00,9.00],
[182.00,5.00],
[101.00,19.50],
[102.00,13.00],
[163.00,7.00],
[199.00,3.00],
[149.00,7.50],
*****************************t=83*****************************
84 generation time: 7.56 s
[167.00,6.50],
[118.00,9.00],
[182.00,5.00],
[101.00,19.50],
[102.00,13.00],
[163.00,7.00],
[199.00,3.00],
[149.00,7.50],
*****************************t=84*****************************
85 generation time: 7.65 s
[167.00,6.50],
[118.00,9.00],
[182.00,5.00],
[101.00,19.50],
[102.00,13.00],
[163.00,7.00],
[199.00,3.00],
[149.00,7.50],
*****************************t=85*****************************
86 generation time: 7.73 s
[167.00,6.50],
[118.00,9.00],
[182.00,5.00],
[101.00,19.50],
[102.00,13.00],
[163.00,7.00],
[199.00,3.00],
[149.00,7.50],
*****************************t=86*****************************
87 generation time: 7.82 s
[167.00,6.50],
[118.00,9.00],
[182.00,5.00],
[101.00,19.50],
[102.00,13.00],
[163.00,7.00],
[199.00,3.00],
[149.00,7.50],
*****************************t=87*****************************
88 generation time: 7.93 s
[167.00,6.50],
[118.00,9.00],
[182.00,5.00],
[100.00,15.50],
[102.00,13.00],
[163.00,7.00],
[199.00,3.00],
[149.00,7.50],
*****************************t=88*****************************
89 generation time: 8.01 s
[167.00,6.50],
[118.00,9.00],
[182.00,5.00],
[100.00,15.50],
[102.00,13.00],
[163.00,7.00],
[199.00,3.00],
[149.00,7.50],
*****************************t=89*****************************
90 generation time: 8.10 s
[167.00,6.50],
[118.00,9.00],
[182.00,5.00],
[100.00,15.50],
[102.00,13.00],
[163.00,7.00],
[199.00,3.00],
[149.00,7.50],
*****************************t=90*****************************
91 generation time: 8.20 s
[167.00,6.50],
[118.00,9.00],
[182.00,5.00],
[100.00,15.50],
[102.00,13.00],
[163.00,7.00],
[199.00,3.00],
[149.00,7.50],
*****************************t=91*****************************
92 generation time: 8.29 s
[167.00,6.50],
[118.00,9.00],
[182.00,5.00],
[100.00,15.50],
[102.00,13.00],
[163.00,7.00],
[199.00,3.00],
[149.00,7.50],
*****************************t=92*****************************
93 generation time: 8.38 s
[167.00,6.50],
[118.00,9.00],
[182.00,5.00],
[100.00,15.50],
[102.00,13.00],
[163.00,7.00],
[199.00,3.00],
[149.00,7.50],
*****************************t=93*****************************
94 generation time: 8.48 s
[167.00,6.50],
[118.00,9.00],
[182.00,5.00],
[100.00,15.50],
[102.00,13.00],
[163.00,7.00],
[199.00,3.00],
[149.00,7.50],
*****************************t=94*****************************
95 generation time: 8.56 s
[167.00,6.50],
[118.00,9.00],
[182.00,5.00],
[100.00,15.50],
[102.00,13.00],
[163.00,7.00],
[199.00,3.00],
[149.00,7.50],
*****************************t=95*****************************
96 generation time: 8.65 s
[167.00,6.50],
[118.00,9.00],
[182.00,5.00],
[100.00,15.50],
[102.00,13.00],
[163.00,7.00],
[199.00,3.00],
[149.00,7.50],
*****************************t=96*****************************
97 generation time: 8.74 s
[167.00,6.50],
[118.00,9.00],
[182.00,5.00],
[100.00,15.50],
[102.00,13.00],
[163.00,7.00],
[199.00,3.00],
[149.00,7.50],
*****************************t=97*****************************
98 generation time: 8.84 s
[167.00,6.50],
[118.00,9.00],
[182.00,5.00],
[100.00,15.50],
[102.00,13.00],
[163.00,7.00],
[199.00,3.00],
[149.00,7.50],
*****************************t=98*****************************
99 generation time: 8.93 s
[167.00,6.50],
[118.00,9.00],
[182.00,5.00],
[100.00,15.50],
[102.00,13.00],
[163.00,7.00],
[199.00,3.00],
[149.00,7.50],
*****************************t=99*****************************
100 generation time: 9.03 s
[167.00,6.50],
[118.00,9.00],
[182.00,5.00],
[100.00,15.50],
[102.00,13.00],
[163.00,7.00],
[199.00,3.00],
[149.00,7.50],
[167.00,6.50],
[118.00,9.00],
[182.00,5.00],
[100.00,15.50],
[102.00,13.00],
[163.00,7.00],
[199.00,3.00],
[149.00,7.50],
tot = 8
total time: 9.07 s
