m = 4 n = 10
pop = 30 gen = 100
init...begin
init...done
*****************************t=0*****************************
time to convergence: 0.06 s	
time to convergence: 0.06 s	
time to convergence: 0.06 s	
1 generation time: 0.09 s
[162.00,9.00],
[109.00,25.00],
[194.00,7.00],
[131.00,23.00],
*****************************t=1*****************************
2 generation time: 0.18 s
[162.00,9.00],
[109.00,25.00],
[194.00,7.00],
[131.00,23.00],
*****************************t=2*****************************
time to convergence: 0.25 s	
3 generation time: 0.28 s
[162.00,9.00],
[109.00,25.00],
[194.00,7.00],
[131.00,23.00],
[137.00,17.00],
*****************************t=3*****************************
time to convergence: 0.34 s	
time to convergence: 0.34 s	
4 generation time: 0.38 s
[162.00,9.00],
[109.00,25.00],
[194.00,7.00],
[131.00,23.00],
[137.00,17.00],
[193.00,8.50],
[155.00,16.50],
*****************************t=4*****************************
5 generation time: 0.47 s
[162.00,9.00],
[109.00,25.00],
[194.00,7.00],
[131.00,23.00],
[137.00,17.00],
[193.00,8.50],
[155.00,16.50],
*****************************t=5*****************************
6 generation time: 0.57 s
[162.00,9.00],
[109.00,25.00],
[187.00,5.50],
[131.00,23.00],
[137.00,17.00],
[155.00,16.50],
*****************************t=6*****************************
7 generation time: 0.68 s
[162.00,9.00],
[109.00,25.00],
[187.00,5.50],
[131.00,23.00],
[137.00,17.00],
[140.00,10.50],
*****************************t=7*****************************
8 generation time: 0.77 s
[162.00,9.00],
[109.00,25.00],
[187.00,5.50],
[122.00,13.00],
[140.00,10.50],
*****************************t=8*****************************
time to convergence: 0.83 s	
9 generation time: 0.86 s
[162.00,9.00],
[109.00,25.00],
[187.00,5.50],
[122.00,13.00],
[140.00,10.50],
[163.00,7.50],
*****************************t=9*****************************
time to convergence: 0.93 s	
10 generation time: 0.97 s
[162.00,9.00],
[109.00,25.00],
[187.00,5.50],
[122.00,13.00],
[140.00,10.50],
[163.00,7.50],
[170.00,7.00],
*****************************t=10*****************************
11 generation time: 1.07 s
[162.00,9.00],
[109.00,25.00],
[187.00,5.50],
[118.00,11.00],
[140.00,10.50],
[163.00,7.50],
[170.00,7.00],
*****************************t=11*****************************
12 generation time: 1.16 s
[162.00,9.00],
[109.00,25.00],
[187.00,5.50],
[118.00,11.00],
[140.00,10.50],
[163.00,7.50],
[170.00,7.00],
*****************************t=12*****************************
13 generation time: 1.25 s
[162.00,9.00],
[109.00,25.00],
[187.00,5.50],
[118.00,11.00],
[140.00,10.50],
[163.00,7.50],
[170.00,7.00],
*****************************t=13*****************************
14 generation time: 1.35 s
[162.00,9.00],
[109.00,25.00],
[187.00,5.50],
[118.00,11.00],
[140.00,10.50],
[163.00,7.50],
[170.00,7.00],
*****************************t=14*****************************
15 generation time: 1.45 s
[128.00,9.00],
[109.00,25.00],
[187.00,5.50],
[118.00,11.00],
[163.00,7.50],
[170.00,7.00],
*****************************t=15*****************************
16 generation time: 1.55 s
[128.00,9.00],
[109.00,25.00],
[187.00,5.50],
[118.00,11.00],
[163.00,7.50],
[170.00,7.00],
*****************************t=16*****************************
time to convergence: 1.62 s	
17 generation time: 1.65 s
[128.00,9.00],
[109.00,25.00],
[187.00,5.50],
[118.00,11.00],
[163.00,7.50],
[170.00,7.00],
[194.00,3.00],
*****************************t=17*****************************
18 generation time: 1.75 s
[128.00,9.00],
[109.00,25.00],
[187.00,5.50],
[118.00,11.00],
[163.00,7.50],
[170.00,7.00],
[194.00,3.00],
*****************************t=18*****************************
19 generation time: 1.84 s
[128.00,9.00],
[109.00,25.00],
[187.00,5.50],
[118.00,11.00],
[163.00,7.50],
[170.00,7.00],
[194.00,3.00],
*****************************t=19*****************************
time to convergence: 1.91 s	
20 generation time: 1.94 s
[128.00,9.00],
[109.00,25.00],
[179.00,5.50],
[118.00,11.00],
[163.00,7.50],
[170.00,7.00],
[194.00,3.00],
[112.00,21.00],
*****************************t=20*****************************
21 generation time: 2.04 s
[128.00,9.00],
[109.00,25.00],
[179.00,5.50],
[118.00,11.00],
[163.00,7.50],
[170.00,7.00],
[194.00,3.00],
[112.00,21.00],
*****************************t=21*****************************
22 generation time: 2.13 s
[128.00,9.00],
[109.00,25.00],
[179.00,5.50],
[118.00,11.00],
[163.00,7.50],
[166.00,7.00],
[189.00,1.50],
[112.00,21.00],
*****************************t=22*****************************
23 generation time: 2.23 s
[128.00,9.00],
[109.00,25.00],
[179.00,5.50],
[118.00,11.00],
[163.00,7.50],
[166.00,7.00],
[189.00,1.50],
[112.00,21.00],
*****************************t=23*****************************
24 generation time: 2.32 s
[128.00,9.00],
[109.00,25.00],
[179.00,5.50],
[118.00,11.00],
[163.00,7.50],
[166.00,7.00],
[189.00,1.50],
[112.00,21.00],
*****************************t=24*****************************
25 generation time: 2.43 s
[128.00,9.00],
[109.00,25.00],
[179.00,5.50],
[118.00,11.00],
[163.00,7.50],
[166.00,7.00],
[189.00,1.50],
[112.00,21.00],
*****************************t=25*****************************
26 generation time: 2.53 s
[128.00,9.00],
[109.00,25.00],
[179.00,5.50],
[118.00,11.00],
[163.00,7.50],
[166.00,7.00],
[189.00,1.50],
[112.00,21.00],
*****************************t=26*****************************
27 generation time: 2.62 s
[128.00,9.00],
[109.00,25.00],
[175.00,5.00],
[118.00,11.00],
[163.00,7.50],
[166.00,7.00],
[189.00,1.50],
[112.00,21.00],
*****************************t=27*****************************
28 generation time: 2.73 s
[128.00,9.00],
[109.00,25.00],
[175.00,5.00],
[118.00,11.00],
[163.00,7.50],
[166.00,7.00],
[189.00,1.50],
[112.00,21.00],
*****************************t=28*****************************
29 generation time: 2.83 s
[128.00,9.00],
[109.00,25.00],
[175.00,5.00],
[118.00,11.00],
[163.00,7.50],
[166.00,7.00],
[189.00,1.50],
[112.00,21.00],
*****************************t=29*****************************
30 generation time: 2.93 s
[128.00,9.00],
[109.00,25.00],
[175.00,5.00],
[118.00,11.00],
[163.00,7.50],
[166.00,7.00],
[189.00,1.50],
[112.00,21.00],
*****************************t=30*****************************
31 generation time: 3.03 s
[128.00,9.00],
[109.00,25.00],
[175.00,5.00],
[118.00,11.00],
[163.00,7.50],
[166.00,7.00],
[189.00,1.50],
[112.00,21.00],
*****************************t=31*****************************
32 generation time: 3.12 s
[128.00,9.00],
[109.00,25.00],
[175.00,5.00],
[118.00,11.00],
[163.00,7.50],
[166.00,7.00],
[189.00,1.50],
[112.00,21.00],
*****************************t=32*****************************
33 generation time: 3.22 s
[128.00,9.00],
[109.00,25.00],
[175.00,5.00],
[118.00,11.00],
[163.00,7.50],
[166.00,7.00],
[189.00,1.50],
[112.00,21.00],
*****************************t=33*****************************
34 generation time: 3.33 s
[128.00,9.00],
[109.00,25.00],
[175.00,5.00],
[118.00,11.00],
[163.00,7.50],
[166.00,7.00],
[189.00,1.50],
[112.00,21.00],
*****************************t=34*****************************
35 generation time: 3.42 s
[128.00,9.00],
[109.00,25.00],
[175.00,5.00],
[118.00,11.00],
[163.00,7.50],
[166.00,7.00],
[189.00,1.50],
[112.00,21.00],
*****************************t=35*****************************
36 generation time: 3.54 s
[128.00,9.00],
[109.00,25.00],
[175.00,5.00],
[118.00,11.00],
[163.00,7.50],
[166.00,7.00],
[189.00,1.50],
[112.00,21.00],
*****************************t=36*****************************
37 generation time: 3.65 s
[128.00,9.00],
[109.00,25.00],
[175.00,5.00],
[118.00,11.00],
[163.00,7.50],
[166.00,7.00],
[189.00,1.50],
[112.00,21.00],
*****************************t=37*****************************
time to convergence: 3.72 s	
38 generation time: 3.75 s
[128.00,9.00],
[109.00,25.00],
[175.00,5.00],
[118.00,11.00],
[163.00,7.50],
[166.00,7.00],
[189.00,1.50],
[112.00,21.00],
[167.00,6.50],
*****************************t=38*****************************
39 generation time: 3.84 s
[128.00,9.00],
[109.00,25.00],
[175.00,5.00],
[118.00,11.00],
[163.00,7.50],
[166.00,7.00],
[189.00,1.50],
[112.00,21.00],
[167.00,6.50],
*****************************t=39*****************************
40 generation time: 3.93 s
[128.00,9.00],
[109.00,25.00],
[175.00,5.00],
[118.00,11.00],
[163.00,7.50],
[166.00,7.00],
[189.00,1.50],
[112.00,21.00],
[167.00,6.50],
*****************************t=40*****************************
time to convergence: 4.00 s	
41 generation time: 4.04 s
[128.00,9.00],
[109.00,25.00],
[175.00,5.00],
[118.00,11.00],
[163.00,7.50],
[166.00,7.00],
[189.00,1.50],
[112.00,21.00],
[167.00,6.50],
[185.00,3.50],
*****************************t=41*****************************
42 generation time: 4.14 s
[128.00,9.00],
[109.00,25.00],
[175.00,5.00],
[118.00,11.00],
[163.00,7.50],
[166.00,7.00],
[189.00,1.50],
[112.00,21.00],
[167.00,6.50],
[185.00,3.50],
*****************************t=42*****************************
43 generation time: 4.24 s
[128.00,9.00],
[109.00,25.00],
[175.00,5.00],
[118.00,11.00],
[163.00,7.50],
[166.00,7.00],
[189.00,1.50],
[112.00,21.00],
[167.00,6.50],
[185.00,3.50],
*****************************t=43*****************************
44 generation time: 4.34 s
[128.00,9.00],
[109.00,25.00],
[175.00,5.00],
[118.00,11.00],
[163.00,7.50],
[166.00,7.00],
[189.00,1.50],
[112.00,21.00],
[167.00,6.50],
[185.00,3.50],
*****************************t=44*****************************
45 generation time: 4.43 s
[128.00,9.00],
[109.00,25.00],
[175.00,5.00],
[118.00,11.00],
[163.00,7.50],
[166.00,7.00],
[189.00,1.50],
[112.00,21.00],
[167.00,6.50],
[185.00,3.50],
*****************************t=45*****************************
46 generation time: 4.53 s
[128.00,9.00],
[109.00,25.00],
[175.00,5.00],
[118.00,11.00],
[163.00,7.50],
[166.00,7.00],
[189.00,1.50],
[112.00,21.00],
[167.00,6.50],
[185.00,3.50],
*****************************t=46*****************************
47 generation time: 4.64 s
[128.00,9.00],
[109.00,25.00],
[175.00,5.00],
[118.00,11.00],
[163.00,7.50],
[166.00,7.00],
[189.00,1.50],
[112.00,21.00],
[167.00,6.50],
[185.00,3.50],
*****************************t=47*****************************
48 generation time: 4.74 s
[128.00,9.00],
[109.00,25.00],
[175.00,5.00],
[118.00,11.00],
[163.00,7.50],
[166.00,7.00],
[189.00,1.50],
[112.00,21.00],
[167.00,6.50],
[185.00,3.50],
*****************************t=48*****************************
49 generation time: 4.85 s
[128.00,9.00],
[109.00,25.00],
[175.00,5.00],
[118.00,11.00],
[163.00,7.50],
[166.00,7.00],
[189.00,1.50],
[112.00,21.00],
[167.00,6.50],
[185.00,3.50],
*****************************t=49*****************************
50 generation time: 4.94 s
[128.00,9.00],
[109.00,25.00],
[175.00,5.00],
[118.00,11.00],
[163.00,7.00],
[189.00,1.50],
[112.00,21.00],
[167.00,6.50],
[185.00,3.50],
*****************************t=50*****************************
51 generation time: 5.05 s
[128.00,9.00],
[109.00,25.00],
[175.00,5.00],
[118.00,11.00],
[163.00,7.00],
[189.00,1.50],
[112.00,21.00],
[167.00,6.50],
[185.00,3.50],
*****************************t=51*****************************
52 generation time: 5.14 s
[128.00,9.00],
[109.00,25.00],
[175.00,5.00],
[118.00,11.00],
[163.00,7.00],
[189.00,1.50],
[112.00,21.00],
[167.00,6.50],
[185.00,3.50],
*****************************t=52*****************************
53 generation time: 5.24 s
[128.00,9.00],
[109.00,25.00],
[175.00,5.00],
[118.00,11.00],
[163.00,7.00],
[189.00,1.50],
[112.00,21.00],
[167.00,6.50],
[185.00,3.50],
*****************************t=53*****************************
54 generation time: 5.36 s
[128.00,9.00],
[109.00,25.00],
[175.00,5.00],
[118.00,11.00],
[163.00,7.00],
[189.00,1.50],
[112.00,21.00],
[167.00,6.50],
[185.00,3.50],
*****************************t=54*****************************
55 generation time: 5.47 s
[128.00,9.00],
[109.00,25.00],
[175.00,5.00],
[118.00,11.00],
[163.00,7.00],
[189.00,1.50],
[112.00,21.00],
[167.00,6.50],
[185.00,3.50],
*****************************t=55*****************************
56 generation time: 5.56 s
[128.00,9.00],
[109.00,25.00],
[175.00,5.00],
[118.00,11.00],
[163.00,7.00],
[189.00,1.50],
[112.00,21.00],
[167.00,6.50],
[185.00,3.50],
*****************************t=56*****************************
57 generation time: 5.66 s
[128.00,9.00],
[109.00,25.00],
[175.00,5.00],
[118.00,11.00],
[163.00,7.00],
[189.00,1.50],
[112.00,21.00],
[167.00,6.50],
[180.00,3.50],
*****************************t=57*****************************
58 generation time: 5.76 s
[128.00,9.00],
[101.00,13.00],
[175.00,5.00],
[118.00,11.00],
[163.00,7.00],
[189.00,1.50],
[167.00,6.50],
[180.00,3.50],
*****************************t=58*****************************
59 generation time: 5.85 s
[128.00,9.00],
[101.00,13.00],
[175.00,5.00],
[118.00,11.00],
[163.00,7.00],
[189.00,1.50],
[167.00,6.50],
[180.00,3.50],
*****************************t=59*****************************
60 generation time: 5.95 s
[128.00,9.00],
[101.00,13.00],
[175.00,5.00],
[118.00,11.00],
[163.00,7.00],
[189.00,1.50],
[167.00,6.50],
[180.00,3.50],
*****************************t=60*****************************
61 generation time: 6.05 s
[128.00,9.00],
[101.00,13.00],
[175.00,5.00],
[118.00,11.00],
[163.00,7.00],
[189.00,1.50],
[167.00,6.50],
[180.00,3.50],
*****************************t=61*****************************
62 generation time: 6.14 s
[128.00,9.00],
[101.00,13.00],
[175.00,5.00],
[118.00,11.00],
[163.00,7.00],
[189.00,1.50],
[167.00,6.50],
[180.00,3.50],
*****************************t=62*****************************
63 generation time: 6.24 s
[128.00,9.00],
[101.00,13.00],
[175.00,5.00],
[118.00,11.00],
[163.00,7.00],
[189.00,1.50],
[167.00,6.50],
[180.00,3.50],
*****************************t=63*****************************
64 generation time: 6.35 s
[128.00,9.00],
[101.00,13.00],
[175.00,5.00],
[118.00,11.00],
[163.00,7.00],
[189.00,1.50],
[167.00,6.50],
[180.00,3.50],
*****************************t=64*****************************
65 generation time: 6.45 s
[128.00,9.00],
[101.00,13.00],
[175.00,5.00],
[118.00,11.00],
[163.00,7.00],
[189.00,1.50],
[167.00,6.50],
[176.00,3.50],
*****************************t=65*****************************
66 generation time: 6.54 s
[128.00,9.00],
[101.00,13.00],
[175.00,5.00],
[118.00,11.00],
[163.00,7.00],
[189.00,1.50],
[167.00,6.50],
[176.00,3.50],
*****************************t=66*****************************
67 generation time: 6.64 s
[128.00,9.00],
[101.00,13.00],
[175.00,5.00],
[118.00,11.00],
[163.00,7.00],
[189.00,1.50],
[167.00,6.50],
[176.00,3.50],
*****************************t=67*****************************
68 generation time: 6.74 s
[128.00,9.00],
[101.00,13.00],
[175.00,5.00],
[118.00,11.00],
[163.00,7.00],
[189.00,1.50],
[167.00,6.50],
[176.00,3.50],
*****************************t=68*****************************
69 generation time: 6.85 s
[128.00,9.00],
[101.00,13.00],
[175.00,5.00],
[118.00,11.00],
[163.00,7.00],
[189.00,1.50],
[167.00,6.50],
[176.00,3.50],
*****************************t=69*****************************
70 generation time: 6.96 s
[128.00,9.00],
[101.00,13.00],
[175.00,5.00],
[118.00,11.00],
[163.00,7.00],
[189.00,1.50],
[167.00,6.50],
[176.00,3.50],
*****************************t=70*****************************
71 generation time: 7.07 s
[128.00,9.00],
[101.00,13.00],
[175.00,5.00],
[118.00,11.00],
[163.00,7.00],
[189.00,1.50],
[167.00,6.50],
[176.00,3.50],
*****************************t=71*****************************
time to convergence: 7.13 s	
72 generation time: 7.16 s
[128.00,9.00],
[101.00,13.00],
[175.00,5.00],
[118.00,11.00],
[163.00,7.00],
[189.00,1.50],
[167.00,6.50],
[176.00,3.50],
[177.00,3.00],
*****************************t=72*****************************
73 generation time: 7.27 s
[128.00,9.00],
[101.00,13.00],
[175.00,5.00],
[118.00,11.00],
[163.00,7.00],
[189.00,1.50],
[167.00,6.50],
[176.00,3.50],
[177.00,3.00],
*****************************t=73*****************************
74 generation time: 7.38 s
[128.00,9.00],
[101.00,13.00],
[175.00,5.00],
[118.00,11.00],
[163.00,7.00],
[189.00,1.50],
[167.00,6.50],
[176.00,3.50],
[177.00,3.00],
*****************************t=74*****************************
75 generation time: 7.49 s
[128.00,9.00],
[101.00,13.00],
[175.00,5.00],
[118.00,11.00],
[163.00,7.00],
[189.00,1.50],
[167.00,6.50],
[176.00,3.50],
[177.00,3.00],
*****************************t=75*****************************
76 generation time: 7.58 s
[128.00,9.00],
[101.00,13.00],
[175.00,5.00],
[118.00,11.00],
[163.00,7.00],
[189.00,1.50],
[167.00,6.50],
[176.00,3.50],
[177.00,3.00],
*****************************t=76*****************************
77 generation time: 7.69 s
[128.00,9.00],
[101.00,13.00],
[175.00,5.00],
[118.00,11.00],
[163.00,7.00],
[186.00,1.50],
[167.00,6.50],
[176.00,3.50],
[177.00,3.00],
*****************************t=77*****************************
78 generation time: 7.80 s
[128.00,9.00],
[101.00,13.00],
[175.00,5.00],
[118.00,11.00],
[163.00,7.00],
[186.00,1.50],
[167.00,6.50],
[176.00,3.50],
[177.00,3.00],
*****************************t=78*****************************
79 generation time: 7.89 s
[128.00,9.00],
[101.00,13.00],
[175.00,5.00],
[118.00,11.00],
[163.00,7.00],
[186.00,1.50],
[167.00,6.50],
[176.00,3.50],
[177.00,3.00],
*****************************t=79*****************************
80 generation time: 7.98 s
[128.00,9.00],
[101.00,13.00],
[175.00,5.00],
[118.00,11.00],
[163.00,7.00],
[186.00,1.50],
[167.00,6.50],
[176.00,3.50],
[177.00,3.00],
*****************************t=80*****************************
81 generation time: 8.07 s
[128.00,9.00],
[101.00,13.00],
[175.00,5.00],
[118.00,11.00],
[163.00,7.00],
[186.00,1.50],
[167.00,6.50],
[176.00,3.50],
[177.00,3.00],
*****************************t=81*****************************
82 generation time: 8.18 s
[128.00,9.00],
[101.00,13.00],
[175.00,5.00],
[118.00,11.00],
[163.00,7.00],
[186.00,1.50],
[167.00,6.50],
[176.00,3.50],
[177.00,3.00],
*****************************t=82*****************************
83 generation time: 8.28 s
[128.00,9.00],
[101.00,13.00],
[175.00,5.00],
[118.00,11.00],
[163.00,7.00],
[186.00,1.50],
[167.00,6.50],
[176.00,3.50],
[177.00,3.00],
*****************************t=83*****************************
84 generation time: 8.37 s
[128.00,9.00],
[101.00,13.00],
[175.00,5.00],
[118.00,11.00],
[163.00,7.00],
[186.00,1.50],
[167.00,6.50],
[176.00,3.50],
[177.00,3.00],
*****************************t=84*****************************
85 generation time: 8.47 s
[128.00,9.00],
[101.00,13.00],
[175.00,5.00],
[118.00,11.00],
[163.00,7.00],
[186.00,1.50],
[167.00,6.50],
[176.00,3.50],
[177.00,3.00],
*****************************t=85*****************************
86 generation time: 8.58 s
[128.00,9.00],
[101.00,13.00],
[175.00,5.00],
[118.00,11.00],
[163.00,7.00],
[186.00,1.50],
[167.00,6.50],
[176.00,3.50],
[177.00,3.00],
*****************************t=86*****************************
87 generation time: 8.69 s
[128.00,9.00],
[101.00,13.00],
[175.00,5.00],
[118.00,11.00],
[163.00,7.00],
[186.00,1.50],
[167.00,6.50],
[176.00,3.50],
[177.00,3.00],
*****************************t=87*****************************
88 generation time: 8.80 s
[128.00,9.00],
[101.00,13.00],
[175.00,5.00],
[118.00,11.00],
[163.00,7.00],
[186.00,1.50],
[167.00,6.50],
[176.00,3.50],
[177.00,3.00],
*****************************t=88*****************************
89 generation time: 8.91 s
[128.00,9.00],
[101.00,13.00],
[175.00,5.00],
[118.00,11.00],
[163.00,7.00],
[186.00,1.50],
[167.00,6.50],
[176.00,3.50],
[177.00,3.00],
*****************************t=89*****************************
90 generation time: 9.02 s
[128.00,9.00],
[101.00,13.00],
[175.00,5.00],
[118.00,11.00],
[163.00,7.00],
[186.00,1.50],
[167.00,6.50],
[176.00,3.50],
[177.00,3.00],
*****************************t=90*****************************
91 generation time: 9.13 s
[128.00,9.00],
[101.00,13.00],
[175.00,5.00],
[118.00,11.00],
[163.00,7.00],
[186.00,1.50],
[167.00,6.50],
[176.00,3.50],
[177.00,3.00],
*****************************t=91*****************************
92 generation time: 9.23 s
[128.00,9.00],
[101.00,13.00],
[175.00,5.00],
[118.00,11.00],
[163.00,7.00],
[186.00,1.50],
[167.00,6.50],
[176.00,3.50],
[177.00,3.00],
*****************************t=92*****************************
93 generation time: 9.34 s
[128.00,9.00],
[101.00,13.00],
[175.00,5.00],
[118.00,11.00],
[163.00,7.00],
[186.00,1.50],
[167.00,6.50],
[176.00,3.50],
[177.00,3.00],
*****************************t=93*****************************
94 generation time: 9.45 s
[128.00,9.00],
[101.00,13.00],
[175.00,5.00],
[118.00,11.00],
[163.00,7.00],
[186.00,1.50],
[167.00,6.50],
[176.00,3.50],
[177.00,3.00],
*****************************t=94*****************************
95 generation time: 9.54 s
[128.00,9.00],
[101.00,13.00],
[175.00,5.00],
[118.00,11.00],
[163.00,7.00],
[186.00,1.50],
[167.00,6.50],
[176.00,3.50],
[177.00,3.00],
*****************************t=95*****************************
96 generation time: 9.64 s
[128.00,9.00],
[101.00,13.00],
[175.00,5.00],
[118.00,11.00],
[163.00,7.00],
[186.00,1.50],
[167.00,6.50],
[176.00,3.50],
[177.00,3.00],
*****************************t=96*****************************
97 generation time: 9.74 s
[128.00,9.00],
[101.00,13.00],
[175.00,5.00],
[118.00,11.00],
[163.00,7.00],
[186.00,1.50],
[167.00,6.50],
[176.00,3.50],
[177.00,3.00],
*****************************t=97*****************************
98 generation time: 9.84 s
[128.00,9.00],
[101.00,13.00],
[175.00,5.00],
[118.00,11.00],
[163.00,7.00],
[186.00,1.50],
[167.00,6.50],
[176.00,3.50],
[177.00,3.00],
*****************************t=98*****************************
99 generation time: 9.95 s
[128.00,9.00],
[101.00,13.00],
[175.00,5.00],
[118.00,11.00],
[163.00,7.00],
[186.00,1.50],
[167.00,6.50],
[176.00,3.50],
[177.00,3.00],
*****************************t=99*****************************
100 generation time: 10.06 s
[128.00,9.00],
[101.00,13.00],
[175.00,5.00],
[118.00,11.00],
[163.00,7.00],
[186.00,1.50],
[167.00,6.50],
[176.00,3.50],
[177.00,3.00],
[128.00,9.00],
[101.00,13.00],
[175.00,5.00],
[118.00,11.00],
[163.00,7.00],
[186.00,1.50],
[167.00,6.50],
[176.00,3.50],
[177.00,3.00],
tot = 9
total time: 10.11 s
