m = 4 n = 10
pop = 30 gen = 100
init...begin
init...done
*****************************t=0*****************************
time to convergence: 0.06 s	
time to convergence: 0.06 s	
time to convergence: 0.06 s	
1 generation time: 0.08 s
[128.00,19.00],
[171.00,8.50],
[116.00,26.50],
[168.00,10.50],
*****************************t=1*****************************
time to convergence: 0.14 s	
time to convergence: 0.14 s	
2 generation time: 0.17 s
[128.00,19.00],
[171.00,8.50],
[116.00,26.50],
[168.00,10.50],
[142.00,13.00],
[145.00,11.00],
*****************************t=2*****************************
time to convergence: 0.22 s	
time to convergence: 0.22 s	
3 generation time: 0.25 s
[128.00,19.00],
[171.00,8.50],
[116.00,26.50],
[168.00,10.50],
[142.00,13.00],
[145.00,11.00],
[187.00,5.50],
[184.00,7.00],
*****************************t=3*****************************
time to convergence: 0.30 s	
4 generation time: 0.33 s
[128.00,19.00],
[171.00,8.50],
[116.00,26.50],
[168.00,10.50],
[142.00,13.00],
[145.00,11.00],
[177.00,5.50],
[222.00,3.50],
*****************************t=4*****************************
time to convergence: 0.37 s	
5 generation time: 0.41 s
[128.00,19.00],
[171.00,8.50],
[116.00,26.50],
[168.00,10.50],
[142.00,13.00],
[145.00,11.00],
[177.00,5.50],
[222.00,3.50],
[196.00,5.00],
*****************************t=5*****************************
6 generation time: 0.50 s
[128.00,19.00],
[171.00,8.50],
[116.00,26.50],
[165.00,10.50],
[142.00,13.00],
[145.00,11.00],
[177.00,5.50],
[192.00,1.50],
*****************************t=6*****************************
7 generation time: 0.58 s
[128.00,19.00],
[171.00,8.50],
[116.00,26.50],
[140.00,10.50],
[177.00,5.50],
[192.00,1.50],
*****************************t=7*****************************
8 generation time: 0.66 s
[128.00,19.00],
[171.00,8.50],
[116.00,26.50],
[140.00,10.50],
[177.00,5.50],
[192.00,1.50],
*****************************t=8*****************************
9 generation time: 0.73 s
[128.00,19.00],
[171.00,8.50],
[116.00,26.50],
[140.00,10.50],
[177.00,5.50],
[192.00,1.50],
*****************************t=9*****************************
10 generation time: 0.83 s
[128.00,19.00],
[171.00,8.50],
[116.00,26.50],
[140.00,10.50],
[177.00,5.50],
[192.00,1.50],
*****************************t=10*****************************
time to convergence: 0.89 s	
11 generation time: 0.92 s
[128.00,19.00],
[171.00,8.50],
[116.00,26.50],
[140.00,10.50],
[177.00,5.50],
[192.00,1.50],
[138.00,13.00],
*****************************t=11*****************************
12 generation time: 1.01 s
[128.00,19.00],
[171.00,8.50],
[116.00,26.50],
[140.00,10.50],
[177.00,5.50],
[192.00,1.50],
[138.00,13.00],
*****************************t=12*****************************
13 generation time: 1.09 s
[128.00,19.00],
[171.00,8.50],
[116.00,26.50],
[139.00,9.00],
[177.00,5.50],
[192.00,1.50],
[138.00,13.00],
*****************************t=13*****************************
14 generation time: 1.17 s
[128.00,19.00],
[171.00,8.50],
[116.00,26.50],
[139.00,9.00],
[177.00,5.50],
[189.00,1.50],
[138.00,13.00],
*****************************t=14*****************************
15 generation time: 1.26 s
[128.00,19.00],
[171.00,8.50],
[116.00,26.50],
[139.00,9.00],
[177.00,5.50],
[189.00,1.50],
[138.00,13.00],
*****************************t=15*****************************
16 generation time: 1.35 s
[128.00,19.00],
[171.00,8.50],
[116.00,26.50],
[139.00,9.00],
[177.00,5.50],
[189.00,1.50],
[138.00,13.00],
*****************************t=16*****************************
17 generation time: 1.43 s
[128.00,19.00],
[171.00,8.50],
[116.00,26.50],
[139.00,9.00],
[177.00,5.50],
[189.00,1.50],
[138.00,13.00],
*****************************t=17*****************************
18 generation time: 1.52 s
[128.00,19.00],
[171.00,8.50],
[116.00,26.50],
[139.00,9.00],
[177.00,5.50],
[189.00,1.50],
[138.00,13.00],
*****************************t=18*****************************
19 generation time: 1.60 s
[128.00,19.00],
[171.00,8.50],
[116.00,26.50],
[139.00,9.00],
[177.00,5.50],
[189.00,1.50],
[138.00,13.00],
*****************************t=19*****************************
20 generation time: 1.68 s
[128.00,19.00],
[171.00,8.50],
[116.00,26.50],
[139.00,9.00],
[177.00,5.50],
[189.00,1.50],
[138.00,13.00],
*****************************t=20*****************************
21 generation time: 1.77 s
[128.00,19.00],
[171.00,8.50],
[116.00,26.50],
[139.00,9.00],
[177.00,5.50],
[189.00,1.50],
[138.00,13.00],
*****************************t=21*****************************
time to convergence: 1.83 s	
22 generation time: 1.86 s
[128.00,19.00],
[171.00,8.50],
[116.00,26.50],
[139.00,9.00],
[177.00,5.50],
[189.00,1.50],
[138.00,13.00],
[188.00,3.50],
*****************************t=22*****************************
time to convergence: 1.92 s	
23 generation time: 1.96 s
[128.00,19.00],
[171.00,8.50],
[116.00,26.50],
[139.00,9.00],
[177.00,5.50],
[189.00,1.50],
[138.00,13.00],
[188.00,3.50],
[172.00,7.50],
*****************************t=23*****************************
24 generation time: 2.05 s
[128.00,19.00],
[171.00,8.50],
[116.00,26.50],
[139.00,9.00],
[177.00,5.50],
[189.00,1.50],
[138.00,13.00],
[188.00,3.50],
[172.00,7.50],
*****************************t=24*****************************
time to convergence: 2.10 s	
25 generation time: 2.13 s
[108.00,13.00],
[171.00,8.50],
[139.00,9.00],
[177.00,5.50],
[189.00,1.50],
[188.00,3.50],
[172.00,7.50],
[107.00,27.50],
*****************************t=25*****************************
26 generation time: 2.23 s
[108.00,13.00],
[171.00,8.50],
[139.00,9.00],
[177.00,5.50],
[189.00,1.50],
[188.00,3.50],
[172.00,7.50],
[107.00,27.50],
*****************************t=26*****************************
27 generation time: 2.33 s
[108.00,13.00],
[171.00,8.50],
[139.00,9.00],
[177.00,5.50],
[187.00,1.50],
[172.00,7.50],
[107.00,27.50],
*****************************t=27*****************************
time to convergence: 2.39 s	
28 generation time: 2.42 s
[108.00,13.00],
[171.00,8.50],
[139.00,9.00],
[177.00,5.50],
[187.00,1.50],
[172.00,7.50],
[107.00,27.50],
[133.00,11.00],
*****************************t=28*****************************
29 generation time: 2.50 s
[108.00,13.00],
[171.00,8.50],
[139.00,9.00],
[177.00,5.50],
[186.00,1.50],
[172.00,7.50],
[107.00,27.50],
[133.00,11.00],
*****************************t=29*****************************
30 generation time: 2.60 s
[108.00,13.00],
[171.00,8.50],
[139.00,9.00],
[177.00,5.50],
[186.00,1.50],
[172.00,7.50],
[107.00,27.50],
[133.00,11.00],
*****************************t=30*****************************
31 generation time: 2.69 s
[108.00,13.00],
[171.00,8.50],
[139.00,9.00],
[177.00,5.50],
[186.00,1.50],
[172.00,7.50],
[107.00,27.50],
[133.00,11.00],
*****************************t=31*****************************
32 generation time: 2.78 s
[108.00,13.00],
[171.00,8.50],
[139.00,9.00],
[177.00,5.50],
[186.00,1.50],
[172.00,7.50],
[107.00,27.50],
[133.00,11.00],
*****************************t=32*****************************
time to convergence: 2.85 s	
33 generation time: 2.88 s
[108.00,13.00],
[171.00,8.50],
[139.00,9.00],
[177.00,5.50],
[186.00,1.50],
[172.00,7.50],
[107.00,27.50],
[133.00,11.00],
[176.00,7.00],
*****************************t=33*****************************
34 generation time: 2.98 s
[108.00,13.00],
[171.00,8.50],
[139.00,9.00],
[175.00,5.00],
[186.00,1.50],
[172.00,7.50],
[107.00,27.50],
[133.00,11.00],
*****************************t=34*****************************
35 generation time: 3.08 s
[108.00,13.00],
[171.00,8.50],
[139.00,9.00],
[175.00,5.00],
[186.00,1.50],
[172.00,7.50],
[107.00,27.50],
[133.00,11.00],
*****************************t=35*****************************
36 generation time: 3.16 s
[108.00,13.00],
[171.00,8.50],
[139.00,9.00],
[175.00,5.00],
[186.00,1.50],
[172.00,7.50],
[107.00,27.50],
[133.00,11.00],
*****************************t=36*****************************
37 generation time: 3.25 s
[108.00,13.00],
[171.00,8.50],
[139.00,9.00],
[175.00,5.00],
[186.00,1.50],
[172.00,7.50],
[107.00,27.50],
[133.00,11.00],
*****************************t=37*****************************
38 generation time: 3.35 s
[108.00,13.00],
[171.00,8.50],
[139.00,9.00],
[175.00,5.00],
[186.00,1.50],
[172.00,7.50],
[107.00,27.50],
[133.00,11.00],
*****************************t=38*****************************
39 generation time: 3.44 s
[108.00,13.00],
[171.00,8.50],
[139.00,9.00],
[175.00,5.00],
[186.00,1.50],
[172.00,7.50],
[107.00,27.50],
[133.00,11.00],
*****************************t=39*****************************
40 generation time: 3.55 s
[108.00,13.00],
[171.00,8.50],
[139.00,9.00],
[175.00,5.00],
[186.00,1.50],
[172.00,7.50],
[107.00,27.50],
[133.00,11.00],
*****************************t=40*****************************
41 generation time: 3.63 s
[108.00,13.00],
[156.00,7.50],
[139.00,9.00],
[175.00,5.00],
[186.00,1.50],
[107.00,27.50],
[133.00,11.00],
*****************************t=41*****************************
42 generation time: 3.72 s
[108.00,13.00],
[156.00,7.50],
[139.00,9.00],
[175.00,5.00],
[186.00,1.50],
[107.00,27.50],
[133.00,11.00],
*****************************t=42*****************************
43 generation time: 3.83 s
[108.00,13.00],
[156.00,7.50],
[139.00,9.00],
[175.00,5.00],
[186.00,1.50],
[107.00,27.50],
[133.00,11.00],
*****************************t=43*****************************
44 generation time: 3.92 s
[108.00,13.00],
[156.00,7.50],
[139.00,9.00],
[175.00,5.00],
[186.00,1.50],
[107.00,27.50],
[133.00,11.00],
*****************************t=44*****************************
45 generation time: 4.00 s
[108.00,13.00],
[156.00,7.50],
[139.00,9.00],
[175.00,5.00],
[186.00,1.50],
[107.00,27.50],
[133.00,11.00],
*****************************t=45*****************************
46 generation time: 4.09 s
[108.00,13.00],
[156.00,7.50],
[139.00,9.00],
[175.00,5.00],
[186.00,1.50],
[107.00,27.50],
[133.00,11.00],
*****************************t=46*****************************
47 generation time: 4.19 s
[108.00,13.00],
[156.00,7.50],
[139.00,9.00],
[175.00,5.00],
[186.00,1.50],
[107.00,27.50],
[133.00,11.00],
*****************************t=47*****************************
48 generation time: 4.28 s
[108.00,13.00],
[156.00,7.50],
[139.00,9.00],
[175.00,5.00],
[186.00,1.50],
[107.00,27.50],
[133.00,11.00],
*****************************t=48*****************************
49 generation time: 4.38 s
[108.00,13.00],
[156.00,7.50],
[139.00,9.00],
[175.00,5.00],
[186.00,1.50],
[107.00,27.50],
[133.00,11.00],
*****************************t=49*****************************
50 generation time: 4.49 s
[108.00,13.00],
[156.00,7.50],
[139.00,9.00],
[175.00,5.00],
[186.00,1.50],
[107.00,27.50],
[133.00,11.00],
*****************************t=50*****************************
51 generation time: 4.58 s
[108.00,13.00],
[156.00,7.50],
[139.00,9.00],
[175.00,5.00],
[186.00,1.50],
[107.00,27.50],
[133.00,11.00],
*****************************t=51*****************************
52 generation time: 4.67 s
[108.00,13.00],
[156.00,7.50],
[139.00,9.00],
[175.00,5.00],
[186.00,1.50],
[107.00,27.50],
[133.00,11.00],
*****************************t=52*****************************
53 generation time: 4.77 s
[108.00,13.00],
[156.00,7.50],
[139.00,9.00],
[175.00,5.00],
[186.00,1.50],
[107.00,27.50],
[133.00,11.00],
*****************************t=53*****************************
54 generation time: 4.87 s
[108.00,13.00],
[156.00,7.50],
[139.00,9.00],
[175.00,5.00],
[186.00,1.50],
[107.00,27.50],
[133.00,11.00],
*****************************t=54*****************************
55 generation time: 4.96 s
[108.00,13.00],
[156.00,7.50],
[139.00,9.00],
[175.00,5.00],
[186.00,1.50],
[107.00,27.50],
[133.00,11.00],
*****************************t=55*****************************
time to convergence: 5.02 s	
56 generation time: 5.06 s
[108.00,13.00],
[156.00,7.50],
[139.00,9.00],
[175.00,5.00],
[186.00,1.50],
[107.00,27.50],
[133.00,11.00],
[166.00,7.00],
*****************************t=56*****************************
57 generation time: 5.15 s
[108.00,13.00],
[156.00,7.50],
[139.00,9.00],
[175.00,5.00],
[186.00,1.50],
[107.00,27.50],
[133.00,11.00],
[166.00,7.00],
*****************************t=57*****************************
time to convergence: 5.21 s	
58 generation time: 5.25 s
[108.00,13.00],
[156.00,7.50],
[139.00,9.00],
[175.00,5.00],
[186.00,1.50],
[107.00,27.50],
[133.00,11.00],
[166.00,7.00],
[180.00,3.50],
*****************************t=58*****************************
59 generation time: 5.34 s
[108.00,13.00],
[156.00,7.50],
[139.00,9.00],
[175.00,5.00],
[186.00,1.50],
[107.00,27.50],
[133.00,11.00],
[166.00,7.00],
[180.00,3.50],
*****************************t=59*****************************
60 generation time: 5.44 s
[108.00,13.00],
[156.00,7.50],
[139.00,9.00],
[175.00,5.00],
[186.00,1.50],
[107.00,27.50],
[133.00,11.00],
[166.00,7.00],
[180.00,3.50],
*****************************t=60*****************************
61 generation time: 5.54 s
[108.00,13.00],
[156.00,7.50],
[139.00,9.00],
[175.00,5.00],
[186.00,1.50],
[107.00,27.50],
[133.00,11.00],
[166.00,7.00],
[180.00,3.50],
*****************************t=61*****************************
62 generation time: 5.63 s
[108.00,13.00],
[156.00,7.50],
[139.00,9.00],
[175.00,5.00],
[186.00,1.50],
[107.00,27.50],
[133.00,11.00],
[166.00,7.00],
[180.00,3.50],
*****************************t=62*****************************
63 generation time: 5.73 s
[108.00,13.00],
[156.00,7.50],
[139.00,9.00],
[175.00,5.00],
[186.00,1.50],
[107.00,27.50],
[133.00,11.00],
[166.00,7.00],
[180.00,3.50],
*****************************t=63*****************************
64 generation time: 5.83 s
[108.00,13.00],
[156.00,7.50],
[139.00,9.00],
[175.00,5.00],
[186.00,1.50],
[107.00,27.50],
[133.00,11.00],
[166.00,7.00],
[180.00,3.50],
*****************************t=64*****************************
65 generation time: 5.92 s
[108.00,13.00],
[156.00,7.50],
[139.00,9.00],
[175.00,5.00],
[186.00,1.50],
[107.00,27.50],
[133.00,11.00],
[166.00,7.00],
[180.00,3.50],
*****************************t=65*****************************
66 generation time: 6.02 s
[108.00,13.00],
[156.00,7.50],
[139.00,9.00],
[175.00,5.00],
[186.00,1.50],
[107.00,27.50],
[133.00,11.00],
[166.00,7.00],
[180.00,3.50],
*****************************t=66*****************************
67 generation time: 6.11 s
[108.00,13.00],
[156.00,7.50],
[139.00,9.00],
[175.00,5.00],
[186.00,1.50],
[107.00,27.50],
[133.00,11.00],
[166.00,7.00],
[180.00,3.50],
*****************************t=67*****************************
68 generation time: 6.21 s
[108.00,13.00],
[156.00,7.50],
[139.00,9.00],
[175.00,5.00],
[186.00,1.50],
[107.00,27.50],
[133.00,11.00],
[166.00,7.00],
[180.00,3.50],
*****************************t=68*****************************
69 generation time: 6.30 s
[108.00,13.00],
[156.00,7.50],
[139.00,9.00],
[175.00,5.00],
[186.00,1.50],
[107.00,27.50],
[133.00,11.00],
[166.00,7.00],
[180.00,3.50],
*****************************t=69*****************************
70 generation time: 6.39 s
[108.00,13.00],
[156.00,7.50],
[139.00,9.00],
[175.00,5.00],
[186.00,1.50],
[107.00,27.50],
[133.00,11.00],
[166.00,7.00],
[180.00,3.50],
*****************************t=70*****************************
71 generation time: 6.48 s
[108.00,13.00],
[156.00,7.50],
[139.00,9.00],
[175.00,5.00],
[186.00,1.50],
[107.00,27.50],
[133.00,11.00],
[166.00,7.00],
[180.00,3.50],
*****************************t=71*****************************
72 generation time: 6.58 s
[108.00,13.00],
[156.00,7.50],
[139.00,9.00],
[175.00,5.00],
[186.00,1.50],
[107.00,27.50],
[133.00,11.00],
[166.00,7.00],
[180.00,3.50],
*****************************t=72*****************************
73 generation time: 6.66 s
[108.00,13.00],
[156.00,7.50],
[139.00,9.00],
[175.00,5.00],
[186.00,1.50],
[107.00,27.50],
[133.00,11.00],
[166.00,7.00],
[180.00,3.50],
*****************************t=73*****************************
74 generation time: 6.75 s
[108.00,13.00],
[156.00,7.50],
[139.00,9.00],
[175.00,5.00],
[186.00,1.50],
[107.00,27.50],
[133.00,11.00],
[166.00,7.00],
[180.00,3.50],
*****************************t=74*****************************
75 generation time: 6.86 s
[108.00,13.00],
[156.00,7.50],
[139.00,9.00],
[175.00,5.00],
[186.00,1.50],
[107.00,27.50],
[133.00,11.00],
[166.00,7.00],
[180.00,3.50],
*****************************t=75*****************************
76 generation time: 6.94 s
[108.00,13.00],
[156.00,7.50],
[139.00,9.00],
[175.00,5.00],
[186.00,1.50],
[107.00,27.50],
[133.00,11.00],
[166.00,7.00],
[180.00,3.50],
*****************************t=76*****************************
77 generation time: 7.05 s
[108.00,13.00],
[156.00,7.50],
[139.00,9.00],
[175.00,5.00],
[186.00,1.50],
[107.00,27.50],
[133.00,11.00],
[166.00,7.00],
[180.00,3.50],
*****************************t=77*****************************
78 generation time: 7.12 s
[108.00,13.00],
[156.00,7.50],
[139.00,9.00],
[175.00,5.00],
[186.00,1.50],
[107.00,27.50],
[133.00,11.00],
[166.00,7.00],
[180.00,3.50],
*****************************t=78*****************************
79 generation time: 7.22 s
[108.00,13.00],
[156.00,7.50],
[139.00,9.00],
[175.00,5.00],
[186.00,1.50],
[107.00,27.50],
[133.00,11.00],
[166.00,7.00],
[180.00,3.50],
*****************************t=79*****************************
80 generation time: 7.31 s
[108.00,13.00],
[150.00,7.50],
[139.00,9.00],
[175.00,5.00],
[186.00,1.50],
[107.00,27.50],
[133.00,11.00],
[166.00,7.00],
[180.00,3.50],
*****************************t=80*****************************
81 generation time: 7.41 s
[108.00,13.00],
[150.00,7.50],
[139.00,9.00],
[175.00,5.00],
[186.00,1.50],
[107.00,27.50],
[133.00,11.00],
[166.00,7.00],
[180.00,3.50],
*****************************t=81*****************************
82 generation time: 7.50 s
[108.00,13.00],
[150.00,7.50],
[139.00,9.00],
[175.00,5.00],
[186.00,1.50],
[107.00,27.50],
[133.00,11.00],
[166.00,7.00],
[180.00,3.50],
*****************************t=82*****************************
83 generation time: 7.59 s
[108.00,13.00],
[150.00,7.50],
[139.00,9.00],
[175.00,5.00],
[186.00,1.50],
[107.00,27.50],
[133.00,11.00],
[166.00,7.00],
[180.00,3.50],
*****************************t=83*****************************
84 generation time: 7.67 s
[108.00,13.00],
[150.00,7.50],
[139.00,9.00],
[175.00,5.00],
[186.00,1.50],
[107.00,27.50],
[133.00,11.00],
[166.00,7.00],
[180.00,3.50],
*****************************t=84*****************************
85 generation time: 7.76 s
[108.00,13.00],
[150.00,7.50],
[139.00,9.00],
[175.00,5.00],
[186.00,1.50],
[107.00,27.50],
[133.00,11.00],
[166.00,7.00],
[180.00,3.50],
*****************************t=85*****************************
86 generation time: 7.86 s
[108.00,13.00],
[150.00,7.50],
[139.00,9.00],
[175.00,5.00],
[186.00,1.50],
[107.00,27.50],
[133.00,11.00],
[166.00,7.00],
[180.00,3.50],
*****************************t=86*****************************
87 generation time: 7.95 s
[108.00,13.00],
[150.00,7.50],
[139.00,9.00],
[175.00,5.00],
[186.00,1.50],
[107.00,27.50],
[133.00,11.00],
[166.00,7.00],
[180.00,3.50],
*****************************t=87*****************************
88 generation time: 8.05 s
[108.00,13.00],
[150.00,7.50],
[139.00,9.00],
[175.00,5.00],
[186.00,1.50],
[107.00,27.50],
[133.00,11.00],
[166.00,7.00],
[180.00,3.50],
*****************************t=88*****************************
89 generation time: 8.14 s
[108.00,13.00],
[150.00,7.50],
[139.00,9.00],
[175.00,5.00],
[186.00,1.50],
[107.00,27.50],
[133.00,11.00],
[166.00,7.00],
[180.00,3.50],
*****************************t=89*****************************
90 generation time: 8.25 s
[108.00,13.00],
[150.00,7.50],
[139.00,9.00],
[175.00,5.00],
[186.00,1.50],
[107.00,27.50],
[133.00,11.00],
[166.00,7.00],
[180.00,3.50],
*****************************t=90*****************************
91 generation time: 8.33 s
[108.00,13.00],
[150.00,7.50],
[139.00,9.00],
[175.00,5.00],
[186.00,1.50],
[107.00,27.50],
[133.00,11.00],
[166.00,7.00],
[180.00,3.50],
*****************************t=91*****************************
92 generation time: 8.42 s
[108.00,13.00],
[150.00,7.50],
[139.00,9.00],
[175.00,5.00],
[186.00,1.50],
[107.00,27.50],
[133.00,11.00],
[166.00,7.00],
[180.00,3.50],
*****************************t=92*****************************
time to convergence: 8.48 s	
93 generation time: 8.52 s
[108.00,13.00],
[150.00,7.50],
[139.00,9.00],
[175.00,5.00],
[186.00,1.50],
[107.00,27.50],
[133.00,11.00],
[166.00,7.00],
[180.00,3.50],
[126.00,11.50],
*****************************t=93*****************************
94 generation time: 8.61 s
[108.00,13.00],
[150.00,7.50],
[139.00,9.00],
[175.00,5.00],
[186.00,1.50],
[107.00,27.50],
[133.00,11.00],
[166.00,7.00],
[180.00,3.50],
[126.00,11.50],
*****************************t=94*****************************
95 generation time: 8.70 s
[108.00,13.00],
[150.00,7.50],
[139.00,9.00],
[175.00,5.00],
[186.00,1.50],
[107.00,27.50],
[133.00,11.00],
[166.00,7.00],
[180.00,3.50],
[126.00,11.50],
*****************************t=95*****************************
96 generation time: 8.80 s
[108.00,13.00],
[150.00,7.50],
[139.00,9.00],
[175.00,5.00],
[186.00,1.50],
[107.00,27.50],
[133.00,11.00],
[166.00,7.00],
[180.00,3.50],
[126.00,11.50],
*****************************t=96*****************************
97 generation time: 8.90 s
[108.00,13.00],
[150.00,7.50],
[139.00,9.00],
[175.00,5.00],
[186.00,1.50],
[107.00,27.50],
[133.00,11.00],
[166.00,7.00],
[180.00,3.50],
[126.00,11.50],
*****************************t=97*****************************
98 generation time: 9.00 s
[108.00,13.00],
[150.00,7.50],
[139.00,9.00],
[175.00,5.00],
[186.00,1.50],
[107.00,27.50],
[133.00,11.00],
[166.00,7.00],
[180.00,3.50],
[126.00,11.50],
*****************************t=98*****************************
99 generation time: 9.09 s
[108.00,13.00],
[150.00,7.50],
[139.00,9.00],
[175.00,5.00],
[186.00,1.50],
[107.00,27.50],
[133.00,11.00],
[166.00,7.00],
[180.00,3.50],
[126.00,11.50],
*****************************t=99*****************************
100 generation time: 9.19 s
[108.00,13.00],
[150.00,7.50],
[139.00,9.00],
[175.00,5.00],
[186.00,1.50],
[107.00,27.50],
[133.00,11.00],
[166.00,7.00],
[180.00,3.50],
[126.00,11.50],
[108.00,13.00],
[150.00,7.50],
[139.00,9.00],
[175.00,5.00],
[186.00,1.50],
[107.00,27.50],
[133.00,11.00],
[166.00,7.00],
[180.00,3.50],
[126.00,11.50],
tot = 10
total time: 9.26 s
