m = 4 n = 10
pop = 30 gen = 100
init...begin
init...done
*****************************t=0*****************************
time to convergence: 0.07 s	
time to convergence: 0.07 s	
time to convergence: 0.07 s	
time to convergence: 0.07 s	
1 generation time: 0.10 s
[137.00,13.00],
[118.00,17.00],
[185.00,7.50],
[172.00,9.00],
[168.00,9.50],
*****************************t=1*****************************
time to convergence: 0.16 s	
time to convergence: 0.16 s	
time to convergence: 0.16 s	
2 generation time: 0.19 s
[137.00,13.00],
[118.00,17.00],
[185.00,7.50],
[172.00,9.00],
[168.00,9.50],
[204.00,4.50],
[128.00,13.50],
[153.00,10.50],
*****************************t=2*****************************
time to convergence: 0.26 s	
time to convergence: 0.26 s	
3 generation time: 0.29 s
[136.00,10.50],
[118.00,17.00],
[185.00,7.50],
[172.00,9.00],
[168.00,9.50],
[204.00,4.50],
[128.00,13.50],
[117.00,27.00],
[187.00,7.00],
*****************************t=3*****************************
4 generation time: 0.39 s
[136.00,10.50],
[118.00,17.00],
[185.00,7.50],
[172.00,9.00],
[168.00,9.50],
[204.00,4.50],
[128.00,13.50],
[117.00,27.00],
[187.00,7.00],
*****************************t=4*****************************
5 generation time: 0.48 s
[128.00,9.00],
[118.00,17.00],
[185.00,7.50],
[204.00,4.50],
[117.00,27.00],
[187.00,7.00],
*****************************t=5*****************************
6 generation time: 0.58 s
[128.00,9.00],
[118.00,17.00],
[185.00,7.50],
[204.00,4.50],
[117.00,27.00],
[187.00,7.00],
*****************************t=6*****************************
7 generation time: 0.68 s
[128.00,9.00],
[118.00,17.00],
[185.00,7.50],
[187.00,3.50],
[110.00,21.00],
*****************************t=7*****************************
8 generation time: 0.78 s
[128.00,9.00],
[118.00,17.00],
[185.00,7.50],
[187.00,3.50],
[110.00,21.00],
*****************************t=8*****************************
9 generation time: 0.88 s
[128.00,9.00],
[118.00,17.00],
[185.00,7.50],
[187.00,3.50],
[110.00,21.00],
*****************************t=9*****************************
10 generation time: 0.99 s
[128.00,9.00],
[118.00,17.00],
[185.00,7.50],
[187.00,3.50],
[110.00,21.00],
*****************************t=10*****************************
11 generation time: 1.11 s
[128.00,9.00],
[118.00,17.00],
[185.00,7.50],
[187.00,3.50],
[110.00,21.00],
*****************************t=11*****************************
12 generation time: 1.21 s
[128.00,9.00],
[118.00,17.00],
[185.00,7.50],
[187.00,3.50],
[110.00,21.00],
*****************************t=12*****************************
time to convergence: 1.29 s	
13 generation time: 1.33 s
[128.00,9.00],
[118.00,17.00],
[176.00,7.50],
[187.00,3.50],
[110.00,21.00],
[107.00,25.00],
*****************************t=13*****************************
14 generation time: 1.44 s
[128.00,9.00],
[118.00,17.00],
[176.00,7.50],
[187.00,3.50],
[110.00,21.00],
[107.00,25.00],
*****************************t=14*****************************
15 generation time: 1.54 s
[128.00,9.00],
[111.00,13.00],
[176.00,7.50],
[187.00,3.50],
[110.00,21.00],
[107.00,25.00],
*****************************t=15*****************************
16 generation time: 1.65 s
[128.00,9.00],
[111.00,13.00],
[176.00,7.50],
[184.00,3.00],
[110.00,21.00],
[107.00,25.00],
*****************************t=16*****************************
time to convergence: 1.72 s	
17 generation time: 1.75 s
[128.00,9.00],
[111.00,13.00],
[176.00,7.50],
[184.00,3.00],
[110.00,21.00],
[106.00,25.00],
[107.00,21.50],
*****************************t=17*****************************
18 generation time: 1.87 s
[128.00,9.00],
[111.00,13.00],
[176.00,7.50],
[184.00,3.00],
[110.00,21.00],
[106.00,25.00],
[107.00,21.50],
*****************************t=18*****************************
19 generation time: 1.97 s
[128.00,9.00],
[111.00,13.00],
[176.00,7.50],
[184.00,3.00],
[110.00,21.00],
[106.00,25.00],
[107.00,21.50],
*****************************t=19*****************************
20 generation time: 2.08 s
[127.00,7.50],
[111.00,13.00],
[184.00,3.00],
[110.00,21.00],
[106.00,25.00],
[107.00,21.50],
*****************************t=20*****************************
21 generation time: 2.19 s
[127.00,7.50],
[111.00,13.00],
[184.00,3.00],
[110.00,21.00],
[105.00,25.00],
[107.00,21.50],
*****************************t=21*****************************
22 generation time: 2.30 s
[127.00,7.50],
[111.00,13.00],
[184.00,3.00],
[110.00,21.00],
[105.00,25.00],
[107.00,21.50],
*****************************t=22*****************************
time to convergence: 2.37 s	
23 generation time: 2.41 s
[127.00,7.50],
[111.00,13.00],
[184.00,3.00],
[100.00,15.50],
[177.00,5.50],
*****************************t=23*****************************
24 generation time: 2.52 s
[127.00,7.50],
[111.00,13.00],
[184.00,3.00],
[100.00,15.50],
[177.00,5.50],
*****************************t=24*****************************
25 generation time: 2.62 s
[127.00,7.50],
[111.00,13.00],
[184.00,3.00],
[100.00,15.50],
[177.00,5.50],
*****************************t=25*****************************
26 generation time: 2.74 s
[127.00,7.50],
[111.00,13.00],
[184.00,3.00],
[100.00,15.50],
[177.00,5.50],
*****************************t=26*****************************
27 generation time: 2.86 s
[127.00,7.50],
[111.00,13.00],
[184.00,3.00],
[100.00,15.50],
[176.00,3.50],
*****************************t=27*****************************
28 generation time: 2.97 s
[127.00,7.50],
[111.00,13.00],
[184.00,3.00],
[100.00,15.50],
[176.00,3.50],
*****************************t=28*****************************
29 generation time: 3.09 s
[127.00,7.50],
[111.00,13.00],
[184.00,3.00],
[100.00,15.50],
[176.00,3.50],
*****************************t=29*****************************
30 generation time: 3.19 s
[127.00,7.50],
[100.00,13.00],
[184.00,3.00],
[176.00,3.50],
*****************************t=30*****************************
time to convergence: 3.25 s	
31 generation time: 3.29 s
[127.00,7.50],
[100.00,13.00],
[184.00,3.00],
[176.00,3.50],
[99.00,19.50],
*****************************t=31*****************************
32 generation time: 3.41 s
[127.00,7.50],
[100.00,13.00],
[184.00,3.00],
[176.00,3.50],
[99.00,19.50],
*****************************t=32*****************************
33 generation time: 3.53 s
[127.00,7.50],
[100.00,13.00],
[184.00,3.00],
[176.00,3.50],
[99.00,19.50],
*****************************t=33*****************************
34 generation time: 3.64 s
[127.00,7.50],
[100.00,13.00],
[184.00,3.00],
[176.00,3.50],
[99.00,19.50],
*****************************t=34*****************************
35 generation time: 3.76 s
[127.00,7.50],
[100.00,13.00],
[184.00,3.00],
[176.00,3.50],
[99.00,19.50],
*****************************t=35*****************************
time to convergence: 3.82 s	
36 generation time: 3.86 s
[127.00,7.50],
[100.00,13.00],
[184.00,3.00],
[176.00,3.50],
[99.00,19.50],
[175.00,5.00],
*****************************t=36*****************************
37 generation time: 3.96 s
[127.00,7.50],
[100.00,13.00],
[184.00,3.00],
[176.00,3.50],
[99.00,19.50],
[175.00,5.00],
*****************************t=37*****************************
38 generation time: 4.09 s
[127.00,7.50],
[100.00,13.00],
[184.00,3.00],
[176.00,3.50],
[99.00,19.50],
[175.00,5.00],
*****************************t=38*****************************
39 generation time: 4.22 s
[127.00,7.50],
[100.00,13.00],
[184.00,3.00],
[176.00,3.50],
[99.00,19.50],
[175.00,5.00],
*****************************t=39*****************************
40 generation time: 4.33 s
[127.00,7.50],
[100.00,13.00],
[184.00,3.00],
[176.00,3.50],
[99.00,19.50],
[175.00,5.00],
*****************************t=40*****************************
41 generation time: 4.45 s
[127.00,7.50],
[100.00,13.00],
[184.00,3.00],
[176.00,3.50],
[99.00,19.50],
[175.00,5.00],
*****************************t=41*****************************
42 generation time: 4.57 s
[127.00,7.50],
[100.00,13.00],
[184.00,3.00],
[176.00,3.50],
[99.00,19.50],
[175.00,5.00],
*****************************t=42*****************************
43 generation time: 4.70 s
[127.00,7.50],
[100.00,13.00],
[184.00,3.00],
[176.00,3.50],
[99.00,19.50],
[175.00,5.00],
*****************************t=43*****************************
44 generation time: 4.81 s
[127.00,7.50],
[100.00,13.00],
[184.00,3.00],
[176.00,3.50],
[99.00,19.50],
[175.00,5.00],
*****************************t=44*****************************
45 generation time: 4.93 s
[127.00,7.50],
[100.00,13.00],
[184.00,3.00],
[176.00,3.50],
[99.00,19.50],
[175.00,5.00],
*****************************t=45*****************************
46 generation time: 5.05 s
[127.00,7.50],
[100.00,13.00],
[184.00,3.00],
[176.00,3.50],
[99.00,19.50],
[175.00,5.00],
*****************************t=46*****************************
47 generation time: 5.18 s
[127.00,7.50],
[100.00,13.00],
[184.00,3.00],
[176.00,3.50],
[99.00,19.50],
[175.00,5.00],
*****************************t=47*****************************
time to convergence: 5.25 s	
48 generation time: 5.29 s
[127.00,7.50],
[100.00,13.00],
[184.00,3.00],
[176.00,3.50],
[99.00,19.50],
[175.00,5.00],
[122.00,9.00],
*****************************t=48*****************************
49 generation time: 5.41 s
[127.00,7.50],
[100.00,13.00],
[184.00,3.00],
[176.00,3.50],
[99.00,19.50],
[175.00,5.00],
[122.00,9.00],
*****************************t=49*****************************
50 generation time: 5.53 s
[127.00,7.50],
[100.00,13.00],
[184.00,3.00],
[176.00,3.50],
[99.00,19.50],
[175.00,5.00],
[122.00,9.00],
*****************************t=50*****************************
51 generation time: 5.66 s
[127.00,7.50],
[100.00,13.00],
[184.00,3.00],
[176.00,3.50],
[99.00,19.50],
[175.00,5.00],
[122.00,9.00],
*****************************t=51*****************************
time to convergence: 5.74 s	
52 generation time: 5.77 s
[127.00,7.50],
[100.00,13.00],
[184.00,3.00],
[176.00,3.50],
[99.00,19.50],
[175.00,5.00],
[122.00,9.00],
[202.00,1.50],
*****************************t=52*****************************
53 generation time: 5.89 s
[127.00,7.50],
[100.00,13.00],
[184.00,3.00],
[176.00,3.50],
[99.00,19.50],
[175.00,5.00],
[122.00,9.00],
[202.00,1.50],
*****************************t=53*****************************
54 generation time: 6.01 s
[127.00,7.50],
[100.00,13.00],
[184.00,3.00],
[176.00,3.50],
[99.00,19.50],
[175.00,5.00],
[122.00,9.00],
[202.00,1.50],
*****************************t=54*****************************
55 generation time: 6.12 s
[127.00,7.50],
[100.00,13.00],
[184.00,3.00],
[176.00,3.50],
[99.00,19.50],
[175.00,5.00],
[122.00,9.00],
[202.00,1.50],
*****************************t=55*****************************
56 generation time: 6.24 s
[127.00,7.50],
[100.00,13.00],
[184.00,3.00],
[176.00,3.50],
[99.00,19.50],
[175.00,5.00],
[122.00,9.00],
[202.00,1.50],
*****************************t=56*****************************
57 generation time: 6.36 s
[127.00,7.50],
[100.00,13.00],
[184.00,3.00],
[176.00,3.50],
[99.00,19.50],
[175.00,5.00],
[122.00,9.00],
[202.00,1.50],
*****************************t=57*****************************
58 generation time: 6.49 s
[127.00,7.50],
[100.00,13.00],
[184.00,3.00],
[176.00,3.50],
[99.00,19.50],
[175.00,5.00],
[122.00,9.00],
[202.00,1.50],
*****************************t=58*****************************
59 generation time: 6.62 s
[127.00,7.50],
[100.00,13.00],
[184.00,3.00],
[176.00,3.50],
[99.00,19.50],
[175.00,5.00],
[122.00,9.00],
[202.00,1.50],
*****************************t=59*****************************
60 generation time: 6.73 s
[127.00,7.50],
[100.00,13.00],
[184.00,3.00],
[176.00,3.50],
[98.00,13.50],
[175.00,5.00],
[122.00,9.00],
[202.00,1.50],
*****************************t=60*****************************
61 generation time: 6.86 s
[127.00,7.50],
[100.00,13.00],
[184.00,3.00],
[176.00,3.50],
[98.00,13.50],
[175.00,5.00],
[122.00,9.00],
[202.00,1.50],
*****************************t=61*****************************
62 generation time: 6.98 s
[127.00,7.50],
[100.00,13.00],
[184.00,3.00],
[176.00,3.50],
[98.00,13.50],
[175.00,5.00],
[122.00,9.00],
[202.00,1.50],
*****************************t=62*****************************
time to convergence: 7.07 s	
63 generation time: 7.11 s
[127.00,7.50],
[100.00,13.00],
[184.00,3.00],
[176.00,3.50],
[98.00,13.50],
[175.00,5.00],
[122.00,9.00],
[202.00,1.50],
[163.00,7.00],
*****************************t=63*****************************
64 generation time: 7.23 s
[127.00,7.50],
[100.00,13.00],
[184.00,3.00],
[176.00,3.50],
[98.00,13.50],
[175.00,5.00],
[122.00,9.00],
[202.00,1.50],
[163.00,7.00],
*****************************t=64*****************************
65 generation time: 7.36 s
[127.00,7.50],
[100.00,13.00],
[184.00,3.00],
[176.00,3.50],
[98.00,13.50],
[175.00,5.00],
[122.00,9.00],
[202.00,1.50],
[163.00,7.00],
*****************************t=65*****************************
66 generation time: 7.49 s
[127.00,7.50],
[100.00,13.00],
[184.00,3.00],
[176.00,3.50],
[98.00,13.50],
[175.00,5.00],
[122.00,9.00],
[202.00,1.50],
[163.00,7.00],
*****************************t=66*****************************
67 generation time: 7.62 s
[127.00,7.50],
[100.00,13.00],
[184.00,3.00],
[176.00,3.50],
[98.00,13.50],
[175.00,5.00],
[122.00,9.00],
[202.00,1.50],
[163.00,7.00],
*****************************t=67*****************************
68 generation time: 7.75 s
[127.00,7.50],
[100.00,13.00],
[184.00,3.00],
[176.00,3.50],
[98.00,13.50],
[175.00,5.00],
[122.00,9.00],
[202.00,1.50],
[163.00,7.00],
*****************************t=68*****************************
69 generation time: 7.87 s
[127.00,7.50],
[100.00,13.00],
[184.00,3.00],
[176.00,3.50],
[98.00,13.50],
[175.00,5.00],
[122.00,9.00],
[202.00,1.50],
[163.00,7.00],
*****************************t=69*****************************
70 generation time: 7.99 s
[127.00,7.50],
[100.00,13.00],
[184.00,3.00],
[176.00,3.50],
[98.00,13.50],
[175.00,5.00],
[122.00,9.00],
[202.00,1.50],
[163.00,7.00],
*****************************t=70*****************************
71 generation time: 8.11 s
[127.00,7.50],
[100.00,13.00],
[184.00,3.00],
[176.00,3.50],
[98.00,13.50],
[175.00,5.00],
[122.00,9.00],
[202.00,1.50],
[163.00,7.00],
*****************************t=71*****************************
72 generation time: 8.23 s
[127.00,7.50],
[100.00,13.00],
[184.00,3.00],
[176.00,3.50],
[98.00,13.50],
[175.00,5.00],
[122.00,9.00],
[202.00,1.50],
[163.00,7.00],
*****************************t=72*****************************
73 generation time: 8.35 s
[127.00,7.50],
[100.00,13.00],
[184.00,3.00],
[176.00,3.50],
[98.00,13.50],
[175.00,5.00],
[122.00,9.00],
[202.00,1.50],
[163.00,7.00],
*****************************t=73*****************************
74 generation time: 8.47 s
[127.00,7.50],
[100.00,13.00],
[184.00,3.00],
[176.00,3.50],
[98.00,13.50],
[175.00,5.00],
[122.00,9.00],
[202.00,1.50],
[163.00,7.00],
*****************************t=74*****************************
time to convergence: 8.56 s	
75 generation time: 8.60 s
[127.00,7.50],
[100.00,13.00],
[184.00,3.00],
[176.00,3.50],
[98.00,13.50],
[175.00,5.00],
[122.00,9.00],
[202.00,1.50],
[163.00,7.00],
[164.00,6.50],
*****************************t=75*****************************
76 generation time: 8.73 s
[127.00,7.50],
[100.00,13.00],
[184.00,3.00],
[176.00,3.50],
[98.00,13.50],
[175.00,5.00],
[122.00,9.00],
[202.00,1.50],
[163.00,7.00],
[164.00,6.50],
*****************************t=76*****************************
77 generation time: 8.86 s
[127.00,7.50],
[100.00,13.00],
[184.00,3.00],
[176.00,3.50],
[98.00,13.50],
[175.00,5.00],
[122.00,9.00],
[202.00,1.50],
[163.00,7.00],
[164.00,6.50],
*****************************t=77*****************************
78 generation time: 8.98 s
[127.00,7.50],
[100.00,13.00],
[184.00,3.00],
[176.00,3.50],
[98.00,13.50],
[175.00,5.00],
[122.00,9.00],
[202.00,1.50],
[163.00,7.00],
[164.00,6.50],
*****************************t=78*****************************
79 generation time: 9.12 s
[127.00,7.50],
[100.00,13.00],
[177.00,3.00],
[176.00,3.50],
[98.00,13.50],
[175.00,5.00],
[122.00,9.00],
[202.00,1.50],
[163.00,7.00],
[164.00,6.50],
*****************************t=79*****************************
80 generation time: 9.24 s
[127.00,7.50],
[100.00,13.00],
[177.00,3.00],
[176.00,3.50],
[98.00,13.50],
[175.00,5.00],
[122.00,9.00],
[202.00,1.50],
[163.00,7.00],
[164.00,6.50],
*****************************t=80*****************************
81 generation time: 9.36 s
[127.00,7.50],
[100.00,13.00],
[177.00,3.00],
[176.00,3.50],
[98.00,13.50],
[175.00,5.00],
[122.00,9.00],
[202.00,1.50],
[163.00,7.00],
[164.00,6.50],
*****************************t=81*****************************
82 generation time: 9.48 s
[127.00,7.50],
[100.00,13.00],
[177.00,3.00],
[176.00,3.50],
[98.00,13.50],
[175.00,5.00],
[122.00,9.00],
[202.00,1.50],
[163.00,7.00],
[164.00,6.50],
*****************************t=82*****************************
83 generation time: 9.61 s
[127.00,7.50],
[100.00,13.00],
[177.00,3.00],
[176.00,3.50],
[98.00,13.50],
[175.00,5.00],
[122.00,9.00],
[202.00,1.50],
[163.00,7.00],
[164.00,6.50],
*****************************t=83*****************************
84 generation time: 9.72 s
[127.00,7.50],
[100.00,13.00],
[177.00,3.00],
[176.00,3.50],
[98.00,13.50],
[175.00,5.00],
[122.00,9.00],
[202.00,1.50],
[163.00,7.00],
[164.00,6.50],
*****************************t=84*****************************
85 generation time: 9.84 s
[127.00,7.50],
[100.00,13.00],
[177.00,3.00],
[176.00,3.50],
[98.00,13.50],
[175.00,5.00],
[122.00,9.00],
[202.00,1.50],
[163.00,7.00],
[164.00,6.50],
*****************************t=85*****************************
86 generation time: 9.96 s
[127.00,7.50],
[100.00,13.00],
[177.00,3.00],
[176.00,3.50],
[98.00,13.50],
[175.00,5.00],
[122.00,9.00],
[202.00,1.50],
[163.00,7.00],
[164.00,6.50],
*****************************t=86*****************************
87 generation time: 10.08 s
[127.00,7.50],
[100.00,13.00],
[177.00,3.00],
[176.00,3.50],
[98.00,13.50],
[175.00,5.00],
[122.00,9.00],
[202.00,1.50],
[163.00,7.00],
[164.00,6.50],
*****************************t=87*****************************
88 generation time: 10.21 s
[127.00,7.50],
[100.00,13.00],
[177.00,3.00],
[176.00,3.50],
[98.00,13.50],
[175.00,5.00],
[122.00,9.00],
[202.00,1.50],
[163.00,7.00],
[164.00,6.50],
*****************************t=88*****************************
89 generation time: 10.33 s
[127.00,7.50],
[100.00,13.00],
[177.00,3.00],
[176.00,3.50],
[98.00,13.50],
[175.00,5.00],
[122.00,9.00],
[202.00,1.50],
[163.00,7.00],
[164.00,6.50],
*****************************t=89*****************************
90 generation time: 10.45 s
[127.00,7.50],
[100.00,13.00],
[177.00,3.00],
[176.00,3.50],
[98.00,13.50],
[175.00,5.00],
[122.00,9.00],
[202.00,1.50],
[163.00,7.00],
[164.00,6.50],
*****************************t=90*****************************
91 generation time: 10.57 s
[127.00,7.50],
[100.00,13.00],
[177.00,3.00],
[176.00,3.50],
[98.00,13.50],
[175.00,5.00],
[122.00,9.00],
[202.00,1.50],
[163.00,7.00],
[164.00,6.50],
*****************************t=91*****************************
92 generation time: 10.70 s
[127.00,7.50],
[100.00,13.00],
[177.00,3.00],
[176.00,3.50],
[98.00,13.50],
[175.00,5.00],
[122.00,9.00],
[202.00,1.50],
[163.00,7.00],
[164.00,6.50],
*****************************t=92*****************************
93 generation time: 10.82 s
[127.00,7.50],
[100.00,13.00],
[177.00,3.00],
[176.00,3.50],
[98.00,13.50],
[175.00,5.00],
[122.00,9.00],
[202.00,1.50],
[163.00,7.00],
[164.00,6.50],
*****************************t=93*****************************
94 generation time: 10.95 s
[127.00,7.50],
[100.00,13.00],
[177.00,3.00],
[176.00,3.50],
[98.00,13.50],
[175.00,5.00],
[122.00,9.00],
[202.00,1.50],
[163.00,7.00],
[164.00,6.50],
*****************************t=94*****************************
95 generation time: 11.06 s
[127.00,7.50],
[100.00,13.00],
[177.00,3.00],
[176.00,3.50],
[98.00,13.50],
[175.00,5.00],
[122.00,9.00],
[202.00,1.50],
[163.00,7.00],
[164.00,6.50],
*****************************t=95*****************************
96 generation time: 11.19 s
[127.00,7.50],
[100.00,13.00],
[177.00,3.00],
[176.00,3.50],
[98.00,13.50],
[175.00,5.00],
[122.00,9.00],
[202.00,1.50],
[163.00,7.00],
[164.00,6.50],
*****************************t=96*****************************
97 generation time: 11.31 s
[127.00,7.50],
[100.00,13.00],
[177.00,3.00],
[176.00,3.50],
[98.00,13.50],
[175.00,5.00],
[122.00,9.00],
[202.00,1.50],
[163.00,7.00],
[164.00,6.50],
*****************************t=97*****************************
98 generation time: 11.42 s
[127.00,7.50],
[100.00,13.00],
[177.00,3.00],
[176.00,3.50],
[98.00,13.50],
[175.00,5.00],
[122.00,9.00],
[202.00,1.50],
[163.00,7.00],
[164.00,6.50],
*****************************t=98*****************************
99 generation time: 11.54 s
[127.00,7.50],
[100.00,13.00],
[177.00,3.00],
[176.00,3.50],
[98.00,13.50],
[175.00,5.00],
[122.00,9.00],
[202.00,1.50],
[163.00,7.00],
[164.00,6.50],
*****************************t=99*****************************
100 generation time: 11.67 s
[127.00,7.50],
[100.00,13.00],
[177.00,3.00],
[176.00,3.50],
[98.00,13.50],
[175.00,5.00],
[122.00,9.00],
[202.00,1.50],
[163.00,7.00],
[164.00,6.50],
[127.00,7.50],
[100.00,13.00],
[177.00,3.00],
[176.00,3.50],
[98.00,13.50],
[175.00,5.00],
[122.00,9.00],
[202.00,1.50],
[163.00,7.00],
[164.00,6.50],
tot = 10
total time: 11.75 s
