m = 4 n = 10
pop = 30 gen = 100
init...begin
init...done
*****************************t=0*****************************
time to convergence: 0.07 s	
time to convergence: 0.07 s	
time to convergence: 0.07 s	
time to convergence: 0.07 s	
time to convergence: 0.07 s	
1 generation time: 0.10 s
[136.00,19.00],
[155.00,15.00],
[173.00,12.50],
[135.00,19.50],
[133.00,27.00],
[192.00,10.50],
*****************************t=1*****************************
time to convergence: 0.18 s	
time to convergence: 0.18 s	
2 generation time: 0.23 s
[136.00,19.00],
[155.00,15.00],
[173.00,12.50],
[135.00,19.50],
[133.00,23.00],
[177.00,7.50],
[192.00,3.50],
[153.00,18.50],
*****************************t=2*****************************
time to convergence: 0.31 s	
time to convergence: 0.31 s	
3 generation time: 0.35 s
[136.00,19.00],
[155.00,15.00],
[173.00,12.50],
[135.00,19.50],
[133.00,23.00],
[177.00,7.50],
[192.00,3.50],
[143.00,15.50],
[111.00,27.00],
[202.00,3.00],
*****************************t=3*****************************
4 generation time: 0.47 s
[122.00,9.00],
[177.00,7.50],
[192.00,3.50],
[111.00,27.00],
[202.00,3.00],
*****************************t=4*****************************
5 generation time: 0.64 s
[122.00,9.00],
[174.00,7.00],
[192.00,3.50],
[111.00,27.00],
[202.00,3.00],
*****************************t=5*****************************
6 generation time: 0.85 s
[122.00,9.00],
[174.00,7.00],
[192.00,3.50],
[111.00,27.00],
[197.00,3.00],
*****************************t=6*****************************
time to convergence: 0.94 s	
7 generation time: 0.98 s
[122.00,9.00],
[174.00,7.00],
[192.00,3.50],
[111.00,27.00],
[197.00,3.00],
[158.00,7.50],
*****************************t=7*****************************
8 generation time: 1.13 s
[122.00,9.00],
[174.00,7.00],
[192.00,3.50],
[111.00,27.00],
[197.00,3.00],
[158.00,7.50],
*****************************t=8*****************************
time to convergence: 1.23 s	
9 generation time: 1.29 s
[122.00,9.00],
[174.00,7.00],
[192.00,3.50],
[111.00,27.00],
[197.00,3.00],
[158.00,7.50],
[186.00,5.50],
*****************************t=9*****************************
10 generation time: 1.44 s
[122.00,9.00],
[174.00,7.00],
[192.00,3.50],
[111.00,27.00],
[197.00,3.00],
[158.00,7.50],
[186.00,5.50],
*****************************t=10*****************************
time to convergence: 1.55 s	
11 generation time: 1.62 s
[122.00,9.00],
[174.00,7.00],
[192.00,3.50],
[111.00,27.00],
[197.00,3.00],
[158.00,7.50],
[186.00,5.50],
[121.00,26.50],
*****************************t=11*****************************
12 generation time: 1.83 s
[122.00,9.00],
[174.00,7.00],
[192.00,3.50],
[111.00,27.00],
[197.00,3.00],
[158.00,7.50],
[186.00,5.50],
[114.00,15.50],
*****************************t=12*****************************
time to convergence: 1.92 s	
13 generation time: 1.98 s
[122.00,9.00],
[174.00,7.00],
[192.00,3.50],
[111.00,27.00],
[197.00,3.00],
[158.00,7.50],
[186.00,5.50],
[114.00,15.50],
[112.00,25.00],
*****************************t=13*****************************
14 generation time: 2.17 s
[122.00,9.00],
[174.00,7.00],
[192.00,3.50],
[111.00,27.00],
[197.00,3.00],
[158.00,7.50],
[186.00,5.50],
[114.00,15.50],
[112.00,25.00],
*****************************t=14*****************************
15 generation time: 2.41 s
[122.00,9.00],
[174.00,7.00],
[192.00,3.50],
[111.00,27.00],
[197.00,3.00],
[158.00,7.50],
[180.00,5.50],
[114.00,15.50],
[112.00,25.00],
*****************************t=15*****************************
16 generation time: 2.62 s
[122.00,9.00],
[174.00,7.00],
[192.00,3.50],
[111.00,27.00],
[197.00,3.00],
[158.00,7.50],
[180.00,5.50],
[114.00,15.50],
[112.00,25.00],
*****************************t=16*****************************
17 generation time: 2.85 s
[122.00,9.00],
[174.00,7.00],
[192.00,3.50],
[111.00,27.00],
[197.00,3.00],
[158.00,7.50],
[180.00,5.50],
[114.00,15.50],
[112.00,25.00],
*****************************t=17*****************************
18 generation time: 2.98 s
[122.00,9.00],
[174.00,7.00],
[192.00,3.50],
[111.00,27.00],
[197.00,3.00],
[158.00,7.50],
[180.00,5.50],
[114.00,15.50],
[112.00,25.00],
*****************************t=18*****************************
19 generation time: 3.10 s
[122.00,9.00],
[174.00,7.00],
[192.00,3.50],
[111.00,27.00],
[197.00,3.00],
[158.00,7.50],
[180.00,5.50],
[114.00,15.50],
[112.00,25.00],
*****************************t=19*****************************
20 generation time: 3.20 s
[122.00,9.00],
[174.00,7.00],
[192.00,3.50],
[111.00,27.00],
[197.00,3.00],
[158.00,7.50],
[180.00,5.50],
[114.00,15.50],
[112.00,25.00],
*****************************t=20*****************************
21 generation time: 3.33 s
[122.00,9.00],
[173.00,7.00],
[192.00,3.50],
[101.00,19.50],
[197.00,3.00],
[158.00,7.50],
[180.00,5.50],
[114.00,15.50],
*****************************t=21*****************************
22 generation time: 3.45 s
[122.00,9.00],
[173.00,7.00],
[192.00,3.50],
[100.00,13.00],
[197.00,3.00],
[158.00,7.50],
[180.00,5.50],
*****************************t=22*****************************
23 generation time: 3.61 s
[122.00,9.00],
[173.00,7.00],
[192.00,3.50],
[100.00,13.00],
[197.00,3.00],
[158.00,7.50],
[180.00,5.50],
*****************************t=23*****************************
24 generation time: 3.72 s
[122.00,9.00],
[173.00,7.00],
[192.00,3.50],
[100.00,13.00],
[197.00,3.00],
[158.00,7.50],
[180.00,5.50],
*****************************t=24*****************************
25 generation time: 3.85 s
[122.00,9.00],
[173.00,7.00],
[192.00,3.50],
[100.00,13.00],
[197.00,3.00],
[158.00,7.50],
[180.00,5.50],
*****************************t=25*****************************
26 generation time: 3.97 s
[122.00,9.00],
[173.00,7.00],
[192.00,3.50],
[100.00,13.00],
[197.00,3.00],
[158.00,7.50],
[180.00,5.50],
*****************************t=26*****************************
27 generation time: 4.11 s
[122.00,9.00],
[173.00,7.00],
[192.00,3.50],
[100.00,13.00],
[197.00,3.00],
[158.00,7.50],
[180.00,5.50],
*****************************t=27*****************************
28 generation time: 4.24 s
[122.00,9.00],
[173.00,7.00],
[192.00,3.50],
[100.00,13.00],
[197.00,3.00],
[158.00,7.50],
[180.00,5.50],
*****************************t=28*****************************
29 generation time: 4.39 s
[122.00,9.00],
[173.00,7.00],
[192.00,3.50],
[100.00,13.00],
[197.00,3.00],
[158.00,7.50],
[180.00,5.50],
*****************************t=29*****************************
30 generation time: 4.51 s
[122.00,9.00],
[173.00,7.00],
[192.00,3.50],
[100.00,13.00],
[197.00,3.00],
[158.00,7.50],
[180.00,5.50],
*****************************t=30*****************************
31 generation time: 4.61 s
[122.00,9.00],
[173.00,7.00],
[192.00,3.50],
[100.00,13.00],
[197.00,3.00],
[158.00,7.50],
[180.00,5.50],
*****************************t=31*****************************
time to convergence: 4.68 s	
32 generation time: 4.72 s
[122.00,9.00],
[173.00,7.00],
[192.00,3.50],
[100.00,13.00],
[197.00,3.00],
[158.00,7.50],
[180.00,5.50],
[98.00,13.50],
*****************************t=32*****************************
33 generation time: 4.84 s
[122.00,9.00],
[173.00,7.00],
[192.00,3.50],
[100.00,13.00],
[197.00,3.00],
[158.00,7.50],
[180.00,5.50],
[98.00,13.50],
*****************************t=33*****************************
34 generation time: 4.95 s
[122.00,9.00],
[173.00,7.00],
[192.00,3.50],
[100.00,13.00],
[197.00,3.00],
[158.00,7.50],
[180.00,5.50],
[98.00,13.50],
*****************************t=34*****************************
time to convergence: 5.01 s	
35 generation time: 5.04 s
[122.00,9.00],
[173.00,7.00],
[192.00,3.50],
[100.00,13.00],
[197.00,3.00],
[158.00,7.50],
[180.00,5.50],
[98.00,13.50],
[182.00,5.00],
*****************************t=35*****************************
36 generation time: 5.14 s
[122.00,9.00],
[173.00,7.00],
[192.00,3.50],
[100.00,13.00],
[197.00,3.00],
[158.00,7.50],
[180.00,5.50],
[98.00,13.50],
[182.00,5.00],
*****************************t=36*****************************
37 generation time: 5.23 s
[122.00,9.00],
[173.00,7.00],
[192.00,3.50],
[100.00,13.00],
[197.00,3.00],
[158.00,7.50],
[180.00,5.50],
[98.00,13.50],
[182.00,5.00],
*****************************t=37*****************************
38 generation time: 5.32 s
[122.00,9.00],
[173.00,7.00],
[192.00,3.50],
[100.00,13.00],
[197.00,3.00],
[147.00,7.50],
[180.00,5.50],
[98.00,13.50],
[182.00,5.00],
*****************************t=38*****************************
39 generation time: 5.41 s
[122.00,9.00],
[173.00,7.00],
[192.00,3.50],
[100.00,13.00],
[197.00,3.00],
[147.00,7.50],
[180.00,5.50],
[98.00,13.50],
[182.00,5.00],
*****************************t=39*****************************
40 generation time: 5.51 s
[122.00,9.00],
[173.00,7.00],
[192.00,3.50],
[100.00,13.00],
[197.00,3.00],
[147.00,7.50],
[180.00,5.50],
[98.00,13.50],
[182.00,5.00],
*****************************t=40*****************************
41 generation time: 5.62 s
[122.00,9.00],
[173.00,7.00],
[192.00,3.50],
[100.00,13.00],
[197.00,3.00],
[147.00,7.50],
[180.00,5.50],
[98.00,13.50],
[182.00,5.00],
*****************************t=41*****************************
42 generation time: 5.71 s
[122.00,9.00],
[173.00,7.00],
[192.00,3.50],
[100.00,13.00],
[197.00,3.00],
[147.00,7.50],
[180.00,5.50],
[98.00,13.50],
[182.00,5.00],
*****************************t=42*****************************
43 generation time: 5.81 s
[122.00,9.00],
[173.00,7.00],
[192.00,3.50],
[100.00,13.00],
[197.00,3.00],
[147.00,7.50],
[180.00,5.50],
[98.00,13.50],
[182.00,5.00],
*****************************t=43*****************************
44 generation time: 5.92 s
[122.00,9.00],
[173.00,7.00],
[192.00,3.50],
[100.00,13.00],
[197.00,3.00],
[147.00,7.50],
[180.00,5.50],
[98.00,13.50],
[182.00,5.00],
*****************************t=44*****************************
45 generation time: 6.02 s
[122.00,9.00],
[173.00,7.00],
[192.00,3.50],
[100.00,13.00],
[197.00,3.00],
[147.00,7.50],
[180.00,5.50],
[98.00,13.50],
[182.00,5.00],
*****************************t=45*****************************
46 generation time: 6.13 s
[122.00,9.00],
[173.00,7.00],
[192.00,3.50],
[100.00,13.00],
[197.00,3.00],
[147.00,7.50],
[180.00,5.50],
[98.00,13.50],
[182.00,5.00],
*****************************t=46*****************************
47 generation time: 6.23 s
[122.00,9.00],
[173.00,7.00],
[192.00,3.50],
[100.00,13.00],
[197.00,3.00],
[147.00,7.50],
[180.00,5.50],
[98.00,13.50],
[182.00,5.00],
*****************************t=47*****************************
48 generation time: 6.33 s
[122.00,9.00],
[173.00,7.00],
[188.00,3.00],
[100.00,13.00],
[147.00,7.50],
[180.00,5.50],
[98.00,13.50],
[182.00,5.00],
*****************************t=48*****************************
49 generation time: 6.43 s
[122.00,9.00],
[173.00,7.00],
[188.00,3.00],
[100.00,13.00],
[147.00,7.50],
[180.00,5.50],
[98.00,13.50],
[182.00,5.00],
*****************************t=49*****************************
50 generation time: 6.53 s
[122.00,9.00],
[173.00,7.00],
[188.00,3.00],
[100.00,13.00],
[147.00,7.50],
[180.00,5.50],
[98.00,13.50],
[181.00,5.00],
*****************************t=50*****************************
51 generation time: 6.63 s
[122.00,9.00],
[173.00,7.00],
[188.00,3.00],
[100.00,13.00],
[147.00,7.50],
[180.00,5.50],
[98.00,13.50],
[181.00,5.00],
*****************************t=51*****************************
52 generation time: 6.73 s
[122.00,9.00],
[173.00,7.00],
[188.00,3.00],
[100.00,13.00],
[147.00,7.50],
[180.00,5.50],
[98.00,13.50],
[181.00,5.00],
*****************************t=52*****************************
53 generation time: 6.83 s
[122.00,9.00],
[173.00,7.00],
[188.00,3.00],
[100.00,13.00],
[147.00,7.50],
[180.00,5.50],
[98.00,13.50],
[181.00,5.00],
*****************************t=53*****************************
54 generation time: 6.92 s
[122.00,9.00],
[173.00,7.00],
[188.00,3.00],
[100.00,13.00],
[147.00,7.50],
[180.00,5.50],
[98.00,13.50],
[181.00,5.00],
*****************************t=54*****************************
55 generation time: 7.03 s
[122.00,9.00],
[173.00,7.00],
[188.00,3.00],
[100.00,13.00],
[147.00,7.50],
[180.00,5.50],
[98.00,13.50],
[181.00,5.00],
*****************************t=55*****************************
56 generation time: 7.12 s
[122.00,9.00],
[173.00,7.00],
[188.00,3.00],
[100.00,13.00],
[147.00,7.50],
[180.00,5.50],
[98.00,13.50],
[181.00,5.00],
*****************************t=56*****************************
57 generation time: 7.22 s
[122.00,9.00],
[173.00,7.00],
[188.00,3.00],
[100.00,13.00],
[147.00,7.50],
[180.00,5.50],
[98.00,13.50],
[181.00,5.00],
*****************************t=57*****************************
58 generation time: 7.32 s
[118.00,9.00],
[173.00,7.00],
[188.00,3.00],
[100.00,13.00],
[147.00,7.50],
[180.00,5.50],
[98.00,13.50],
[181.00,5.00],
*****************************t=58*****************************
59 generation time: 7.41 s
[118.00,9.00],
[173.00,7.00],
[188.00,3.00],
[100.00,13.00],
[147.00,7.50],
[180.00,5.50],
[98.00,13.50],
[181.00,5.00],
*****************************t=59*****************************
60 generation time: 7.51 s
[118.00,9.00],
[173.00,7.00],
[188.00,3.00],
[100.00,13.00],
[147.00,7.50],
[180.00,5.50],
[98.00,13.50],
[181.00,5.00],
*****************************t=60*****************************
61 generation time: 7.60 s
[118.00,9.00],
[173.00,7.00],
[188.00,3.00],
[100.00,13.00],
[147.00,7.50],
[180.00,5.50],
[98.00,13.50],
[181.00,5.00],
*****************************t=61*****************************
62 generation time: 7.71 s
[118.00,9.00],
[173.00,7.00],
[186.00,3.00],
[100.00,13.00],
[147.00,7.50],
[180.00,5.50],
[98.00,13.50],
[181.00,5.00],
*****************************t=62*****************************
63 generation time: 7.81 s
[118.00,9.00],
[173.00,7.00],
[186.00,3.00],
[100.00,13.00],
[147.00,7.50],
[180.00,5.50],
[98.00,13.50],
[181.00,5.00],
*****************************t=63*****************************
64 generation time: 7.92 s
[118.00,9.00],
[173.00,7.00],
[186.00,3.00],
[100.00,13.00],
[147.00,7.50],
[180.00,5.50],
[98.00,13.50],
[181.00,5.00],
*****************************t=64*****************************
65 generation time: 8.02 s
[118.00,9.00],
[173.00,7.00],
[186.00,3.00],
[100.00,13.00],
[147.00,7.50],
[180.00,5.50],
[98.00,13.50],
[181.00,5.00],
*****************************t=65*****************************
66 generation time: 8.10 s
[118.00,9.00],
[173.00,7.00],
[186.00,3.00],
[100.00,13.00],
[147.00,7.50],
[180.00,5.50],
[98.00,13.50],
[181.00,5.00],
*****************************t=66*****************************
67 generation time: 8.21 s
[118.00,9.00],
[173.00,7.00],
[186.00,3.00],
[100.00,13.00],
[147.00,7.50],
[180.00,5.50],
[98.00,13.50],
[181.00,5.00],
*****************************t=67*****************************
68 generation time: 8.31 s
[118.00,9.00],
[173.00,7.00],
[186.00,3.00],
[100.00,13.00],
[147.00,7.50],
[180.00,5.50],
[98.00,13.50],
[181.00,5.00],
*****************************t=68*****************************
69 generation time: 8.41 s
[118.00,9.00],
[173.00,7.00],
[186.00,3.00],
[100.00,13.00],
[147.00,7.50],
[180.00,5.50],
[98.00,13.50],
[181.00,5.00],
*****************************t=69*****************************
70 generation time: 8.52 s
[118.00,9.00],
[173.00,7.00],
[186.00,3.00],
[100.00,13.00],
[147.00,7.50],
[180.00,5.50],
[98.00,13.50],
[181.00,5.00],
*****************************t=70*****************************
71 generation time: 8.63 s
[118.00,9.00],
[173.00,7.00],
[186.00,3.00],
[100.00,13.00],
[147.00,7.50],
[180.00,5.50],
[98.00,13.50],
[181.00,5.00],
*****************************t=71*****************************
72 generation time: 8.73 s
[118.00,9.00],
[173.00,7.00],
[186.00,3.00],
[100.00,13.00],
[147.00,7.50],
[180.00,5.50],
[98.00,13.50],
[181.00,5.00],
*****************************t=72*****************************
73 generation time: 8.83 s
[118.00,9.00],
[173.00,7.00],
[186.00,3.00],
[100.00,13.00],
[147.00,7.50],
[180.00,5.50],
[98.00,13.50],
[181.00,5.00],
*****************************t=73*****************************
74 generation time: 8.93 s
[118.00,9.00],
[173.00,7.00],
[186.00,3.00],
[100.00,13.00],
[147.00,7.50],
[180.00,5.50],
[98.00,13.50],
[181.00,5.00],
*****************************t=74*****************************
75 generation time: 9.03 s
[118.00,9.00],
[173.00,7.00],
[186.00,3.00],
[100.00,13.00],
[147.00,7.50],
[180.00,5.50],
[98.00,13.50],
[181.00,5.00],
*****************************t=75*****************************
76 generation time: 9.12 s
[118.00,9.00],
[173.00,7.00],
[186.00,3.00],
[100.00,13.00],
[147.00,7.50],
[180.00,5.50],
[98.00,13.50],
[181.00,5.00],
*****************************t=76*****************************
77 generation time: 9.22 s
[118.00,9.00],
[173.00,7.00],
[186.00,3.00],
[100.00,13.00],
[147.00,7.50],
[180.00,5.50],
[98.00,13.50],
[181.00,5.00],
*****************************t=77*****************************
78 generation time: 9.32 s
[118.00,9.00],
[173.00,7.00],
[186.00,3.00],
[100.00,13.00],
[147.00,7.50],
[180.00,5.50],
[98.00,13.50],
[181.00,5.00],
*****************************t=78*****************************
79 generation time: 9.42 s
[118.00,9.00],
[173.00,7.00],
[186.00,3.00],
[100.00,13.00],
[147.00,7.50],
[180.00,5.50],
[98.00,13.50],
[181.00,5.00],
*****************************t=79*****************************
80 generation time: 9.52 s
[118.00,9.00],
[173.00,7.00],
[186.00,3.00],
[100.00,13.00],
[147.00,7.50],
[180.00,5.50],
[98.00,13.50],
[181.00,5.00],
*****************************t=80*****************************
81 generation time: 9.62 s
[118.00,9.00],
[173.00,7.00],
[186.00,3.00],
[100.00,13.00],
[147.00,7.50],
[180.00,5.50],
[98.00,13.50],
[181.00,5.00],
*****************************t=81*****************************
82 generation time: 9.72 s
[118.00,9.00],
[173.00,7.00],
[186.00,3.00],
[100.00,13.00],
[147.00,7.50],
[180.00,5.50],
[98.00,13.50],
[181.00,5.00],
*****************************t=82*****************************
83 generation time: 9.81 s
[118.00,9.00],
[173.00,7.00],
[186.00,3.00],
[100.00,13.00],
[147.00,7.50],
[180.00,5.50],
[98.00,13.50],
[181.00,5.00],
*****************************t=83*****************************
84 generation time: 9.91 s
[118.00,9.00],
[173.00,7.00],
[186.00,3.00],
[100.00,13.00],
[147.00,7.50],
[180.00,5.50],
[98.00,13.50],
[181.00,5.00],
*****************************t=84*****************************
85 generation time: 10.02 s
[118.00,9.00],
[173.00,7.00],
[186.00,3.00],
[100.00,13.00],
[147.00,7.50],
[180.00,5.50],
[98.00,13.50],
[181.00,5.00],
*****************************t=85*****************************
86 generation time: 10.12 s
[118.00,9.00],
[173.00,7.00],
[186.00,3.00],
[100.00,13.00],
[147.00,7.50],
[180.00,5.50],
[98.00,13.50],
[181.00,5.00],
*****************************t=86*****************************
87 generation time: 10.22 s
[118.00,9.00],
[173.00,7.00],
[186.00,3.00],
[100.00,13.00],
[147.00,7.50],
[180.00,5.50],
[98.00,13.50],
[181.00,5.00],
*****************************t=87*****************************
88 generation time: 10.33 s
[118.00,9.00],
[173.00,7.00],
[186.00,3.00],
[100.00,13.00],
[147.00,7.50],
[180.00,5.50],
[98.00,13.50],
[181.00,5.00],
*****************************t=88*****************************
89 generation time: 10.43 s
[118.00,9.00],
[173.00,7.00],
[186.00,3.00],
[100.00,13.00],
[147.00,7.50],
[180.00,5.50],
[98.00,13.50],
[181.00,5.00],
*****************************t=89*****************************
90 generation time: 10.54 s
[118.00,9.00],
[173.00,7.00],
[186.00,3.00],
[100.00,13.00],
[147.00,7.50],
[180.00,5.50],
[98.00,13.50],
[181.00,5.00],
*****************************t=90*****************************
91 generation time: 10.65 s
[118.00,9.00],
[173.00,7.00],
[186.00,3.00],
[100.00,13.00],
[147.00,7.50],
[180.00,5.50],
[98.00,13.50],
[181.00,5.00],
*****************************t=91*****************************
92 generation time: 10.75 s
[118.00,9.00],
[173.00,7.00],
[186.00,3.00],
[100.00,13.00],
[147.00,7.50],
[180.00,5.50],
[98.00,13.50],
[181.00,5.00],
*****************************t=92*****************************
93 generation time: 10.85 s
[118.00,9.00],
[173.00,7.00],
[186.00,3.00],
[100.00,13.00],
[147.00,7.50],
[180.00,5.50],
[98.00,13.50],
[181.00,5.00],
*****************************t=93*****************************
94 generation time: 10.95 s
[118.00,9.00],
[173.00,7.00],
[186.00,3.00],
[100.00,13.00],
[147.00,7.50],
[180.00,5.50],
[98.00,13.50],
[181.00,5.00],
*****************************t=94*****************************
95 generation time: 11.05 s
[118.00,9.00],
[173.00,7.00],
[186.00,3.00],
[100.00,13.00],
[147.00,7.50],
[180.00,5.50],
[98.00,13.50],
[181.00,5.00],
*****************************t=95*****************************
96 generation time: 11.15 s
[118.00,9.00],
[173.00,7.00],
[186.00,3.00],
[100.00,13.00],
[147.00,7.50],
[180.00,5.50],
[98.00,13.50],
[181.00,5.00],
*****************************t=96*****************************
97 generation time: 11.26 s
[118.00,9.00],
[173.00,7.00],
[186.00,3.00],
[100.00,13.00],
[147.00,7.50],
[180.00,5.50],
[98.00,13.50],
[181.00,5.00],
*****************************t=97*****************************
98 generation time: 11.36 s
[118.00,9.00],
[173.00,7.00],
[186.00,3.00],
[100.00,13.00],
[147.00,7.50],
[180.00,5.50],
[98.00,13.50],
[181.00,5.00],
*****************************t=98*****************************
99 generation time: 11.46 s
[118.00,9.00],
[173.00,7.00],
[186.00,3.00],
[100.00,13.00],
[147.00,7.50],
[180.00,5.50],
[98.00,13.50],
[181.00,5.00],
*****************************t=99*****************************
100 generation time: 11.56 s
[118.00,9.00],
[173.00,7.00],
[186.00,3.00],
[100.00,13.00],
[147.00,7.50],
[180.00,5.50],
[98.00,13.50],
[181.00,5.00],
[118.00,9.00],
[173.00,7.00],
[186.00,3.00],
[100.00,13.00],
[147.00,7.50],
[180.00,5.50],
[98.00,13.50],
[181.00,5.00],
tot = 8
total time: 11.62 s
