m = 4 n = 10
pop = 30 gen = 100
init...begin
init...done
*****************************t=0*****************************
time to convergence: 0.06 s	
time to convergence: 0.06 s	
time to convergence: 0.06 s	
time to convergence: 0.06 s	
1 generation time: 0.10 s
[175.00,9.00],
[149.00,15.00],
[191.00,7.50],
[115.00,26.50],
[134.00,21.00],
*****************************t=1*****************************
2 generation time: 0.19 s
[175.00,9.00],
[149.00,15.00],
[191.00,7.50],
[115.00,26.50],
[134.00,21.00],
*****************************t=2*****************************
3 generation time: 0.28 s
[175.00,9.00],
[142.00,11.00],
[191.00,7.50],
[115.00,26.50],
[134.00,21.00],
*****************************t=3*****************************
4 generation time: 0.37 s
[175.00,9.00],
[138.00,11.00],
[191.00,7.50],
[115.00,26.50],
[134.00,21.00],
*****************************t=4*****************************
5 generation time: 0.46 s
[175.00,9.00],
[138.00,11.00],
[186.00,5.00],
[115.00,26.50],
[133.00,17.50],
*****************************t=5*****************************
time to convergence: 0.52 s	
6 generation time: 0.55 s
[167.00,6.50],
[138.00,11.00],
[186.00,5.00],
[115.00,26.50],
[133.00,17.50],
[131.00,23.00],
*****************************t=6*****************************
7 generation time: 0.64 s
[167.00,6.50],
[138.00,11.00],
[186.00,5.00],
[115.00,26.50],
[133.00,17.50],
[131.00,23.00],
*****************************t=7*****************************
time to convergence: 0.71 s	
8 generation time: 0.74 s
[167.00,6.50],
[138.00,11.00],
[186.00,5.00],
[115.00,26.50],
[133.00,17.50],
[131.00,23.00],
[139.00,10.50],
*****************************t=8*****************************
9 generation time: 0.82 s
[167.00,6.50],
[138.00,11.00],
[186.00,5.00],
[115.00,26.50],
[133.00,17.50],
[131.00,23.00],
[139.00,10.50],
*****************************t=9*****************************
time to convergence: 0.89 s	
time to convergence: 0.89 s	
10 generation time: 0.93 s
[167.00,6.50],
[138.00,11.00],
[186.00,5.00],
[115.00,26.50],
[133.00,17.50],
[131.00,23.00],
[139.00,10.50],
[165.00,9.00],
[113.00,29.00],
*****************************t=10*****************************
time to convergence: 0.99 s	
11 generation time: 1.02 s
[167.00,6.50],
[138.00,11.00],
[186.00,5.00],
[115.00,26.50],
[133.00,17.50],
[131.00,23.00],
[139.00,10.50],
[163.00,7.00],
[113.00,29.00],
[199.00,3.00],
*****************************t=11*****************************
12 generation time: 1.12 s
[167.00,6.50],
[138.00,11.00],
[186.00,5.00],
[115.00,26.50],
[133.00,17.50],
[131.00,23.00],
[139.00,10.50],
[163.00,7.00],
[113.00,29.00],
[199.00,3.00],
*****************************t=12*****************************
13 generation time: 1.22 s
[167.00,6.50],
[138.00,11.00],
[186.00,5.00],
[115.00,26.50],
[133.00,17.50],
[131.00,23.00],
[139.00,10.50],
[163.00,7.00],
[113.00,29.00],
[199.00,3.00],
*****************************t=13*****************************
14 generation time: 1.32 s
[167.00,6.50],
[138.00,11.00],
[186.00,5.00],
[101.00,19.50],
[133.00,17.50],
[139.00,10.50],
[163.00,7.00],
[199.00,3.00],
*****************************t=14*****************************
15 generation time: 1.41 s
[167.00,6.50],
[138.00,11.00],
[186.00,5.00],
[101.00,19.50],
[133.00,17.50],
[139.00,10.50],
[163.00,7.00],
[199.00,3.00],
*****************************t=15*****************************
16 generation time: 1.50 s
[167.00,6.50],
[138.00,11.00],
[186.00,5.00],
[101.00,19.50],
[133.00,17.50],
[139.00,10.50],
[163.00,7.00],
[199.00,3.00],
*****************************t=16*****************************
17 generation time: 1.60 s
[167.00,6.50],
[138.00,11.00],
[186.00,5.00],
[101.00,19.50],
[133.00,17.50],
[139.00,10.50],
[163.00,7.00],
[199.00,3.00],
*****************************t=17*****************************
18 generation time: 1.71 s
[167.00,6.50],
[138.00,11.00],
[186.00,5.00],
[101.00,19.50],
[133.00,17.50],
[139.00,10.50],
[163.00,7.00],
[199.00,3.00],
*****************************t=18*****************************
time to convergence: 1.79 s	
19 generation time: 1.82 s
[167.00,6.50],
[138.00,11.00],
[186.00,5.00],
[101.00,19.50],
[133.00,17.50],
[139.00,10.50],
[163.00,7.00],
[199.00,3.00],
[154.00,9.00],
*****************************t=19*****************************
20 generation time: 1.92 s
[167.00,6.50],
[134.00,11.00],
[186.00,5.00],
[101.00,19.50],
[133.00,17.50],
[139.00,10.50],
[163.00,7.00],
[199.00,3.00],
[154.00,9.00],
*****************************t=20*****************************
21 generation time: 2.02 s
[167.00,6.50],
[134.00,11.00],
[186.00,5.00],
[101.00,19.50],
[131.00,13.50],
[139.00,10.50],
[163.00,7.00],
[199.00,3.00],
[152.00,9.00],
*****************************t=21*****************************
time to convergence: 2.08 s	
time to convergence: 2.08 s	
22 generation time: 2.11 s
[167.00,6.50],
[134.00,11.00],
[186.00,5.00],
[101.00,19.50],
[131.00,13.50],
[139.00,10.50],
[163.00,7.00],
[199.00,3.00],
[152.00,9.00],
[158.00,7.50],
[185.00,5.50],
*****************************t=22*****************************
23 generation time: 2.21 s
[167.00,6.50],
[134.00,11.00],
[186.00,5.00],
[101.00,19.50],
[131.00,13.50],
[139.00,10.50],
[163.00,7.00],
[199.00,3.00],
[152.00,9.00],
[158.00,7.50],
[185.00,5.50],
*****************************t=23*****************************
24 generation time: 2.31 s
[167.00,6.50],
[134.00,11.00],
[186.00,5.00],
[101.00,19.50],
[110.00,13.50],
[139.00,10.50],
[163.00,7.00],
[199.00,3.00],
[152.00,9.00],
[158.00,7.50],
[185.00,5.50],
*****************************t=24*****************************
25 generation time: 2.42 s
[167.00,6.50],
[134.00,11.00],
[186.00,5.00],
[101.00,19.50],
[110.00,13.50],
[139.00,10.50],
[163.00,7.00],
[199.00,3.00],
[152.00,9.00],
[158.00,7.50],
[185.00,5.50],
*****************************t=25*****************************
26 generation time: 2.53 s
[167.00,6.50],
[134.00,11.00],
[186.00,5.00],
[101.00,19.50],
[110.00,13.50],
[139.00,10.50],
[163.00,7.00],
[199.00,3.00],
[152.00,9.00],
[158.00,7.50],
[185.00,5.50],
*****************************t=26*****************************
27 generation time: 2.63 s
[167.00,6.50],
[134.00,11.00],
[186.00,5.00],
[101.00,19.50],
[102.00,13.00],
[139.00,10.50],
[163.00,7.00],
[199.00,3.00],
[152.00,9.00],
[158.00,7.50],
[185.00,5.50],
*****************************t=27*****************************
28 generation time: 2.73 s
[167.00,6.50],
[134.00,11.00],
[186.00,5.00],
[101.00,19.50],
[102.00,13.00],
[139.00,10.50],
[163.00,7.00],
[199.00,3.00],
[149.00,7.50],
[185.00,5.50],
*****************************t=28*****************************
29 generation time: 2.83 s
[167.00,6.50],
[134.00,11.00],
[186.00,5.00],
[101.00,19.50],
[102.00,13.00],
[139.00,10.50],
[163.00,7.00],
[199.00,3.00],
[149.00,7.50],
[185.00,5.50],
*****************************t=29*****************************
30 generation time: 2.94 s
[167.00,6.50],
[134.00,11.00],
[186.00,5.00],
[101.00,19.50],
[102.00,13.00],
[139.00,10.50],
[163.00,7.00],
[199.00,3.00],
[149.00,7.50],
[185.00,5.50],
*****************************t=30*****************************
31 generation time: 3.04 s
[167.00,6.50],
[134.00,11.00],
[186.00,5.00],
[101.00,19.50],
[102.00,13.00],
[139.00,10.50],
[163.00,7.00],
[199.00,3.00],
[149.00,7.50],
[185.00,5.50],
*****************************t=31*****************************
32 generation time: 3.15 s
[167.00,6.50],
[134.00,11.00],
[186.00,5.00],
[101.00,19.50],
[102.00,13.00],
[139.00,10.50],
[163.00,7.00],
[199.00,3.00],
[149.00,7.50],
[185.00,5.50],
*****************************t=32*****************************
33 generation time: 3.24 s
[167.00,6.50],
[134.00,11.00],
[186.00,5.00],
[101.00,19.50],
[102.00,13.00],
[139.00,10.50],
[163.00,7.00],
[199.00,3.00],
[149.00,7.50],
[185.00,5.50],
*****************************t=33*****************************
34 generation time: 3.35 s
[167.00,6.50],
[134.00,11.00],
[186.00,5.00],
[101.00,19.50],
[102.00,13.00],
[139.00,10.50],
[163.00,7.00],
[199.00,3.00],
[149.00,7.50],
[185.00,5.50],
*****************************t=34*****************************
35 generation time: 3.46 s
[167.00,6.50],
[134.00,11.00],
[186.00,5.00],
[101.00,19.50],
[102.00,13.00],
[139.00,10.50],
[163.00,7.00],
[199.00,3.00],
[149.00,7.50],
[185.00,5.50],
*****************************t=35*****************************
36 generation time: 3.56 s
[167.00,6.50],
[134.00,11.00],
[186.00,5.00],
[101.00,19.50],
[102.00,13.00],
[139.00,10.50],
[163.00,7.00],
[199.00,3.00],
[149.00,7.50],
[185.00,5.50],
*****************************t=36*****************************
37 generation time: 3.67 s
[167.00,6.50],
[134.00,11.00],
[186.00,5.00],
[101.00,19.50],
[102.00,13.00],
[139.00,10.50],
[163.00,7.00],
[199.00,3.00],
[149.00,7.50],
[185.00,5.50],
*****************************t=37*****************************
38 generation time: 3.78 s
[167.00,6.50],
[134.00,11.00],
[186.00,5.00],
[101.00,19.50],
[102.00,13.00],
[139.00,10.50],
[163.00,7.00],
[199.00,3.00],
[149.00,7.50],
[185.00,5.50],
*****************************t=38*****************************
39 generation time: 3.88 s
[167.00,6.50],
[134.00,11.00],
[186.00,5.00],
[101.00,19.50],
[102.00,13.00],
[139.00,10.50],
[163.00,7.00],
[199.00,3.00],
[149.00,7.50],
[185.00,5.50],
*****************************t=39*****************************
40 generation time: 3.99 s
[167.00,6.50],
[134.00,11.00],
[186.00,5.00],
[101.00,19.50],
[102.00,13.00],
[139.00,10.50],
[163.00,7.00],
[199.00,3.00],
[149.00,7.50],
[185.00,5.50],
*****************************t=40*****************************
41 generation time: 4.09 s
[167.00,6.50],
[134.00,11.00],
[186.00,5.00],
[101.00,19.50],
[102.00,13.00],
[139.00,10.50],
[163.00,7.00],
[199.00,3.00],
[149.00,7.50],
[185.00,5.50],
*****************************t=41*****************************
42 generation time: 4.19 s
[167.00,6.50],
[134.00,11.00],
[186.00,5.00],
[101.00,19.50],
[102.00,13.00],
[139.00,10.50],
[163.00,7.00],
[199.00,3.00],
[149.00,7.50],
[185.00,5.50],
*****************************t=42*****************************
43 generation time: 4.30 s
[167.00,6.50],
[134.00,11.00],
[186.00,5.00],
[101.00,19.50],
[102.00,13.00],
[139.00,10.50],
[163.00,7.00],
[199.00,3.00],
[149.00,7.50],
[185.00,5.50],
*****************************t=43*****************************
44 generation time: 4.40 s
[167.00,6.50],
[134.00,11.00],
[186.00,5.00],
[101.00,19.50],
[102.00,13.00],
[139.00,10.50],
[163.00,7.00],
[199.00,3.00],
[149.00,7.50],
[185.00,5.50],
*****************************t=44*****************************
45 generation time: 4.50 s
[167.00,6.50],
[134.00,11.00],
[186.00,5.00],
[101.00,19.50],
[102.00,13.00],
[139.00,10.50],
[163.00,7.00],
[199.00,3.00],
[149.00,7.50],
[185.00,5.50],
*****************************t=45*****************************
46 generation time: 4.61 s
[167.00,6.50],
[134.00,11.00],
[186.00,5.00],
[101.00,19.50],
[102.00,13.00],
[139.00,10.50],
[163.00,7.00],
[199.00,3.00],
[149.00,7.50],
[185.00,5.50],
*****************************t=46*****************************
47 generation time: 4.71 s
[167.00,6.50],
[134.00,11.00],
[186.00,5.00],
[101.00,19.50],
[102.00,13.00],
[139.00,10.50],
[163.00,7.00],
[199.00,3.00],
[149.00,7.50],
[185.00,5.50],
*****************************t=47*****************************
48 generation time: 4.80 s
[167.00,6.50],
[134.00,11.00],
[186.00,5.00],
[101.00,19.50],
[102.00,13.00],
[139.00,10.50],
[163.00,7.00],
[199.00,3.00],
[149.00,7.50],
[185.00,5.50],
*****************************t=48*****************************
49 generation time: 4.91 s
[167.00,6.50],
[134.00,11.00],
[186.00,5.00],
[101.00,19.50],
[102.00,13.00],
[139.00,10.50],
[163.00,7.00],
[199.00,3.00],
[149.00,7.50],
[185.00,5.50],
*****************************t=49*****************************
50 generation time: 5.02 s
[167.00,6.50],
[134.00,11.00],
[186.00,5.00],
[101.00,19.50],
[102.00,13.00],
[139.00,10.50],
[163.00,7.00],
[199.00,3.00],
[149.00,7.50],
[185.00,5.50],
*****************************t=50*****************************
51 generation time: 5.12 s
[167.00,6.50],
[134.00,11.00],
[186.00,5.00],
[101.00,19.50],
[102.00,13.00],
[139.00,10.50],
[163.00,7.00],
[199.00,3.00],
[149.00,7.50],
[185.00,5.50],
*****************************t=51*****************************
52 generation time: 5.22 s
[167.00,6.50],
[134.00,11.00],
[186.00,5.00],
[101.00,19.50],
[102.00,13.00],
[139.00,10.50],
[163.00,7.00],
[199.00,3.00],
[149.00,7.50],
[185.00,5.50],
*****************************t=52*****************************
53 generation time: 5.32 s
[167.00,6.50],
[134.00,11.00],
[186.00,5.00],
[101.00,19.50],
[102.00,13.00],
[136.00,10.50],
[163.00,7.00],
[199.00,3.00],
[149.00,7.50],
[185.00,5.50],
*****************************t=53*****************************
54 generation time: 5.42 s
[167.00,6.50],
[134.00,11.00],
[186.00,5.00],
[101.00,19.50],
[102.00,13.00],
[136.00,10.50],
[163.00,7.00],
[199.00,3.00],
[149.00,7.50],
[185.00,5.50],
*****************************t=54*****************************
55 generation time: 5.53 s
[167.00,6.50],
[134.00,11.00],
[186.00,5.00],
[101.00,19.50],
[102.00,13.00],
[136.00,10.50],
[163.00,7.00],
[199.00,3.00],
[149.00,7.50],
[185.00,5.50],
*****************************t=55*****************************
56 generation time: 5.63 s
[167.00,6.50],
[134.00,11.00],
[186.00,5.00],
[101.00,19.50],
[102.00,13.00],
[136.00,10.50],
[163.00,7.00],
[199.00,3.00],
[149.00,7.50],
[185.00,5.50],
*****************************t=56*****************************
57 generation time: 5.73 s
[167.00,6.50],
[134.00,11.00],
[186.00,5.00],
[101.00,19.50],
[102.00,13.00],
[136.00,10.50],
[163.00,7.00],
[199.00,3.00],
[149.00,7.50],
[185.00,5.50],
*****************************t=57*****************************
58 generation time: 5.83 s
[167.00,6.50],
[134.00,11.00],
[186.00,5.00],
[101.00,19.50],
[102.00,13.00],
[136.00,10.50],
[163.00,7.00],
[199.00,3.00],
[149.00,7.50],
[185.00,5.50],
*****************************t=58*****************************
59 generation time: 5.93 s
[167.00,6.50],
[134.00,11.00],
[186.00,5.00],
[101.00,19.50],
[102.00,13.00],
[136.00,10.50],
[163.00,7.00],
[199.00,3.00],
[149.00,7.50],
[185.00,5.50],
*****************************t=59*****************************
60 generation time: 6.03 s
[167.00,6.50],
[134.00,11.00],
[186.00,5.00],
[101.00,19.50],
[102.00,13.00],
[136.00,10.50],
[163.00,7.00],
[199.00,3.00],
[149.00,7.50],
[185.00,5.50],
*****************************t=60*****************************
61 generation time: 6.13 s
[167.00,6.50],
[134.00,11.00],
[182.00,5.00],
[101.00,19.50],
[102.00,13.00],
[136.00,10.50],
[163.00,7.00],
[199.00,3.00],
[149.00,7.50],
*****************************t=61*****************************
62 generation time: 6.23 s
[167.00,6.50],
[134.00,11.00],
[182.00,5.00],
[101.00,19.50],
[102.00,13.00],
[136.00,10.50],
[163.00,7.00],
[199.00,3.00],
[149.00,7.50],
*****************************t=62*****************************
63 generation time: 6.33 s
[167.00,6.50],
[134.00,11.00],
[182.00,5.00],
[101.00,19.50],
[102.00,13.00],
[136.00,10.50],
[163.00,7.00],
[199.00,3.00],
[149.00,7.50],
*****************************t=63*****************************
64 generation time: 6.43 s
[167.00,6.50],
[134.00,11.00],
[182.00,5.00],
[101.00,19.50],
[102.00,13.00],
[136.00,10.50],
[163.00,7.00],
[199.00,3.00],
[149.00,7.50],
*****************************t=64*****************************
65 generation time: 6.54 s
[167.00,6.50],
[134.00,11.00],
[182.00,5.00],
[101.00,19.50],
[102.00,13.00],
[136.00,10.50],
[163.00,7.00],
[199.00,3.00],
[149.00,7.50],
*****************************t=65*****************************
66 generation time: 6.64 s
[167.00,6.50],
[134.00,11.00],
[182.00,5.00],
[101.00,19.50],
[102.00,13.00],
[136.00,10.50],
[163.00,7.00],
[199.00,3.00],
[149.00,7.50],
*****************************t=66*****************************
67 generation time: 6.75 s
[167.00,6.50],
[118.00,9.00],
[182.00,5.00],
[101.00,19.50],
[102.00,13.00],
[163.00,7.00],
[199.00,3.00],
[149.00,7.50],
*****************************t=67*****************************
68 generation time: 6.86 s
[167.00,6.50],
[118.00,9.00],
[182.00,5.00],
[101.00,19.50],
[102.00,13.00],
[163.00,7.00],
[199.00,3.00],
[149.00,7.50],
*****************************t=68*****************************
69 generation time: 6.96 s
[167.00,6.50],
[118.00,9.00],
[182.00,5.00],
[101.00,19.50],
[102.00,13.00],
[163.00,7.00],
[199.00,3.00],
[149.00,7.50],
*****************************t=69*****************************
70 generation time: 7.07 s
[167.00,6.50],
[118.00,9.00],
[182.00,5.00],
[101.00,19.50],
[102.00,13.00],
[163.00,7.00],
[199.00,3.00],
[149.00,7.50],
*****************************t=70*****************************
71 generation time: 7.17 s
[167.00,6.50],
[118.00,9.00],
[182.00,5.00],
[101.00,19.50],
[102.00,13.00],
[163.00,7.00],
[199.00,3.00],
[149.00,7.50],
*****************************t=71*****************************
72 generation time: 7.27 s
[167.00,6.50],
[118.00,9.00],
[182.00,5.00],
[101.00,19.50],
[102.00,13.00],
[163.00,7.00],
[199.00,3.00],
[149.00,7.50],
*****************************t=72*****************************
73 generation time: 7.37 s
[167.00,6.50],
[118.00,9.00],
[182.00,5.00],
[101.00,19.50],
[102.00,13.00],
[163.00,7.00],
[199.00,3.00],
[149.00,7.50],
*****************************t=73*****************************
74 generation time: 7.47 s
[167.00,6.50],
[118.00,9.00],
[182.00,5.00],
[101.00,19.50],
[102.00,13.00],
[163.00,7.00],
[199.00,3.00],
[149.00,7.50],
*****************************t=74*****************************
75 generation time: 7.57 s
[167.00,6.50],
[118.00,9.00],
[182.00,5.00],
[101.00,19.50],
[102.00,13.00],
[163.00,7.00],
[199.00,3.00],
[149.00,7.50],
*****************************t=75*****************************
76 generation time: 7.67 s
[167.00,6.50],
[118.00,9.00],
[182.00,5.00],
[101.00,19.50],
[102.00,13.00],
[163.00,7.00],
[199.00,3.00],
[149.00,7.50],
*****************************t=76*****************************
77 generation time: 7.77 s
[167.00,6.50],
[118.00,9.00],
[182.00,5.00],
[101.00,19.50],
[102.00,13.00],
[163.00,7.00],
[199.00,3.00],
[149.00,7.50],
*****************************t=77*****************************
78 generation time: 7.87 s
[167.00,6.50],
[118.00,9.00],
[182.00,5.00],
[101.00,19.50],
[102.00,13.00],
[163.00,7.00],
[199.00,3.00],
[149.00,7.50],
*****************************t=78*****************************
79 generation time: 7.98 s
[167.00,6.50],
[118.00,9.00],
[182.00,5.00],
[101.00,19.50],
[102.00,13.00],
[163.00,7.00],
[199.00,3.00],
[149.00,7.50],
*****************************t=79*****************************
80 generation time: 8.08 s
[167.00,6.50],
[118.00,9.00],
[182.00,5.00],
[101.00,19.50],
[102.00,13.00],
[163.00,7.00],
[199.00,3.00],
[149.00,7.50],
*****************************t=80*****************************
81 generation time: 8.18 s
[167.00,6.50],
[118.00,9.00],
[182.00,5.00],
[101.00,19.50],
[102.00,13.00],
[163.00,7.00],
[199.00,3.00],
[149.00,7.50],
*****************************t=81*****************************
82 generation time: 8.28 s
[167.00,6.50],
[118.00,9.00],
[182.00,5.00],
[101.00,19.50],
[102.00,13.00],
[163.00,7.00],
[199.00,3.00],
[149.00,7.50],
*****************************t=82*****************************
83 generation time: 8.38 s
[167.00,6.50],
[118.00,9.00],
[182.00,5.00],
[101.00,19.50],
[102.00,13.00],
[163.00,7.00],
[199.00,3.00],
[149.00,7.50],
*****************************t=83*****************************
84 generation time: 8.49 s
[167.00,6.50],
[118.00,9.00],
[182.00,5.00],
[101.00,19.50],
[102.00,13.00],
[163.00,7.00],
[199.00,3.00],
[149.00,7.50],
*****************************t=84*****************************
85 generation time: 8.59 s
[167.00,6.50],
[118.00,9.00],
[182.00,5.00],
[101.00,19.50],
[102.00,13.00],
[163.00,7.00],
[199.00,3.00],
[149.00,7.50],
*****************************t=85*****************************
86 generation time: 8.70 s
[167.00,6.50],
[118.00,9.00],
[182.00,5.00],
[101.00,19.50],
[102.00,13.00],
[163.00,7.00],
[199.00,3.00],
[149.00,7.50],
*****************************t=86*****************************
87 generation time: 8.80 s
[167.00,6.50],
[118.00,9.00],
[182.00,5.00],
[101.00,19.50],
[102.00,13.00],
[163.00,7.00],
[199.00,3.00],
[149.00,7.50],
*****************************t=87*****************************
88 generation time: 8.92 s
[167.00,6.50],
[118.00,9.00],
[182.00,5.00],
[100.00,15.50],
[102.00,13.00],
[163.00,7.00],
[199.00,3.00],
[149.00,7.50],
*****************************t=88*****************************
89 generation time: 9.02 s
[167.00,6.50],
[118.00,9.00],
[182.00,5.00],
[100.00,15.50],
[102.00,13.00],
[163.00,7.00],
[199.00,3.00],
[149.00,7.50],
*****************************t=89*****************************
90 generation time: 9.13 s
[167.00,6.50],
[118.00,9.00],
[182.00,5.00],
[100.00,15.50],
[102.00,13.00],
[163.00,7.00],
[199.00,3.00],
[149.00,7.50],
*****************************t=90*****************************
91 generation time: 9.22 s
[167.00,6.50],
[118.00,9.00],
[182.00,5.00],
[100.00,15.50],
[102.00,13.00],
[163.00,7.00],
[199.00,3.00],
[149.00,7.50],
*****************************t=91*****************************
92 generation time: 9.33 s
[167.00,6.50],
[118.00,9.00],
[182.00,5.00],
[100.00,15.50],
[102.00,13.00],
[163.00,7.00],
[199.00,3.00],
[149.00,7.50],
*****************************t=92*****************************
93 generation time: 9.43 s
[167.00,6.50],
[118.00,9.00],
[182.00,5.00],
[100.00,15.50],
[102.00,13.00],
[163.00,7.00],
[199.00,3.00],
[149.00,7.50],
*****************************t=93*****************************
94 generation time: 9.53 s
[167.00,6.50],
[118.00,9.00],
[182.00,5.00],
[100.00,15.50],
[102.00,13.00],
[163.00,7.00],
[199.00,3.00],
[149.00,7.50],
*****************************t=94*****************************
95 generation time: 9.64 s
[167.00,6.50],
[118.00,9.00],
[182.00,5.00],
[100.00,15.50],
[102.00,13.00],
[163.00,7.00],
[199.00,3.00],
[149.00,7.50],
*****************************t=95*****************************
96 generation time: 9.75 s
[167.00,6.50],
[118.00,9.00],
[182.00,5.00],
[100.00,15.50],
[102.00,13.00],
[163.00,7.00],
[199.00,3.00],
[149.00,7.50],
*****************************t=96*****************************
97 generation time: 9.85 s
[167.00,6.50],
[118.00,9.00],
[182.00,5.00],
[100.00,15.50],
[102.00,13.00],
[163.00,7.00],
[199.00,3.00],
[149.00,7.50],
*****************************t=97*****************************
98 generation time: 9.96 s
[167.00,6.50],
[118.00,9.00],
[182.00,5.00],
[100.00,15.50],
[102.00,13.00],
[163.00,7.00],
[199.00,3.00],
[149.00,7.50],
*****************************t=98*****************************
99 generation time: 10.06 s
[167.00,6.50],
[118.00,9.00],
[182.00,5.00],
[100.00,15.50],
[102.00,13.00],
[163.00,7.00],
[199.00,3.00],
[149.00,7.50],
*****************************t=99*****************************
100 generation time: 10.16 s
[167.00,6.50],
[118.00,9.00],
[182.00,5.00],
[100.00,15.50],
[102.00,13.00],
[163.00,7.00],
[199.00,3.00],
[149.00,7.50],
[167.00,6.50],
[118.00,9.00],
[182.00,5.00],
[100.00,15.50],
[102.00,13.00],
[163.00,7.00],
[199.00,3.00],
[149.00,7.50],
tot = 8
total time: 10.23 s
