m = 4 n = 10
pop = 30 gen = 100
init...begin
init...done
*****************************t=0*****************************
time to convergence: 0.06 s	
time to convergence: 0.06 s	
time to convergence: 0.06 s	
1 generation time: 0.08 s
[143.00,19.00],
[107.00,25.00],
[122.00,23.00],
[174.00,9.00],
*****************************t=1*****************************
time to convergence: 0.14 s	
time to convergence: 0.14 s	
2 generation time: 0.17 s
[143.00,19.00],
[107.00,25.00],
[122.00,23.00],
[174.00,9.00],
[161.00,11.00],
[187.00,3.50],
*****************************t=2*****************************
3 generation time: 0.25 s
[143.00,19.00],
[107.00,25.00],
[122.00,23.00],
[174.00,9.00],
[155.00,11.00],
[187.00,3.50],
*****************************t=3*****************************
4 generation time: 0.33 s
[143.00,19.00],
[107.00,25.00],
[122.00,23.00],
[161.00,9.00],
[155.00,11.00],
[187.00,3.50],
*****************************t=4*****************************
5 generation time: 0.40 s
[143.00,19.00],
[107.00,25.00],
[122.00,23.00],
[161.00,9.00],
[155.00,11.00],
[187.00,3.50],
*****************************t=5*****************************
6 generation time: 0.48 s
[143.00,19.00],
[107.00,25.00],
[122.00,23.00],
[161.00,9.00],
[155.00,11.00],
[187.00,3.50],
*****************************t=6*****************************
time to convergence: 0.54 s	
time to convergence: 0.54 s	
time to convergence: 0.54 s	
7 generation time: 0.57 s
[143.00,19.00],
[107.00,25.00],
[122.00,23.00],
[161.00,9.00],
[155.00,11.00],
[187.00,3.50],
[185.00,5.00],
[214.00,3.00],
[153.00,17.00],
*****************************t=7*****************************
8 generation time: 0.67 s
[143.00,19.00],
[107.00,25.00],
[122.00,23.00],
[161.00,9.00],
[155.00,11.00],
[187.00,3.50],
[185.00,5.00],
[214.00,3.00],
[153.00,17.00],
*****************************t=8*****************************
time to convergence: 0.73 s	
9 generation time: 0.76 s
[143.00,19.00],
[107.00,25.00],
[122.00,23.00],
[152.00,7.50],
[187.00,3.50],
[185.00,5.00],
[214.00,3.00],
[149.00,13.50],
*****************************t=9*****************************
time to convergence: 0.82 s	
10 generation time: 0.84 s
[138.00,15.00],
[107.00,25.00],
[122.00,23.00],
[152.00,7.50],
[187.00,3.50],
[185.00,5.00],
[214.00,3.00],
[148.00,13.00],
[133.00,21.50],
*****************************t=10*****************************
11 generation time: 0.93 s
[138.00,15.00],
[107.00,25.00],
[122.00,23.00],
[152.00,7.50],
[187.00,3.50],
[185.00,5.00],
[214.00,3.00],
[148.00,13.00],
[133.00,21.50],
*****************************t=11*****************************
12 generation time: 1.02 s
[138.00,15.00],
[107.00,25.00],
[122.00,23.00],
[152.00,7.50],
[187.00,3.50],
[185.00,5.00],
[214.00,3.00],
[145.00,10.50],
[133.00,21.50],
*****************************t=12*****************************
time to convergence: 1.07 s	
13 generation time: 1.10 s
[131.00,13.50],
[107.00,25.00],
[122.00,23.00],
[152.00,7.50],
[187.00,3.50],
[184.00,5.00],
[214.00,3.00],
[145.00,10.50],
[176.00,7.00],
*****************************t=13*****************************
14 generation time: 1.18 s
[131.00,13.50],
[107.00,25.00],
[122.00,23.00],
[152.00,7.50],
[187.00,3.50],
[184.00,5.00],
[214.00,3.00],
[145.00,10.50],
[176.00,7.00],
*****************************t=14*****************************
15 generation time: 1.27 s
[131.00,13.50],
[107.00,25.00],
[109.00,15.00],
[152.00,7.50],
[187.00,3.50],
[184.00,5.00],
[214.00,3.00],
[145.00,10.50],
[176.00,7.00],
*****************************t=15*****************************
16 generation time: 1.35 s
[131.00,13.50],
[107.00,25.00],
[109.00,15.00],
[152.00,7.50],
[187.00,3.50],
[184.00,5.00],
[214.00,3.00],
[145.00,10.50],
[176.00,7.00],
*****************************t=16*****************************
time to convergence: 1.42 s	
17 generation time: 1.45 s
[131.00,13.50],
[107.00,25.00],
[109.00,15.00],
[152.00,7.50],
[187.00,3.50],
[184.00,5.00],
[214.00,3.00],
[145.00,10.50],
[176.00,7.00],
[133.00,11.00],
*****************************t=17*****************************
18 generation time: 1.52 s
[131.00,13.50],
[107.00,25.00],
[109.00,15.00],
[152.00,7.50],
[187.00,3.50],
[184.00,5.00],
[214.00,3.00],
[145.00,10.50],
[176.00,7.00],
[133.00,11.00],
*****************************t=18*****************************
19 generation time: 1.60 s
[131.00,13.50],
[107.00,25.00],
[109.00,15.00],
[152.00,7.50],
[187.00,3.50],
[184.00,5.00],
[197.00,3.00],
[145.00,10.50],
[176.00,7.00],
[133.00,11.00],
*****************************t=19*****************************
20 generation time: 1.70 s
[131.00,13.50],
[107.00,25.00],
[109.00,15.00],
[152.00,7.50],
[187.00,3.50],
[184.00,5.00],
[197.00,3.00],
[136.00,10.50],
[176.00,7.00],
[133.00,11.00],
*****************************t=20*****************************
21 generation time: 1.76 s
[131.00,13.50],
[107.00,25.00],
[109.00,15.00],
[152.00,7.50],
[187.00,3.50],
[184.00,5.00],
[197.00,3.00],
[136.00,10.50],
[176.00,7.00],
[133.00,11.00],
*****************************t=21*****************************
22 generation time: 1.84 s
[131.00,13.50],
[107.00,25.00],
[109.00,15.00],
[152.00,7.50],
[187.00,3.50],
[184.00,5.00],
[197.00,3.00],
[136.00,10.50],
[176.00,7.00],
[133.00,11.00],
*****************************t=22*****************************
23 generation time: 1.93 s
[131.00,13.50],
[107.00,25.00],
[109.00,15.00],
[152.00,7.50],
[187.00,3.50],
[184.00,5.00],
[197.00,3.00],
[136.00,10.50],
[176.00,7.00],
[133.00,11.00],
*****************************t=23*****************************
24 generation time: 2.01 s
[126.00,11.00],
[107.00,25.00],
[109.00,15.00],
[152.00,7.50],
[187.00,3.50],
[184.00,5.00],
[197.00,3.00],
[136.00,10.50],
[176.00,7.00],
*****************************t=24*****************************
25 generation time: 2.09 s
[126.00,11.00],
[107.00,25.00],
[109.00,15.00],
[152.00,7.50],
[187.00,3.50],
[184.00,5.00],
[197.00,3.00],
[136.00,10.50],
[176.00,7.00],
*****************************t=25*****************************
26 generation time: 2.17 s
[126.00,11.00],
[107.00,25.00],
[109.00,15.00],
[152.00,7.50],
[187.00,3.50],
[184.00,5.00],
[188.00,3.00],
[136.00,10.50],
[176.00,7.00],
*****************************t=26*****************************
27 generation time: 2.27 s
[126.00,11.00],
[107.00,25.00],
[109.00,15.00],
[152.00,7.50],
[187.00,3.50],
[184.00,5.00],
[188.00,3.00],
[136.00,10.50],
[176.00,7.00],
*****************************t=27*****************************
28 generation time: 2.36 s
[126.00,11.00],
[107.00,25.00],
[109.00,15.00],
[152.00,7.50],
[187.00,3.50],
[184.00,5.00],
[188.00,3.00],
[136.00,10.50],
[176.00,7.00],
*****************************t=28*****************************
29 generation time: 2.44 s
[126.00,11.00],
[107.00,25.00],
[109.00,15.00],
[152.00,7.50],
[187.00,3.50],
[184.00,5.00],
[188.00,3.00],
[136.00,10.50],
[176.00,7.00],
*****************************t=29*****************************
30 generation time: 2.54 s
[126.00,11.00],
[107.00,25.00],
[109.00,15.00],
[152.00,7.50],
[187.00,3.50],
[184.00,5.00],
[188.00,3.00],
[136.00,10.50],
[176.00,7.00],
*****************************t=30*****************************
31 generation time: 2.63 s
[126.00,11.00],
[107.00,25.00],
[109.00,15.00],
[152.00,7.50],
[187.00,3.50],
[184.00,5.00],
[188.00,3.00],
[136.00,10.50],
[176.00,7.00],
*****************************t=31*****************************
32 generation time: 2.71 s
[126.00,11.00],
[107.00,25.00],
[109.00,15.00],
[152.00,7.50],
[187.00,3.50],
[180.00,5.00],
[188.00,3.00],
[136.00,10.50],
[176.00,7.00],
*****************************t=32*****************************
time to convergence: 2.78 s	
33 generation time: 2.82 s
[126.00,11.00],
[107.00,25.00],
[109.00,15.00],
[152.00,7.50],
[187.00,3.50],
[180.00,5.00],
[188.00,3.00],
[136.00,10.50],
[176.00,7.00],
[189.00,1.50],
*****************************t=33*****************************
34 generation time: 2.90 s
[126.00,11.00],
[107.00,25.00],
[109.00,15.00],
[152.00,7.50],
[187.00,3.50],
[180.00,5.00],
[188.00,3.00],
[136.00,10.50],
[176.00,7.00],
[189.00,1.50],
*****************************t=34*****************************
35 generation time: 3.00 s
[126.00,11.00],
[106.00,25.00],
[109.00,15.00],
[152.00,7.50],
[187.00,3.50],
[180.00,5.00],
[188.00,3.00],
[136.00,10.50],
[176.00,7.00],
[189.00,1.50],
*****************************t=35*****************************
36 generation time: 3.09 s
[126.00,11.00],
[106.00,25.00],
[109.00,15.00],
[152.00,7.50],
[187.00,3.50],
[180.00,5.00],
[188.00,3.00],
[136.00,10.50],
[176.00,7.00],
[189.00,1.50],
*****************************t=36*****************************
37 generation time: 3.19 s
[123.00,11.00],
[106.00,25.00],
[109.00,15.00],
[152.00,7.50],
[184.00,3.00],
[180.00,5.00],
[136.00,10.50],
[176.00,7.00],
[189.00,1.50],
*****************************t=37*****************************
38 generation time: 3.28 s
[123.00,11.00],
[105.00,25.00],
[109.00,15.00],
[152.00,7.50],
[184.00,3.00],
[180.00,5.00],
[136.00,10.50],
[176.00,7.00],
[189.00,1.50],
*****************************t=38*****************************
39 generation time: 3.37 s
[123.00,11.00],
[101.00,19.50],
[109.00,15.00],
[152.00,7.50],
[184.00,3.00],
[180.00,5.00],
[136.00,10.50],
[176.00,7.00],
[189.00,1.50],
*****************************t=39*****************************
40 generation time: 3.46 s
[123.00,11.00],
[101.00,19.50],
[109.00,15.00],
[152.00,7.50],
[184.00,3.00],
[180.00,5.00],
[136.00,10.50],
[176.00,7.00],
[189.00,1.50],
*****************************t=40*****************************
41 generation time: 3.56 s
[123.00,11.00],
[101.00,19.50],
[109.00,15.00],
[152.00,7.50],
[184.00,3.00],
[180.00,5.00],
[136.00,10.50],
[176.00,7.00],
[189.00,1.50],
*****************************t=41*****************************
42 generation time: 3.63 s
[123.00,11.00],
[101.00,19.50],
[109.00,15.00],
[152.00,7.50],
[184.00,3.00],
[180.00,5.00],
[136.00,10.50],
[176.00,7.00],
[189.00,1.50],
*****************************t=42*****************************
43 generation time: 3.73 s
[123.00,11.00],
[101.00,19.50],
[102.00,13.00],
[152.00,7.50],
[184.00,3.00],
[180.00,5.00],
[136.00,10.50],
[176.00,7.00],
[189.00,1.50],
*****************************t=43*****************************
44 generation time: 3.81 s
[123.00,11.00],
[101.00,19.50],
[102.00,13.00],
[152.00,7.50],
[184.00,3.00],
[180.00,5.00],
[136.00,10.50],
[176.00,7.00],
[189.00,1.50],
*****************************t=44*****************************
45 generation time: 3.88 s
[123.00,11.00],
[101.00,19.50],
[102.00,13.00],
[152.00,7.50],
[184.00,3.00],
[180.00,5.00],
[136.00,10.50],
[176.00,7.00],
[189.00,1.50],
*****************************t=45*****************************
46 generation time: 3.96 s
[123.00,11.00],
[98.00,13.50],
[102.00,13.00],
[152.00,7.50],
[184.00,3.00],
[180.00,5.00],
[136.00,10.50],
[176.00,7.00],
[189.00,1.50],
*****************************t=46*****************************
47 generation time: 4.05 s
[123.00,11.00],
[98.00,13.50],
[102.00,13.00],
[147.00,7.50],
[184.00,3.00],
[180.00,5.00],
[136.00,10.50],
[176.00,7.00],
[189.00,1.50],
*****************************t=47*****************************
48 generation time: 4.15 s
[123.00,11.00],
[98.00,13.50],
[102.00,13.00],
[147.00,7.50],
[184.00,3.00],
[180.00,5.00],
[136.00,10.50],
[176.00,7.00],
[189.00,1.50],
*****************************t=48*****************************
49 generation time: 4.21 s
[123.00,11.00],
[98.00,13.50],
[102.00,13.00],
[147.00,7.50],
[184.00,3.00],
[180.00,5.00],
[136.00,10.50],
[176.00,7.00],
[189.00,1.50],
*****************************t=49*****************************
50 generation time: 4.30 s
[123.00,11.00],
[98.00,13.50],
[102.00,13.00],
[147.00,7.50],
[184.00,3.00],
[180.00,5.00],
[136.00,10.50],
[176.00,7.00],
[189.00,1.50],
*****************************t=50*****************************
51 generation time: 4.38 s
[123.00,11.00],
[98.00,13.50],
[102.00,13.00],
[147.00,7.50],
[184.00,3.00],
[180.00,5.00],
[136.00,10.50],
[176.00,7.00],
[189.00,1.50],
*****************************t=51*****************************
52 generation time: 4.46 s
[123.00,11.00],
[98.00,13.50],
[102.00,13.00],
[147.00,7.50],
[184.00,3.00],
[180.00,5.00],
[136.00,10.50],
[176.00,7.00],
[189.00,1.50],
*****************************t=52*****************************
53 generation time: 4.54 s
[123.00,11.00],
[98.00,13.50],
[102.00,13.00],
[147.00,7.50],
[184.00,3.00],
[180.00,5.00],
[132.00,9.50],
[176.00,7.00],
[189.00,1.50],
*****************************t=53*****************************
54 generation time: 4.63 s
[123.00,11.00],
[98.00,13.50],
[102.00,13.00],
[147.00,7.50],
[184.00,3.00],
[180.00,5.00],
[132.00,9.50],
[176.00,7.00],
[189.00,1.50],
*****************************t=54*****************************
55 generation time: 4.73 s
[123.00,11.00],
[98.00,13.50],
[102.00,13.00],
[147.00,7.50],
[184.00,3.00],
[177.00,4.50],
[132.00,9.50],
[176.00,7.00],
[189.00,1.50],
*****************************t=55*****************************
56 generation time: 4.80 s
[123.00,11.00],
[98.00,13.50],
[102.00,13.00],
[147.00,7.50],
[184.00,3.00],
[177.00,4.50],
[132.00,9.50],
[176.00,7.00],
[189.00,1.50],
*****************************t=56*****************************
57 generation time: 4.90 s
[123.00,11.00],
[98.00,13.50],
[102.00,13.00],
[147.00,7.50],
[184.00,3.00],
[177.00,4.50],
[132.00,9.50],
[176.00,7.00],
[189.00,1.50],
*****************************t=57*****************************
58 generation time: 4.98 s
[123.00,11.00],
[98.00,13.50],
[102.00,13.00],
[147.00,7.50],
[184.00,3.00],
[177.00,4.50],
[132.00,9.50],
[176.00,7.00],
[189.00,1.50],
*****************************t=58*****************************
59 generation time: 5.05 s
[123.00,11.00],
[98.00,13.50],
[102.00,13.00],
[147.00,7.50],
[184.00,3.00],
[177.00,4.50],
[132.00,9.50],
[172.00,7.00],
[189.00,1.50],
*****************************t=59*****************************
60 generation time: 5.13 s
[123.00,11.00],
[98.00,13.50],
[102.00,13.00],
[147.00,7.50],
[184.00,3.00],
[177.00,4.50],
[132.00,9.50],
[172.00,7.00],
[189.00,1.50],
*****************************t=60*****************************
61 generation time: 5.23 s
[123.00,11.00],
[98.00,13.50],
[102.00,13.00],
[147.00,7.50],
[184.00,3.00],
[177.00,4.50],
[132.00,9.50],
[172.00,7.00],
[189.00,1.50],
*****************************t=61*****************************
62 generation time: 5.30 s
[123.00,11.00],
[98.00,13.50],
[102.00,13.00],
[147.00,7.50],
[184.00,3.00],
[177.00,4.50],
[132.00,9.50],
[172.00,7.00],
[189.00,1.50],
*****************************t=62*****************************
63 generation time: 5.38 s
[123.00,11.00],
[98.00,13.50],
[102.00,13.00],
[147.00,7.50],
[184.00,3.00],
[177.00,4.50],
[132.00,9.50],
[172.00,7.00],
[189.00,1.50],
*****************************t=63*****************************
64 generation time: 5.46 s
[123.00,11.00],
[98.00,13.50],
[102.00,13.00],
[147.00,7.50],
[184.00,3.00],
[177.00,4.50],
[132.00,9.50],
[172.00,7.00],
[189.00,1.50],
*****************************t=64*****************************
65 generation time: 5.54 s
[123.00,11.00],
[98.00,13.50],
[102.00,13.00],
[147.00,7.50],
[184.00,3.00],
[177.00,4.50],
[132.00,9.50],
[172.00,7.00],
[189.00,1.50],
*****************************t=65*****************************
66 generation time: 5.62 s
[123.00,11.00],
[98.00,13.50],
[102.00,13.00],
[147.00,7.50],
[184.00,3.00],
[177.00,4.50],
[132.00,9.50],
[172.00,7.00],
[189.00,1.50],
*****************************t=66*****************************
67 generation time: 5.71 s
[123.00,11.00],
[98.00,13.50],
[102.00,13.00],
[147.00,7.50],
[184.00,3.00],
[177.00,4.50],
[132.00,9.50],
[172.00,7.00],
[189.00,1.50],
*****************************t=67*****************************
68 generation time: 5.79 s
[123.00,11.00],
[98.00,13.50],
[102.00,13.00],
[147.00,7.50],
[184.00,3.00],
[177.00,4.50],
[132.00,9.50],
[172.00,7.00],
[189.00,1.50],
*****************************t=68*****************************
69 generation time: 5.88 s
[123.00,11.00],
[98.00,13.50],
[102.00,13.00],
[147.00,7.50],
[184.00,3.00],
[177.00,4.50],
[132.00,9.50],
[172.00,7.00],
[189.00,1.50],
*****************************t=69*****************************
70 generation time: 5.98 s
[123.00,11.00],
[98.00,13.50],
[102.00,13.00],
[147.00,7.50],
[184.00,3.00],
[177.00,4.50],
[132.00,9.50],
[172.00,7.00],
[189.00,1.50],
*****************************t=70*****************************
71 generation time: 6.05 s
[118.00,9.00],
[98.00,13.50],
[101.00,13.00],
[147.00,7.50],
[184.00,3.00],
[177.00,4.50],
[172.00,7.00],
[189.00,1.50],
*****************************t=71*****************************
72 generation time: 6.15 s
[118.00,9.00],
[98.00,13.50],
[101.00,13.00],
[147.00,7.50],
[184.00,3.00],
[177.00,4.50],
[172.00,7.00],
[189.00,1.50],
*****************************t=72*****************************
73 generation time: 6.21 s
[118.00,9.00],
[98.00,13.50],
[101.00,13.00],
[147.00,7.50],
[184.00,3.00],
[177.00,4.50],
[172.00,7.00],
[189.00,1.50],
*****************************t=73*****************************
74 generation time: 6.32 s
[118.00,9.00],
[98.00,13.50],
[101.00,13.00],
[127.00,7.50],
[184.00,3.00],
[177.00,4.50],
[165.00,7.00],
[189.00,1.50],
*****************************t=74*****************************
75 generation time: 6.42 s
[118.00,9.00],
[98.00,13.50],
[101.00,13.00],
[127.00,7.50],
[184.00,3.00],
[177.00,4.50],
[165.00,7.00],
[189.00,1.50],
*****************************t=75*****************************
76 generation time: 6.52 s
[118.00,9.00],
[98.00,13.50],
[101.00,13.00],
[127.00,7.50],
[184.00,3.00],
[177.00,4.50],
[165.00,7.00],
[189.00,1.50],
*****************************t=76*****************************
77 generation time: 6.61 s
[118.00,9.00],
[98.00,13.50],
[101.00,13.00],
[127.00,7.50],
[184.00,3.00],
[177.00,4.50],
[165.00,7.00],
[189.00,1.50],
*****************************t=77*****************************
78 generation time: 6.71 s
[118.00,9.00],
[98.00,13.50],
[101.00,13.00],
[127.00,7.50],
[184.00,3.00],
[177.00,4.50],
[165.00,7.00],
[189.00,1.50],
*****************************t=78*****************************
79 generation time: 6.80 s
[118.00,9.00],
[98.00,13.50],
[101.00,13.00],
[127.00,7.50],
[184.00,3.00],
[177.00,4.50],
[165.00,7.00],
[189.00,1.50],
*****************************t=79*****************************
80 generation time: 6.90 s
[118.00,9.00],
[98.00,13.50],
[101.00,13.00],
[127.00,7.50],
[184.00,3.00],
[177.00,4.50],
[165.00,7.00],
[189.00,1.50],
*****************************t=80*****************************
81 generation time: 7.00 s
[118.00,9.00],
[98.00,13.50],
[101.00,13.00],
[127.00,7.50],
[184.00,3.00],
[177.00,4.50],
[165.00,7.00],
[189.00,1.50],
*****************************t=81*****************************
82 generation time: 7.08 s
[118.00,9.00],
[98.00,13.50],
[101.00,13.00],
[127.00,7.50],
[184.00,3.00],
[177.00,4.50],
[165.00,7.00],
[189.00,1.50],
*****************************t=82*****************************
83 generation time: 7.17 s
[118.00,9.00],
[98.00,13.50],
[101.00,13.00],
[127.00,7.50],
[184.00,3.00],
[177.00,4.50],
[165.00,7.00],
[189.00,1.50],
*****************************t=83*****************************
84 generation time: 7.26 s
[118.00,9.00],
[98.00,13.50],
[101.00,13.00],
[127.00,7.50],
[184.00,3.00],
[177.00,4.50],
[165.00,7.00],
[189.00,1.50],
*****************************t=84*****************************
85 generation time: 7.36 s
[118.00,9.00],
[98.00,13.50],
[101.00,13.00],
[127.00,7.50],
[184.00,3.00],
[177.00,4.50],
[165.00,7.00],
[189.00,1.50],
*****************************t=85*****************************
86 generation time: 7.46 s
[118.00,9.00],
[98.00,13.50],
[101.00,13.00],
[127.00,7.50],
[184.00,3.00],
[177.00,4.50],
[165.00,7.00],
[189.00,1.50],
*****************************t=86*****************************
87 generation time: 7.54 s
[118.00,9.00],
[98.00,13.50],
[101.00,13.00],
[127.00,7.50],
[184.00,3.00],
[177.00,4.50],
[165.00,7.00],
[189.00,1.50],
*****************************t=87*****************************
88 generation time: 7.63 s
[118.00,9.00],
[98.00,13.50],
[101.00,13.00],
[127.00,7.50],
[184.00,3.00],
[177.00,4.50],
[165.00,7.00],
[189.00,1.50],
*****************************t=88*****************************
89 generation time: 7.73 s
[118.00,9.00],
[98.00,13.50],
[101.00,13.00],
[127.00,7.50],
[184.00,3.00],
[177.00,4.50],
[165.00,7.00],
[189.00,1.50],
*****************************t=89*****************************
90 generation time: 7.82 s
[118.00,9.00],
[98.00,13.50],
[101.00,13.00],
[127.00,7.50],
[184.00,3.00],
[177.00,4.50],
[165.00,7.00],
[189.00,1.50],
*****************************t=90*****************************
91 generation time: 7.90 s
[118.00,9.00],
[98.00,13.50],
[101.00,13.00],
[127.00,7.50],
[184.00,3.00],
[177.00,4.50],
[165.00,7.00],
[186.00,1.50],
*****************************t=91*****************************
92 generation time: 7.98 s
[118.00,9.00],
[98.00,13.50],
[101.00,13.00],
[127.00,7.50],
[184.00,3.00],
[177.00,4.50],
[165.00,7.00],
[186.00,1.50],
*****************************t=92*****************************
93 generation time: 8.06 s
[118.00,9.00],
[98.00,13.50],
[101.00,13.00],
[127.00,7.50],
[184.00,3.00],
[177.00,4.50],
[163.00,7.00],
[186.00,1.50],
*****************************t=93*****************************
94 generation time: 8.14 s
[118.00,9.00],
[98.00,13.50],
[101.00,13.00],
[127.00,7.50],
[184.00,3.00],
[177.00,4.50],
[163.00,7.00],
[186.00,1.50],
*****************************t=94*****************************
95 generation time: 8.20 s
[118.00,9.00],
[98.00,13.50],
[101.00,13.00],
[127.00,7.50],
[184.00,3.00],
[177.00,4.50],
[163.00,7.00],
[186.00,1.50],
*****************************t=95*****************************
96 generation time: 8.29 s
[118.00,9.00],
[98.00,13.50],
[101.00,13.00],
[127.00,7.50],
[184.00,3.00],
[177.00,4.50],
[163.00,7.00],
[186.00,1.50],
*****************************t=96*****************************
97 generation time: 8.39 s
[118.00,9.00],
[98.00,13.50],
[101.00,13.00],
[127.00,7.50],
[184.00,3.00],
[177.00,4.50],
[163.00,7.00],
[186.00,1.50],
*****************************t=97*****************************
98 generation time: 8.48 s
[118.00,9.00],
[98.00,13.50],
[101.00,13.00],
[127.00,7.50],
[184.00,3.00],
[177.00,4.50],
[163.00,7.00],
[186.00,1.50],
*****************************t=98*****************************
99 generation time: 8.57 s
[118.00,9.00],
[98.00,13.50],
[101.00,13.00],
[127.00,7.50],
[184.00,3.00],
[177.00,4.50],
[163.00,7.00],
[186.00,1.50],
*****************************t=99*****************************
100 generation time: 8.67 s
[118.00,9.00],
[98.00,13.50],
[101.00,13.00],
[127.00,7.50],
[184.00,3.00],
[177.00,4.50],
[163.00,7.00],
[186.00,1.50],
[118.00,9.00],
[98.00,13.50],
[101.00,13.00],
[127.00,7.50],
[184.00,3.00],
[177.00,4.50],
[163.00,7.00],
[186.00,1.50],
tot = 8
total time: 8.71 s
