m = 4 n = 10
pop = 30 gen = 100
init...begin
init...done
*****************************t=0*****************************
time to convergence: 0.06 s	
time to convergence: 0.06 s	
time to convergence: 0.06 s	
time to convergence: 0.06 s	
1 generation time: 0.09 s
[117.00,26.50],
[225.00,7.00],
[165.00,10.50],
[195.00,9.00],
[161.00,17.50],
*****************************t=1*****************************
time to convergence: 0.14 s	
time to convergence: 0.14 s	
time to convergence: 0.14 s	
2 generation time: 0.17 s
[117.00,26.50],
[180.00,7.00],
[165.00,10.50],
[148.00,15.50],
[132.00,21.00],
[199.00,3.00],
[114.00,35.00],
*****************************t=2*****************************
time to convergence: 0.25 s	
3 generation time: 0.29 s
[117.00,26.50],
[180.00,7.00],
[165.00,10.50],
[148.00,15.50],
[132.00,21.00],
[199.00,3.00],
[114.00,35.00],
[155.00,11.00],
*****************************t=3*****************************
time to convergence: 0.35 s	
4 generation time: 0.39 s
[117.00,26.50],
[180.00,7.00],
[165.00,10.50],
[148.00,15.50],
[132.00,21.00],
[199.00,3.00],
[114.00,35.00],
[155.00,11.00],
[185.00,3.50],
*****************************t=4*****************************
time to convergence: 0.45 s	
5 generation time: 0.49 s
[117.00,26.50],
[180.00,7.00],
[165.00,10.50],
[148.00,15.50],
[132.00,21.00],
[199.00,3.00],
[114.00,35.00],
[155.00,11.00],
[185.00,3.50],
[177.00,9.50],
*****************************t=5*****************************
6 generation time: 0.58 s
[110.00,25.00],
[180.00,7.00],
[165.00,10.50],
[148.00,15.50],
[132.00,21.00],
[199.00,3.00],
[155.00,11.00],
[185.00,3.50],
[177.00,9.50],
*****************************t=6*****************************
7 generation time: 0.68 s
[110.00,25.00],
[180.00,7.00],
[165.00,10.50],
[148.00,15.50],
[132.00,21.00],
[199.00,3.00],
[155.00,11.00],
[185.00,3.50],
[176.00,9.50],
*****************************t=7*****************************
time to convergence: 0.74 s	
time to convergence: 0.74 s	
8 generation time: 0.77 s
[110.00,25.00],
[180.00,7.00],
[152.00,10.50],
[148.00,15.50],
[132.00,21.00],
[199.00,3.00],
[185.00,3.50],
[176.00,9.50],
[131.00,23.00],
[177.00,9.00],
*****************************t=8*****************************
9 generation time: 0.87 s
[110.00,25.00],
[180.00,7.00],
[118.00,9.00],
[199.00,3.00],
[185.00,3.50],
[177.00,7.50],
*****************************t=9*****************************
10 generation time: 0.98 s
[108.00,13.00],
[180.00,7.00],
[118.00,9.00],
[199.00,3.00],
[185.00,3.50],
[177.00,7.50],
*****************************t=10*****************************
11 generation time: 1.09 s
[108.00,13.00],
[180.00,7.00],
[118.00,9.00],
[199.00,3.00],
[185.00,3.50],
[177.00,7.50],
*****************************t=11*****************************
12 generation time: 1.20 s
[108.00,13.00],
[180.00,7.00],
[118.00,9.00],
[186.00,3.00],
[185.00,3.50],
[177.00,7.50],
*****************************t=12*****************************
time to convergence: 1.27 s	
13 generation time: 1.30 s
[108.00,13.00],
[175.00,5.50],
[118.00,9.00],
[186.00,3.00],
[185.00,3.50],
[107.00,27.50],
*****************************t=13*****************************
time to convergence: 1.36 s	
14 generation time: 1.40 s
[108.00,13.00],
[175.00,5.50],
[118.00,9.00],
[186.00,3.00],
[185.00,3.50],
[107.00,27.50],
[140.00,7.50],
*****************************t=14*****************************
15 generation time: 1.50 s
[108.00,13.00],
[175.00,5.50],
[118.00,9.00],
[186.00,3.00],
[185.00,3.50],
[107.00,27.50],
[140.00,7.50],
*****************************t=15*****************************
16 generation time: 1.61 s
[108.00,13.00],
[175.00,5.50],
[118.00,9.00],
[186.00,3.00],
[185.00,3.50],
[107.00,27.50],
[140.00,7.50],
*****************************t=16*****************************
17 generation time: 1.70 s
[108.00,13.00],
[175.00,5.50],
[118.00,9.00],
[186.00,3.00],
[185.00,3.50],
[107.00,27.50],
[140.00,7.50],
*****************************t=17*****************************
18 generation time: 1.82 s
[108.00,13.00],
[175.00,5.50],
[118.00,9.00],
[186.00,3.00],
[185.00,3.50],
[107.00,27.50],
[140.00,7.50],
*****************************t=18*****************************
19 generation time: 1.93 s
[108.00,13.00],
[175.00,5.50],
[118.00,9.00],
[186.00,3.00],
[185.00,3.50],
[107.00,27.50],
[140.00,7.50],
*****************************t=19*****************************
20 generation time: 2.05 s
[108.00,13.00],
[175.00,5.50],
[118.00,9.00],
[186.00,3.00],
[185.00,3.50],
[107.00,27.50],
[140.00,7.50],
*****************************t=20*****************************
21 generation time: 2.16 s
[108.00,13.00],
[175.00,5.50],
[118.00,9.00],
[186.00,3.00],
[185.00,3.50],
[107.00,27.50],
[140.00,7.50],
*****************************t=21*****************************
22 generation time: 2.27 s
[108.00,13.00],
[175.00,5.50],
[118.00,9.00],
[186.00,3.00],
[185.00,3.50],
[107.00,27.50],
[140.00,7.50],
*****************************t=22*****************************
23 generation time: 2.38 s
[108.00,13.00],
[175.00,5.50],
[118.00,9.00],
[186.00,3.00],
[185.00,3.50],
[107.00,27.50],
[140.00,7.50],
*****************************t=23*****************************
24 generation time: 2.49 s
[108.00,13.00],
[175.00,5.50],
[118.00,9.00],
[186.00,3.00],
[185.00,3.50],
[107.00,27.50],
[140.00,7.50],
*****************************t=24*****************************
25 generation time: 2.59 s
[108.00,13.00],
[175.00,5.50],
[118.00,9.00],
[186.00,3.00],
[185.00,3.50],
[107.00,27.50],
[140.00,7.50],
*****************************t=25*****************************
26 generation time: 2.70 s
[108.00,13.00],
[175.00,5.50],
[118.00,9.00],
[186.00,3.00],
[185.00,3.50],
[107.00,27.50],
[140.00,7.50],
*****************************t=26*****************************
27 generation time: 2.81 s
[108.00,13.00],
[175.00,5.50],
[118.00,9.00],
[186.00,3.00],
[185.00,3.50],
[107.00,27.50],
[140.00,7.50],
*****************************t=27*****************************
28 generation time: 2.92 s
[108.00,13.00],
[175.00,5.50],
[118.00,9.00],
[186.00,3.00],
[185.00,3.50],
[107.00,27.50],
[140.00,7.50],
*****************************t=28*****************************
29 generation time: 3.03 s
[102.00,13.00],
[175.00,5.50],
[118.00,9.00],
[186.00,3.00],
[185.00,3.50],
[140.00,7.50],
*****************************t=29*****************************
30 generation time: 3.12 s
[102.00,13.00],
[175.00,5.50],
[118.00,9.00],
[186.00,3.00],
[185.00,3.50],
[140.00,7.50],
*****************************t=30*****************************
31 generation time: 3.21 s
[102.00,13.00],
[175.00,5.50],
[118.00,9.00],
[186.00,3.00],
[185.00,3.50],
[140.00,7.50],
*****************************t=31*****************************
32 generation time: 3.32 s
[102.00,13.00],
[175.00,5.50],
[118.00,9.00],
[186.00,3.00],
[185.00,3.50],
[140.00,7.50],
*****************************t=32*****************************
33 generation time: 3.43 s
[102.00,13.00],
[175.00,5.50],
[118.00,9.00],
[186.00,3.00],
[185.00,3.50],
[140.00,7.50],
*****************************t=33*****************************
34 generation time: 3.53 s
[102.00,13.00],
[175.00,5.50],
[118.00,9.00],
[186.00,3.00],
[185.00,3.50],
[140.00,7.50],
*****************************t=34*****************************
35 generation time: 3.64 s
[102.00,13.00],
[175.00,5.50],
[118.00,9.00],
[186.00,3.00],
[185.00,3.50],
[140.00,7.50],
*****************************t=35*****************************
36 generation time: 3.74 s
[102.00,13.00],
[175.00,5.50],
[118.00,9.00],
[186.00,3.00],
[185.00,3.50],
[140.00,7.50],
*****************************t=36*****************************
37 generation time: 3.86 s
[102.00,13.00],
[175.00,5.50],
[118.00,9.00],
[186.00,3.00],
[185.00,3.50],
[140.00,7.50],
*****************************t=37*****************************
38 generation time: 3.96 s
[102.00,13.00],
[175.00,5.50],
[118.00,9.00],
[186.00,3.00],
[185.00,3.50],
[140.00,7.50],
*****************************t=38*****************************
39 generation time: 4.07 s
[102.00,13.00],
[175.00,5.50],
[118.00,9.00],
[186.00,3.00],
[185.00,3.50],
[140.00,7.50],
*****************************t=39*****************************
40 generation time: 4.18 s
[102.00,13.00],
[175.00,5.50],
[118.00,9.00],
[186.00,3.00],
[185.00,3.50],
[140.00,7.50],
*****************************t=40*****************************
41 generation time: 4.29 s
[102.00,13.00],
[175.00,5.50],
[118.00,9.00],
[186.00,3.00],
[185.00,3.50],
[140.00,7.50],
*****************************t=41*****************************
42 generation time: 4.40 s
[102.00,13.00],
[175.00,5.50],
[118.00,9.00],
[186.00,3.00],
[185.00,3.50],
[140.00,7.50],
*****************************t=42*****************************
43 generation time: 4.50 s
[102.00,13.00],
[175.00,5.50],
[118.00,9.00],
[186.00,3.00],
[185.00,3.50],
[140.00,7.50],
*****************************t=43*****************************
44 generation time: 4.61 s
[102.00,13.00],
[175.00,5.50],
[118.00,9.00],
[186.00,3.00],
[185.00,3.50],
[140.00,7.50],
*****************************t=44*****************************
45 generation time: 4.73 s
[102.00,13.00],
[175.00,5.50],
[118.00,9.00],
[186.00,3.00],
[185.00,3.50],
[140.00,7.50],
*****************************t=45*****************************
46 generation time: 4.83 s
[102.00,13.00],
[175.00,5.50],
[118.00,9.00],
[186.00,3.00],
[185.00,3.50],
[140.00,7.50],
*****************************t=46*****************************
47 generation time: 4.92 s
[102.00,13.00],
[175.00,5.50],
[118.00,9.00],
[186.00,3.00],
[185.00,3.50],
[140.00,7.50],
*****************************t=47*****************************
48 generation time: 5.03 s
[102.00,13.00],
[175.00,5.50],
[118.00,9.00],
[186.00,3.00],
[185.00,3.50],
[140.00,7.50],
*****************************t=48*****************************
49 generation time: 5.14 s
[102.00,13.00],
[175.00,5.50],
[118.00,9.00],
[186.00,3.00],
[185.00,3.50],
[140.00,7.50],
*****************************t=49*****************************
50 generation time: 5.25 s
[102.00,13.00],
[175.00,5.50],
[118.00,9.00],
[186.00,3.00],
[185.00,3.50],
[140.00,7.50],
*****************************t=50*****************************
51 generation time: 5.34 s
[102.00,13.00],
[175.00,5.50],
[118.00,9.00],
[186.00,3.00],
[185.00,3.50],
[140.00,7.50],
*****************************t=51*****************************
52 generation time: 5.45 s
[102.00,13.00],
[175.00,5.50],
[118.00,9.00],
[186.00,1.50],
[185.00,3.50],
[140.00,7.50],
*****************************t=52*****************************
53 generation time: 5.55 s
[102.00,13.00],
[175.00,5.50],
[118.00,9.00],
[186.00,1.50],
[185.00,3.50],
[140.00,7.50],
*****************************t=53*****************************
54 generation time: 5.64 s
[102.00,13.00],
[175.00,5.50],
[118.00,9.00],
[186.00,1.50],
[185.00,3.50],
[140.00,7.50],
*****************************t=54*****************************
55 generation time: 5.74 s
[102.00,13.00],
[175.00,5.50],
[118.00,9.00],
[186.00,1.50],
[185.00,3.50],
[140.00,7.50],
*****************************t=55*****************************
56 generation time: 5.85 s
[102.00,13.00],
[175.00,5.50],
[118.00,9.00],
[186.00,1.50],
[185.00,3.50],
[140.00,7.50],
*****************************t=56*****************************
57 generation time: 5.96 s
[102.00,13.00],
[175.00,5.50],
[118.00,9.00],
[186.00,1.50],
[185.00,3.50],
[140.00,7.50],
*****************************t=57*****************************
58 generation time: 6.07 s
[102.00,13.00],
[175.00,5.50],
[118.00,9.00],
[186.00,1.50],
[185.00,3.50],
[140.00,7.50],
*****************************t=58*****************************
59 generation time: 6.17 s
[102.00,13.00],
[175.00,5.50],
[118.00,9.00],
[186.00,1.50],
[185.00,3.50],
[140.00,7.50],
*****************************t=59*****************************
60 generation time: 6.28 s
[102.00,13.00],
[175.00,5.50],
[118.00,9.00],
[186.00,1.50],
[185.00,3.50],
[140.00,7.50],
*****************************t=60*****************************
61 generation time: 6.38 s
[102.00,13.00],
[175.00,5.50],
[118.00,9.00],
[186.00,1.50],
[185.00,3.50],
[140.00,7.50],
*****************************t=61*****************************
62 generation time: 6.51 s
[102.00,13.00],
[175.00,5.50],
[118.00,9.00],
[186.00,1.50],
[185.00,3.50],
[140.00,7.50],
*****************************t=62*****************************
63 generation time: 6.63 s
[102.00,13.00],
[175.00,5.50],
[118.00,9.00],
[186.00,1.50],
[185.00,3.50],
[140.00,7.50],
*****************************t=63*****************************
64 generation time: 6.75 s
[102.00,13.00],
[175.00,5.50],
[118.00,9.00],
[186.00,1.50],
[185.00,3.50],
[140.00,7.50],
*****************************t=64*****************************
65 generation time: 6.86 s
[102.00,13.00],
[175.00,5.50],
[118.00,9.00],
[186.00,1.50],
[185.00,3.50],
[140.00,7.50],
*****************************t=65*****************************
66 generation time: 6.97 s
[102.00,13.00],
[175.00,5.50],
[118.00,9.00],
[186.00,1.50],
[185.00,3.50],
[140.00,7.50],
*****************************t=66*****************************
67 generation time: 7.09 s
[102.00,13.00],
[175.00,5.50],
[118.00,9.00],
[186.00,1.50],
[185.00,3.50],
[140.00,7.50],
*****************************t=67*****************************
68 generation time: 7.20 s
[102.00,13.00],
[175.00,5.50],
[118.00,9.00],
[186.00,1.50],
[185.00,3.50],
[140.00,7.50],
*****************************t=68*****************************
69 generation time: 7.31 s
[102.00,13.00],
[175.00,5.50],
[118.00,9.00],
[186.00,1.50],
[185.00,3.50],
[140.00,7.50],
*****************************t=69*****************************
70 generation time: 7.42 s
[102.00,13.00],
[175.00,5.50],
[118.00,9.00],
[186.00,1.50],
[185.00,3.50],
[140.00,7.50],
*****************************t=70*****************************
71 generation time: 7.53 s
[102.00,13.00],
[175.00,5.50],
[118.00,9.00],
[186.00,1.50],
[185.00,3.50],
[140.00,7.50],
*****************************t=71*****************************
72 generation time: 7.63 s
[102.00,13.00],
[175.00,5.50],
[118.00,9.00],
[186.00,1.50],
[185.00,3.50],
[140.00,7.50],
*****************************t=72*****************************
73 generation time: 7.74 s
[102.00,13.00],
[175.00,5.50],
[118.00,9.00],
[186.00,1.50],
[185.00,3.50],
[140.00,7.50],
*****************************t=73*****************************
74 generation time: 7.85 s
[102.00,13.00],
[175.00,5.50],
[118.00,9.00],
[186.00,1.50],
[185.00,3.50],
[140.00,7.50],
*****************************t=74*****************************
75 generation time: 7.96 s
[102.00,13.00],
[175.00,5.50],
[118.00,9.00],
[186.00,1.50],
[185.00,3.50],
[140.00,7.50],
*****************************t=75*****************************
76 generation time: 8.07 s
[102.00,13.00],
[175.00,5.50],
[118.00,9.00],
[186.00,1.50],
[185.00,3.50],
[140.00,7.50],
*****************************t=76*****************************
time to convergence: 8.14 s	
77 generation time: 8.19 s
[100.00,13.00],
[175.00,5.50],
[118.00,9.00],
[186.00,1.50],
[185.00,3.50],
[140.00,7.50],
*****************************t=77*****************************
78 generation time: 8.31 s
[100.00,13.00],
[175.00,5.50],
[118.00,9.00],
[186.00,1.50],
[185.00,3.50],
[140.00,7.50],
*****************************t=78*****************************
79 generation time: 8.42 s
[100.00,13.00],
[175.00,5.50],
[118.00,9.00],
[186.00,1.50],
[185.00,3.50],
[140.00,7.50],
*****************************t=79*****************************
80 generation time: 8.53 s
[100.00,13.00],
[175.00,5.50],
[118.00,9.00],
[186.00,1.50],
[185.00,3.50],
[140.00,7.50],
*****************************t=80*****************************
81 generation time: 8.68 s
[100.00,13.00],
[175.00,5.50],
[118.00,9.00],
[186.00,1.50],
[185.00,3.50],
[140.00,7.50],
*****************************t=81*****************************
82 generation time: 8.85 s
[100.00,13.00],
[175.00,5.50],
[118.00,9.00],
[186.00,1.50],
[185.00,3.50],
[140.00,7.50],
*****************************t=82*****************************
83 generation time: 8.96 s
[100.00,13.00],
[175.00,5.50],
[118.00,9.00],
[186.00,1.50],
[185.00,3.50],
[140.00,7.50],
*****************************t=83*****************************
84 generation time: 9.07 s
[100.00,13.00],
[175.00,5.50],
[118.00,9.00],
[186.00,1.50],
[185.00,3.50],
[140.00,7.50],
*****************************t=84*****************************
85 generation time: 9.18 s
[100.00,13.00],
[175.00,5.50],
[118.00,9.00],
[186.00,1.50],
[185.00,3.50],
[140.00,7.50],
*****************************t=85*****************************
86 generation time: 9.31 s
[100.00,13.00],
[175.00,5.50],
[118.00,9.00],
[186.00,1.50],
[185.00,3.50],
[140.00,7.50],
*****************************t=86*****************************
87 generation time: 9.42 s
[100.00,13.00],
[175.00,5.50],
[118.00,9.00],
[186.00,1.50],
[185.00,3.50],
[140.00,7.50],
*****************************t=87*****************************
88 generation time: 9.54 s
[100.00,13.00],
[175.00,5.50],
[118.00,9.00],
[186.00,1.50],
[185.00,3.50],
[140.00,7.50],
*****************************t=88*****************************
89 generation time: 9.64 s
[100.00,13.00],
[175.00,5.50],
[118.00,9.00],
[186.00,1.50],
[185.00,3.50],
[140.00,7.50],
*****************************t=89*****************************
90 generation time: 9.74 s
[100.00,13.00],
[175.00,5.50],
[118.00,9.00],
[186.00,1.50],
[185.00,3.50],
[140.00,7.50],
*****************************t=90*****************************
91 generation time: 9.85 s
[100.00,13.00],
[175.00,5.50],
[118.00,9.00],
[186.00,1.50],
[185.00,3.50],
[140.00,7.50],
*****************************t=91*****************************
92 generation time: 9.96 s
[100.00,13.00],
[175.00,5.50],
[118.00,9.00],
[186.00,1.50],
[185.00,3.50],
[140.00,7.50],
*****************************t=92*****************************
93 generation time: 10.06 s
[100.00,13.00],
[175.00,5.50],
[118.00,9.00],
[186.00,1.50],
[185.00,3.50],
[140.00,7.50],
*****************************t=93*****************************
94 generation time: 10.17 s
[100.00,13.00],
[175.00,5.50],
[118.00,9.00],
[186.00,1.50],
[185.00,3.50],
[140.00,7.50],
*****************************t=94*****************************
95 generation time: 10.27 s
[100.00,13.00],
[175.00,5.50],
[118.00,9.00],
[186.00,1.50],
[185.00,3.50],
[140.00,7.50],
*****************************t=95*****************************
96 generation time: 10.38 s
[100.00,13.00],
[175.00,5.50],
[118.00,9.00],
[186.00,1.50],
[185.00,3.50],
[140.00,7.50],
*****************************t=96*****************************
97 generation time: 10.49 s
[100.00,13.00],
[175.00,5.50],
[118.00,9.00],
[186.00,1.50],
[185.00,3.50],
[140.00,7.50],
*****************************t=97*****************************
98 generation time: 10.60 s
[100.00,13.00],
[175.00,5.50],
[118.00,9.00],
[186.00,1.50],
[185.00,3.50],
[140.00,7.50],
*****************************t=98*****************************
99 generation time: 10.71 s
[100.00,13.00],
[175.00,5.50],
[118.00,9.00],
[186.00,1.50],
[185.00,3.50],
[140.00,7.50],
*****************************t=99*****************************
100 generation time: 10.81 s
[100.00,13.00],
[175.00,5.50],
[118.00,9.00],
[186.00,1.50],
[185.00,3.50],
[140.00,7.50],
[100.00,13.00],
[175.00,5.50],
[118.00,9.00],
[186.00,1.50],
[185.00,3.50],
[140.00,7.50],
tot = 6
total time: 10.88 s
