m = 4 n = 10
pop = 30 gen = 100
init...begin
init...done
*****************************t=0*****************************
time to convergence: 0.06 s	
time to convergence: 0.06 s	
time to convergence: 0.06 s	
time to convergence: 0.06 s	
time to convergence: 0.06 s	
1 generation time: 0.10 s
[114.00,27.00],
[176.00,21.00],
[164.00,23.00],
[150.00,25.00],
[195.00,8.50],
[177.00,11.00],
*****************************t=1*****************************
2 generation time: 0.19 s
[114.00,27.00],
[176.00,19.50],
[164.00,23.00],
[150.00,25.00],
[195.00,8.50],
[177.00,11.00],
*****************************t=2*****************************
time to convergence: 0.25 s	
time to convergence: 0.25 s	
3 generation time: 0.28 s
[114.00,27.00],
[176.00,19.50],
[164.00,23.00],
[150.00,25.00],
[195.00,8.50],
[177.00,11.00],
[125.00,26.50],
[202.00,6.50],
*****************************t=3*****************************
4 generation time: 0.37 s
[114.00,27.00],
[159.00,11.00],
[150.00,22.50],
[195.00,8.50],
[125.00,26.50],
[202.00,6.50],
*****************************t=4*****************************
time to convergence: 0.44 s	
time to convergence: 0.44 s	
5 generation time: 0.47 s
[114.00,27.00],
[159.00,11.00],
[150.00,22.50],
[195.00,8.50],
[125.00,26.50],
[202.00,6.50],
[144.00,25.00],
[200.00,7.00],
*****************************t=5*****************************
6 generation time: 0.57 s
[114.00,27.00],
[148.00,11.00],
[128.00,13.00],
[195.00,8.50],
[125.00,26.50],
[198.00,5.00],
*****************************t=6*****************************
7 generation time: 0.66 s
[114.00,27.00],
[148.00,11.00],
[128.00,13.00],
[195.00,8.50],
[125.00,26.50],
[198.00,5.00],
*****************************t=7*****************************
time to convergence: 0.71 s	
8 generation time: 0.75 s
[114.00,27.00],
[148.00,11.00],
[128.00,13.00],
[195.00,8.50],
[122.00,26.50],
[198.00,5.00],
[202.00,3.00],
*****************************t=8*****************************
9 generation time: 0.85 s
[111.00,13.00],
[148.00,11.00],
[189.00,3.50],
[202.00,3.00],
*****************************t=9*****************************
time to convergence: 0.92 s	
10 generation time: 0.95 s
[111.00,13.00],
[148.00,11.00],
[189.00,3.50],
[202.00,3.00],
[180.00,9.00],
*****************************t=10*****************************
11 generation time: 1.05 s
[111.00,13.00],
[135.00,11.00],
[189.00,3.50],
[202.00,3.00],
[180.00,9.00],
*****************************t=11*****************************
12 generation time: 1.15 s
[111.00,13.00],
[135.00,11.00],
[189.00,3.50],
[202.00,3.00],
[173.00,9.00],
*****************************t=12*****************************
13 generation time: 1.25 s
[111.00,13.00],
[135.00,11.00],
[189.00,3.50],
[202.00,3.00],
[173.00,9.00],
*****************************t=13*****************************
14 generation time: 1.35 s
[111.00,13.00],
[135.00,11.00],
[189.00,3.50],
[202.00,3.00],
[173.00,9.00],
*****************************t=14*****************************
15 generation time: 1.44 s
[111.00,13.00],
[135.00,11.00],
[189.00,3.50],
[202.00,3.00],
[145.00,9.00],
*****************************t=15*****************************
16 generation time: 1.54 s
[111.00,13.00],
[135.00,11.00],
[189.00,3.50],
[202.00,3.00],
[145.00,9.00],
*****************************t=16*****************************
17 generation time: 1.64 s
[111.00,13.00],
[135.00,11.00],
[189.00,3.50],
[202.00,3.00],
[145.00,9.00],
*****************************t=17*****************************
18 generation time: 1.74 s
[111.00,13.00],
[135.00,11.00],
[189.00,3.50],
[202.00,3.00],
[145.00,9.00],
*****************************t=18*****************************
time to convergence: 1.80 s	
time to convergence: 1.80 s	
19 generation time: 1.84 s
[111.00,13.00],
[135.00,11.00],
[189.00,3.50],
[202.00,3.00],
[145.00,9.00],
[139.00,10.50],
[100.00,15.50],
*****************************t=19*****************************
20 generation time: 1.93 s
[111.00,13.00],
[133.00,11.00],
[189.00,3.50],
[202.00,3.00],
[145.00,9.00],
[139.00,10.50],
[100.00,15.50],
*****************************t=20*****************************
21 generation time: 2.02 s
[111.00,13.00],
[133.00,11.00],
[189.00,3.50],
[202.00,3.00],
[145.00,9.00],
[139.00,10.50],
[100.00,15.50],
*****************************t=21*****************************
time to convergence: 2.09 s	
22 generation time: 2.12 s
[111.00,13.00],
[133.00,11.00],
[189.00,3.50],
[202.00,3.00],
[145.00,9.00],
[139.00,10.50],
[100.00,15.50],
[170.00,7.50],
*****************************t=22*****************************
23 generation time: 2.21 s
[111.00,13.00],
[133.00,11.00],
[189.00,3.50],
[202.00,3.00],
[145.00,9.00],
[134.00,9.50],
[100.00,15.50],
[170.00,7.50],
*****************************t=23*****************************
24 generation time: 2.31 s
[111.00,13.00],
[128.00,9.00],
[189.00,3.50],
[202.00,3.00],
[100.00,15.50],
[170.00,7.50],
*****************************t=24*****************************
25 generation time: 2.42 s
[111.00,13.00],
[128.00,9.00],
[189.00,3.50],
[202.00,3.00],
[100.00,15.50],
[158.00,7.50],
*****************************t=25*****************************
26 generation time: 2.52 s
[111.00,13.00],
[128.00,9.00],
[189.00,3.50],
[202.00,3.00],
[100.00,15.50],
[158.00,7.50],
*****************************t=26*****************************
27 generation time: 2.63 s
[111.00,13.00],
[128.00,9.00],
[189.00,3.50],
[202.00,3.00],
[100.00,15.50],
[152.00,7.50],
*****************************t=27*****************************
time to convergence: 2.69 s	
28 generation time: 2.73 s
[111.00,13.00],
[128.00,9.00],
[189.00,3.50],
[202.00,3.00],
[100.00,15.50],
[152.00,7.50],
[118.00,11.00],
*****************************t=28*****************************
29 generation time: 2.82 s
[111.00,13.00],
[128.00,9.00],
[189.00,3.50],
[202.00,3.00],
[100.00,15.50],
[152.00,7.50],
[118.00,11.00],
*****************************t=29*****************************
30 generation time: 2.92 s
[100.00,13.00],
[128.00,9.00],
[189.00,3.50],
[202.00,3.00],
[152.00,7.50],
[118.00,11.00],
*****************************t=30*****************************
31 generation time: 3.03 s
[100.00,13.00],
[128.00,9.00],
[189.00,3.50],
[202.00,3.00],
[152.00,7.50],
[118.00,11.00],
*****************************t=31*****************************
32 generation time: 3.14 s
[100.00,13.00],
[128.00,9.00],
[189.00,3.50],
[202.00,3.00],
[152.00,7.50],
[118.00,11.00],
*****************************t=32*****************************
33 generation time: 3.25 s
[100.00,13.00],
[128.00,9.00],
[189.00,3.50],
[202.00,3.00],
[152.00,7.50],
[118.00,11.00],
*****************************t=33*****************************
34 generation time: 3.35 s
[100.00,13.00],
[128.00,9.00],
[189.00,3.50],
[202.00,3.00],
[152.00,7.50],
[118.00,11.00],
*****************************t=34*****************************
35 generation time: 3.46 s
[100.00,13.00],
[128.00,9.00],
[189.00,3.50],
[202.00,3.00],
[152.00,7.50],
[118.00,11.00],
*****************************t=35*****************************
36 generation time: 3.57 s
[100.00,13.00],
[128.00,9.00],
[189.00,3.50],
[202.00,3.00],
[152.00,7.50],
[118.00,11.00],
*****************************t=36*****************************
37 generation time: 3.68 s
[100.00,13.00],
[128.00,9.00],
[189.00,3.50],
[202.00,3.00],
[152.00,7.50],
[118.00,11.00],
*****************************t=37*****************************
38 generation time: 3.79 s
[100.00,13.00],
[128.00,9.00],
[189.00,3.50],
[202.00,3.00],
[152.00,7.50],
[118.00,11.00],
*****************************t=38*****************************
39 generation time: 3.89 s
[100.00,13.00],
[128.00,9.00],
[189.00,3.50],
[202.00,3.00],
[152.00,7.50],
[118.00,11.00],
*****************************t=39*****************************
time to convergence: 3.96 s	
40 generation time: 3.99 s
[100.00,13.00],
[128.00,9.00],
[189.00,3.50],
[202.00,3.00],
[152.00,7.50],
[118.00,11.00],
[99.00,19.50],
*****************************t=40*****************************
41 generation time: 4.10 s
[100.00,13.00],
[128.00,9.00],
[189.00,3.50],
[202.00,3.00],
[152.00,7.50],
[118.00,11.00],
[99.00,19.50],
*****************************t=41*****************************
42 generation time: 4.21 s
[100.00,13.00],
[128.00,9.00],
[189.00,3.50],
[202.00,3.00],
[152.00,7.50],
[118.00,11.00],
[99.00,19.50],
*****************************t=42*****************************
43 generation time: 4.33 s
[100.00,13.00],
[128.00,9.00],
[189.00,3.50],
[202.00,3.00],
[152.00,7.50],
[118.00,11.00],
[99.00,19.50],
*****************************t=43*****************************
44 generation time: 4.44 s
[100.00,13.00],
[128.00,9.00],
[189.00,3.50],
[202.00,3.00],
[152.00,7.50],
[118.00,11.00],
[99.00,19.50],
*****************************t=44*****************************
45 generation time: 4.55 s
[100.00,13.00],
[128.00,9.00],
[189.00,3.50],
[202.00,3.00],
[152.00,7.50],
[118.00,11.00],
[99.00,19.50],
*****************************t=45*****************************
46 generation time: 4.66 s
[100.00,13.00],
[128.00,9.00],
[189.00,3.50],
[202.00,3.00],
[152.00,7.50],
[118.00,11.00],
[99.00,19.50],
*****************************t=46*****************************
47 generation time: 4.76 s
[100.00,13.00],
[128.00,9.00],
[189.00,3.50],
[202.00,3.00],
[152.00,7.50],
[118.00,11.00],
[99.00,19.50],
*****************************t=47*****************************
48 generation time: 4.87 s
[100.00,13.00],
[128.00,9.00],
[189.00,3.50],
[202.00,3.00],
[152.00,7.50],
[118.00,11.00],
[99.00,19.50],
*****************************t=48*****************************
49 generation time: 4.97 s
[100.00,13.00],
[128.00,9.00],
[189.00,3.50],
[202.00,3.00],
[152.00,7.50],
[118.00,11.00],
[99.00,19.50],
*****************************t=49*****************************
50 generation time: 5.08 s
[100.00,13.00],
[128.00,9.00],
[189.00,3.50],
[202.00,3.00],
[152.00,7.50],
[118.00,11.00],
[99.00,19.50],
*****************************t=50*****************************
51 generation time: 5.19 s
[100.00,13.00],
[128.00,9.00],
[189.00,3.50],
[202.00,3.00],
[152.00,7.50],
[118.00,11.00],
[99.00,19.50],
*****************************t=51*****************************
52 generation time: 5.29 s
[100.00,13.00],
[128.00,9.00],
[189.00,3.50],
[202.00,3.00],
[152.00,7.50],
[118.00,11.00],
[99.00,19.50],
*****************************t=52*****************************
53 generation time: 5.40 s
[100.00,13.00],
[128.00,9.00],
[189.00,3.50],
[202.00,3.00],
[152.00,7.50],
[118.00,11.00],
[99.00,19.50],
*****************************t=53*****************************
time to convergence: 5.46 s	
54 generation time: 5.50 s
[100.00,13.00],
[128.00,9.00],
[189.00,3.50],
[202.00,3.00],
[152.00,7.50],
[118.00,11.00],
[99.00,19.50],
[179.00,5.50],
*****************************t=54*****************************
55 generation time: 5.60 s
[100.00,13.00],
[128.00,9.00],
[189.00,3.50],
[202.00,3.00],
[152.00,7.50],
[118.00,11.00],
[98.00,13.50],
[179.00,5.50],
*****************************t=55*****************************
56 generation time: 5.71 s
[100.00,13.00],
[128.00,9.00],
[189.00,3.50],
[202.00,3.00],
[152.00,7.50],
[118.00,11.00],
[98.00,13.50],
[179.00,5.50],
*****************************t=56*****************************
57 generation time: 5.82 s
[100.00,13.00],
[128.00,9.00],
[189.00,3.50],
[202.00,3.00],
[152.00,7.50],
[118.00,11.00],
[98.00,13.50],
[179.00,5.50],
*****************************t=57*****************************
58 generation time: 5.92 s
[100.00,13.00],
[128.00,9.00],
[189.00,3.50],
[202.00,3.00],
[152.00,7.50],
[118.00,11.00],
[98.00,13.50],
[179.00,5.50],
*****************************t=58*****************************
59 generation time: 6.03 s
[100.00,13.00],
[128.00,9.00],
[189.00,3.50],
[202.00,3.00],
[150.00,7.50],
[118.00,11.00],
[98.00,13.50],
[179.00,5.50],
*****************************t=59*****************************
60 generation time: 6.14 s
[100.00,13.00],
[128.00,9.00],
[189.00,3.50],
[202.00,3.00],
[150.00,7.50],
[118.00,11.00],
[98.00,13.50],
[179.00,5.50],
*****************************t=60*****************************
61 generation time: 6.24 s
[100.00,13.00],
[128.00,9.00],
[189.00,3.50],
[202.00,3.00],
[150.00,7.50],
[118.00,11.00],
[98.00,13.50],
[179.00,5.50],
*****************************t=61*****************************
62 generation time: 6.35 s
[100.00,13.00],
[128.00,9.00],
[189.00,3.50],
[202.00,3.00],
[150.00,7.50],
[118.00,11.00],
[98.00,13.50],
[179.00,5.50],
*****************************t=62*****************************
63 generation time: 6.45 s
[100.00,13.00],
[128.00,9.00],
[189.00,3.50],
[202.00,3.00],
[150.00,7.50],
[118.00,11.00],
[98.00,13.50],
[179.00,5.50],
*****************************t=63*****************************
64 generation time: 6.56 s
[100.00,13.00],
[128.00,9.00],
[189.00,3.50],
[202.00,3.00],
[150.00,7.50],
[118.00,11.00],
[98.00,13.50],
[179.00,5.50],
*****************************t=64*****************************
65 generation time: 6.65 s
[100.00,13.00],
[128.00,9.00],
[189.00,3.50],
[202.00,3.00],
[150.00,7.50],
[118.00,11.00],
[98.00,13.50],
[179.00,5.50],
*****************************t=65*****************************
66 generation time: 6.75 s
[100.00,13.00],
[128.00,9.00],
[189.00,3.50],
[202.00,3.00],
[150.00,7.50],
[118.00,11.00],
[98.00,13.50],
[179.00,5.50],
*****************************t=66*****************************
67 generation time: 6.85 s
[100.00,13.00],
[128.00,9.00],
[189.00,3.50],
[202.00,3.00],
[150.00,7.50],
[118.00,11.00],
[98.00,13.50],
[179.00,5.50],
*****************************t=67*****************************
68 generation time: 6.96 s
[100.00,13.00],
[128.00,9.00],
[189.00,3.50],
[202.00,3.00],
[150.00,7.50],
[118.00,11.00],
[98.00,13.50],
[179.00,5.50],
*****************************t=68*****************************
69 generation time: 7.06 s
[100.00,13.00],
[128.00,9.00],
[189.00,3.50],
[202.00,3.00],
[150.00,7.50],
[118.00,11.00],
[98.00,13.50],
[179.00,5.50],
*****************************t=69*****************************
70 generation time: 7.17 s
[100.00,13.00],
[128.00,9.00],
[189.00,3.50],
[202.00,3.00],
[150.00,7.50],
[118.00,11.00],
[98.00,13.50],
[179.00,5.50],
*****************************t=70*****************************
71 generation time: 7.28 s
[100.00,13.00],
[128.00,9.00],
[189.00,3.50],
[202.00,3.00],
[150.00,7.50],
[118.00,11.00],
[98.00,13.50],
[179.00,5.50],
*****************************t=71*****************************
72 generation time: 7.39 s
[100.00,13.00],
[128.00,9.00],
[189.00,3.50],
[202.00,3.00],
[150.00,7.50],
[118.00,11.00],
[98.00,13.50],
[179.00,5.50],
*****************************t=72*****************************
73 generation time: 7.49 s
[100.00,13.00],
[122.00,9.00],
[189.00,3.50],
[202.00,3.00],
[150.00,7.50],
[118.00,11.00],
[98.00,13.50],
[179.00,5.50],
*****************************t=73*****************************
74 generation time: 7.60 s
[100.00,13.00],
[122.00,9.00],
[189.00,3.50],
[191.00,3.00],
[150.00,7.50],
[118.00,11.00],
[98.00,13.50],
[179.00,5.50],
*****************************t=74*****************************
75 generation time: 7.69 s
[100.00,13.00],
[122.00,9.00],
[189.00,3.50],
[191.00,3.00],
[150.00,7.50],
[118.00,11.00],
[98.00,13.50],
[179.00,5.50],
*****************************t=75*****************************
76 generation time: 7.80 s
[100.00,13.00],
[122.00,9.00],
[189.00,3.50],
[191.00,3.00],
[150.00,7.50],
[118.00,11.00],
[98.00,13.50],
[179.00,5.50],
*****************************t=76*****************************
77 generation time: 7.91 s
[100.00,13.00],
[122.00,9.00],
[189.00,3.50],
[191.00,3.00],
[150.00,7.50],
[118.00,11.00],
[98.00,13.50],
[179.00,5.50],
*****************************t=77*****************************
78 generation time: 8.02 s
[100.00,13.00],
[122.00,9.00],
[189.00,3.50],
[191.00,3.00],
[150.00,7.50],
[118.00,11.00],
[98.00,13.50],
[179.00,5.50],
*****************************t=78*****************************
79 generation time: 8.12 s
[100.00,13.00],
[122.00,9.00],
[189.00,3.50],
[191.00,3.00],
[150.00,7.50],
[118.00,11.00],
[98.00,13.50],
[179.00,5.50],
*****************************t=79*****************************
80 generation time: 8.23 s
[100.00,13.00],
[122.00,9.00],
[189.00,3.50],
[191.00,3.00],
[150.00,7.50],
[118.00,11.00],
[98.00,13.50],
[179.00,5.50],
*****************************t=80*****************************
81 generation time: 8.33 s
[100.00,13.00],
[122.00,9.00],
[189.00,3.50],
[191.00,3.00],
[150.00,7.50],
[118.00,11.00],
[98.00,13.50],
[179.00,5.50],
*****************************t=81*****************************
82 generation time: 8.44 s
[100.00,13.00],
[122.00,9.00],
[189.00,3.50],
[191.00,3.00],
[150.00,7.50],
[118.00,11.00],
[98.00,13.50],
[179.00,5.50],
*****************************t=82*****************************
83 generation time: 8.55 s
[100.00,13.00],
[122.00,9.00],
[189.00,3.50],
[191.00,3.00],
[150.00,7.50],
[118.00,11.00],
[98.00,13.50],
[179.00,5.50],
*****************************t=83*****************************
84 generation time: 8.66 s
[100.00,13.00],
[122.00,9.00],
[189.00,3.50],
[191.00,3.00],
[150.00,7.50],
[118.00,11.00],
[98.00,13.50],
[179.00,5.50],
*****************************t=84*****************************
85 generation time: 8.77 s
[100.00,13.00],
[122.00,9.00],
[189.00,3.50],
[191.00,3.00],
[150.00,7.50],
[118.00,11.00],
[98.00,13.50],
[179.00,5.50],
*****************************t=85*****************************
86 generation time: 8.88 s
[100.00,13.00],
[122.00,9.00],
[189.00,3.50],
[191.00,3.00],
[150.00,7.50],
[118.00,11.00],
[98.00,13.50],
[179.00,5.50],
*****************************t=86*****************************
87 generation time: 8.98 s
[100.00,13.00],
[122.00,9.00],
[189.00,3.50],
[191.00,3.00],
[150.00,7.50],
[118.00,11.00],
[98.00,13.50],
[179.00,5.50],
*****************************t=87*****************************
88 generation time: 9.09 s
[100.00,13.00],
[122.00,9.00],
[189.00,3.50],
[191.00,3.00],
[150.00,7.50],
[118.00,11.00],
[98.00,13.50],
[179.00,5.50],
*****************************t=88*****************************
89 generation time: 9.20 s
[100.00,13.00],
[122.00,9.00],
[189.00,3.50],
[191.00,3.00],
[150.00,7.50],
[118.00,11.00],
[98.00,13.50],
[179.00,5.50],
*****************************t=89*****************************
90 generation time: 9.31 s
[100.00,13.00],
[122.00,9.00],
[189.00,3.50],
[191.00,3.00],
[150.00,7.50],
[118.00,11.00],
[98.00,13.50],
[179.00,5.50],
*****************************t=90*****************************
91 generation time: 9.42 s
[100.00,13.00],
[122.00,9.00],
[189.00,3.50],
[191.00,3.00],
[150.00,7.50],
[118.00,11.00],
[98.00,13.50],
[179.00,5.50],
*****************************t=91*****************************
92 generation time: 9.52 s
[100.00,13.00],
[122.00,9.00],
[189.00,3.50],
[191.00,3.00],
[150.00,7.50],
[118.00,11.00],
[98.00,13.50],
[179.00,5.50],
*****************************t=92*****************************
93 generation time: 9.62 s
[100.00,13.00],
[122.00,9.00],
[189.00,3.50],
[191.00,3.00],
[150.00,7.50],
[118.00,11.00],
[98.00,13.50],
[179.00,5.50],
*****************************t=93*****************************
94 generation time: 9.72 s
[100.00,13.00],
[122.00,9.00],
[189.00,3.50],
[191.00,3.00],
[150.00,7.50],
[118.00,11.00],
[98.00,13.50],
[179.00,5.50],
*****************************t=94*****************************
95 generation time: 9.83 s
[100.00,13.00],
[122.00,9.00],
[189.00,3.50],
[191.00,3.00],
[150.00,7.50],
[118.00,11.00],
[98.00,13.50],
[179.00,5.50],
*****************************t=95*****************************
96 generation time: 9.94 s
[100.00,13.00],
[122.00,9.00],
[189.00,3.50],
[191.00,3.00],
[150.00,7.50],
[118.00,11.00],
[98.00,13.50],
[179.00,5.50],
*****************************t=96*****************************
97 generation time: 10.04 s
[100.00,13.00],
[122.00,9.00],
[189.00,3.50],
[191.00,3.00],
[150.00,7.50],
[118.00,11.00],
[98.00,13.50],
[179.00,5.50],
*****************************t=97*****************************
98 generation time: 10.15 s
[100.00,13.00],
[122.00,9.00],
[189.00,3.50],
[191.00,3.00],
[150.00,7.50],
[118.00,11.00],
[98.00,13.50],
[179.00,5.50],
*****************************t=98*****************************
99 generation time: 10.25 s
[100.00,13.00],
[122.00,9.00],
[189.00,3.50],
[191.00,3.00],
[150.00,7.50],
[118.00,11.00],
[98.00,13.50],
[179.00,5.50],
*****************************t=99*****************************
100 generation time: 10.35 s
[100.00,13.00],
[122.00,9.00],
[189.00,3.50],
[191.00,3.00],
[150.00,7.50],
[118.00,11.00],
[98.00,13.50],
[179.00,5.50],
[100.00,13.00],
[122.00,9.00],
[189.00,3.50],
[191.00,3.00],
[150.00,7.50],
[118.00,11.00],
[98.00,13.50],
[179.00,5.50],
tot = 8
total time: 10.42 s
