m = 4 n = 10
pop = 30 gen = 100
init...begin
init...done
*****************************t=0*****************************
time to convergence: 0.05 s	
time to convergence: 0.05 s	
time to convergence: 0.05 s	
time to convergence: 0.05 s	
1 generation time: 0.08 s
[146.00,27.50],
[155.00,17.00],
[154.00,23.00],
[177.00,15.00],
[180.00,7.50],
*****************************t=1*****************************
time to convergence: 0.14 s	
2 generation time: 0.16 s
[146.00,27.50],
[151.00,11.00],
[180.00,7.50],
[125.00,29.00],
*****************************t=2*****************************
3 generation time: 0.23 s
[135.00,15.00],
[151.00,11.00],
[180.00,7.50],
[125.00,29.00],
*****************************t=3*****************************
time to convergence: 0.30 s	
4 generation time: 0.33 s
[135.00,15.00],
[151.00,11.00],
[180.00,7.50],
[116.00,26.50],
[145.00,13.00],
*****************************t=4*****************************
5 generation time: 0.41 s
[135.00,15.00],
[151.00,11.00],
[180.00,7.50],
[116.00,26.50],
[145.00,13.00],
*****************************t=5*****************************
time to convergence: 0.45 s	
6 generation time: 0.48 s
[135.00,15.00],
[151.00,10.50],
[180.00,7.50],
[116.00,26.50],
[145.00,13.00],
[134.00,17.00],
*****************************t=6*****************************
7 generation time: 0.56 s
[135.00,15.00],
[151.00,10.50],
[180.00,7.50],
[116.00,26.50],
[145.00,13.00],
[134.00,17.00],
*****************************t=7*****************************
8 generation time: 0.64 s
[135.00,11.00],
[151.00,10.50],
[180.00,7.50],
[116.00,26.50],
[133.00,15.00],
*****************************t=8*****************************
9 generation time: 0.73 s
[135.00,11.00],
[151.00,10.50],
[180.00,7.50],
[116.00,26.50],
[133.00,15.00],
*****************************t=9*****************************
time to convergence: 0.80 s	
time to convergence: 0.80 s	
10 generation time: 0.83 s
[135.00,11.00],
[151.00,10.50],
[180.00,7.50],
[116.00,26.50],
[133.00,15.00],
[196.00,7.00],
[115.00,35.00],
*****************************t=10*****************************
11 generation time: 0.91 s
[135.00,11.00],
[151.00,10.50],
[180.00,7.50],
[116.00,26.50],
[133.00,15.00],
[196.00,7.00],
[115.00,35.00],
*****************************t=11*****************************
time to convergence: 0.97 s	
12 generation time: 1.00 s
[135.00,11.00],
[151.00,10.50],
[180.00,7.50],
[116.00,26.50],
[133.00,15.00],
[196.00,7.00],
[114.00,27.00],
[156.00,9.00],
*****************************t=12*****************************
13 generation time: 1.08 s
[135.00,11.00],
[151.00,10.50],
[180.00,7.50],
[106.00,25.00],
[133.00,15.00],
[196.00,7.00],
[156.00,9.00],
*****************************t=13*****************************
14 generation time: 1.16 s
[135.00,11.00],
[151.00,10.50],
[180.00,7.50],
[105.00,25.00],
[108.00,13.00],
[196.00,7.00],
[156.00,9.00],
*****************************t=14*****************************
15 generation time: 1.25 s
[135.00,11.00],
[151.00,10.50],
[163.00,7.00],
[105.00,25.00],
[108.00,13.00],
[156.00,9.00],
*****************************t=15*****************************
16 generation time: 1.35 s
[135.00,11.00],
[151.00,10.50],
[163.00,7.00],
[105.00,25.00],
[108.00,13.00],
[156.00,9.00],
*****************************t=16*****************************
time to convergence: 1.40 s	
17 generation time: 1.43 s
[135.00,11.00],
[151.00,10.50],
[163.00,7.00],
[105.00,25.00],
[108.00,13.00],
[156.00,9.00],
[210.00,5.50],
*****************************t=17*****************************
18 generation time: 1.52 s
[135.00,11.00],
[136.00,10.50],
[163.00,7.00],
[105.00,25.00],
[108.00,13.00],
[156.00,9.00],
[210.00,5.50],
*****************************t=18*****************************
19 generation time: 1.61 s
[135.00,11.00],
[136.00,10.50],
[163.00,7.00],
[105.00,25.00],
[108.00,13.00],
[156.00,9.00],
[210.00,5.50],
*****************************t=19*****************************
20 generation time: 1.70 s
[126.00,11.00],
[136.00,10.50],
[163.00,7.00],
[105.00,25.00],
[108.00,13.00],
[156.00,9.00],
[210.00,5.50],
*****************************t=20*****************************
21 generation time: 1.79 s
[126.00,11.00],
[136.00,10.50],
[163.00,7.00],
[105.00,25.00],
[108.00,13.00],
[156.00,9.00],
[210.00,5.50],
*****************************t=21*****************************
22 generation time: 1.87 s
[126.00,11.00],
[136.00,10.50],
[163.00,7.00],
[105.00,25.00],
[108.00,13.00],
[156.00,9.00],
[210.00,5.50],
*****************************t=22*****************************
time to convergence: 1.93 s	
23 generation time: 1.96 s
[126.00,11.00],
[136.00,10.50],
[163.00,7.00],
[105.00,25.00],
[108.00,13.00],
[156.00,9.00],
[207.00,5.00],
[177.00,5.50],
*****************************t=23*****************************
24 generation time: 2.04 s
[126.00,11.00],
[136.00,10.50],
[163.00,7.00],
[105.00,25.00],
[108.00,13.00],
[156.00,9.00],
[207.00,5.00],
[177.00,5.50],
*****************************t=24*****************************
25 generation time: 2.12 s
[126.00,11.00],
[136.00,10.50],
[163.00,7.00],
[105.00,25.00],
[108.00,13.00],
[156.00,9.00],
[207.00,5.00],
[177.00,5.50],
*****************************t=25*****************************
time to convergence: 2.18 s	
26 generation time: 2.21 s
[126.00,11.00],
[136.00,10.50],
[163.00,7.00],
[105.00,25.00],
[108.00,13.00],
[156.00,9.00],
[207.00,5.00],
[177.00,5.50],
[125.00,11.50],
*****************************t=26*****************************
27 generation time: 2.30 s
[126.00,11.00],
[136.00,10.50],
[163.00,7.00],
[105.00,25.00],
[108.00,13.00],
[156.00,9.00],
[207.00,5.00],
[177.00,5.50],
[125.00,11.50],
*****************************t=27*****************************
28 generation time: 2.40 s
[126.00,11.00],
[136.00,10.50],
[163.00,7.00],
[105.00,25.00],
[108.00,13.00],
[156.00,9.00],
[207.00,5.00],
[177.00,5.50],
[125.00,11.50],
*****************************t=28*****************************
29 generation time: 2.48 s
[118.00,9.00],
[163.00,7.00],
[105.00,25.00],
[108.00,13.00],
[207.00,5.00],
[177.00,5.50],
*****************************t=29*****************************
30 generation time: 2.58 s
[118.00,9.00],
[163.00,7.00],
[105.00,25.00],
[108.00,13.00],
[207.00,5.00],
[177.00,5.50],
*****************************t=30*****************************
31 generation time: 2.67 s
[118.00,9.00],
[163.00,7.00],
[105.00,25.00],
[108.00,13.00],
[207.00,5.00],
[177.00,5.50],
*****************************t=31*****************************
32 generation time: 2.77 s
[118.00,9.00],
[163.00,7.00],
[105.00,25.00],
[108.00,13.00],
[207.00,5.00],
[177.00,5.50],
*****************************t=32*****************************
33 generation time: 2.87 s
[118.00,9.00],
[163.00,7.00],
[105.00,25.00],
[108.00,13.00],
[207.00,5.00],
[177.00,5.50],
*****************************t=33*****************************
34 generation time: 2.96 s
[118.00,9.00],
[163.00,7.00],
[105.00,25.00],
[108.00,13.00],
[207.00,5.00],
[177.00,5.50],
*****************************t=34*****************************
35 generation time: 3.05 s
[118.00,9.00],
[163.00,7.00],
[105.00,25.00],
[108.00,13.00],
[207.00,5.00],
[177.00,5.50],
*****************************t=35*****************************
time to convergence: 3.11 s	
36 generation time: 3.14 s
[118.00,9.00],
[163.00,7.00],
[105.00,25.00],
[108.00,13.00],
[207.00,5.00],
[177.00,5.50],
[161.00,7.50],
*****************************t=36*****************************
37 generation time: 3.24 s
[118.00,9.00],
[163.00,7.00],
[105.00,25.00],
[108.00,13.00],
[196.00,5.00],
[177.00,5.50],
[161.00,7.50],
*****************************t=37*****************************
38 generation time: 3.33 s
[118.00,9.00],
[163.00,7.00],
[105.00,25.00],
[108.00,13.00],
[196.00,5.00],
[177.00,5.50],
[161.00,7.50],
*****************************t=38*****************************
39 generation time: 3.42 s
[118.00,9.00],
[163.00,7.00],
[105.00,25.00],
[108.00,13.00],
[196.00,5.00],
[177.00,5.50],
[161.00,7.50],
*****************************t=39*****************************
40 generation time: 3.50 s
[118.00,9.00],
[163.00,7.00],
[105.00,25.00],
[108.00,13.00],
[196.00,5.00],
[177.00,5.50],
[161.00,7.50],
*****************************t=40*****************************
41 generation time: 3.60 s
[118.00,9.00],
[163.00,7.00],
[105.00,25.00],
[108.00,13.00],
[196.00,5.00],
[177.00,5.50],
[161.00,7.50],
*****************************t=41*****************************
42 generation time: 3.69 s
[118.00,9.00],
[163.00,7.00],
[105.00,25.00],
[108.00,13.00],
[196.00,5.00],
[177.00,5.50],
[161.00,7.50],
*****************************t=42*****************************
43 generation time: 3.78 s
[118.00,9.00],
[163.00,7.00],
[105.00,25.00],
[108.00,13.00],
[196.00,5.00],
[177.00,5.50],
[161.00,7.50],
*****************************t=43*****************************
44 generation time: 3.88 s
[118.00,9.00],
[163.00,7.00],
[105.00,25.00],
[108.00,13.00],
[196.00,5.00],
[177.00,5.50],
[161.00,7.50],
*****************************t=44*****************************
45 generation time: 3.97 s
[118.00,9.00],
[163.00,7.00],
[105.00,25.00],
[108.00,13.00],
[196.00,5.00],
[177.00,5.50],
[161.00,7.50],
*****************************t=45*****************************
46 generation time: 4.08 s
[118.00,9.00],
[163.00,7.00],
[105.00,25.00],
[108.00,13.00],
[196.00,5.00],
[177.00,5.50],
[161.00,7.50],
*****************************t=46*****************************
47 generation time: 4.17 s
[118.00,9.00],
[163.00,7.00],
[105.00,25.00],
[108.00,13.00],
[196.00,5.00],
[177.00,5.50],
[161.00,7.50],
*****************************t=47*****************************
48 generation time: 4.27 s
[118.00,9.00],
[163.00,7.00],
[105.00,25.00],
[108.00,13.00],
[196.00,5.00],
[177.00,5.50],
[161.00,7.50],
*****************************t=48*****************************
49 generation time: 4.35 s
[118.00,9.00],
[163.00,7.00],
[105.00,25.00],
[108.00,13.00],
[196.00,5.00],
[177.00,5.50],
[161.00,7.50],
*****************************t=49*****************************
50 generation time: 4.44 s
[118.00,9.00],
[163.00,7.00],
[105.00,25.00],
[108.00,13.00],
[196.00,5.00],
[177.00,5.50],
[161.00,7.50],
*****************************t=50*****************************
time to convergence: 4.50 s	
51 generation time: 4.55 s
[118.00,9.00],
[163.00,7.00],
[105.00,25.00],
[108.00,13.00],
[196.00,5.00],
[177.00,5.50],
[161.00,7.50],
[207.00,3.50],
*****************************t=51*****************************
52 generation time: 4.63 s
[118.00,9.00],
[163.00,7.00],
[105.00,25.00],
[108.00,13.00],
[196.00,5.00],
[177.00,5.50],
[161.00,7.50],
[207.00,3.50],
*****************************t=52*****************************
53 generation time: 4.72 s
[118.00,9.00],
[163.00,7.00],
[105.00,25.00],
[108.00,13.00],
[196.00,5.00],
[177.00,5.50],
[161.00,7.50],
[207.00,3.50],
*****************************t=53*****************************
54 generation time: 4.82 s
[118.00,9.00],
[163.00,7.00],
[105.00,25.00],
[108.00,13.00],
[196.00,5.00],
[177.00,5.50],
[161.00,7.50],
[207.00,3.50],
*****************************t=54*****************************
55 generation time: 4.91 s
[118.00,9.00],
[163.00,7.00],
[105.00,25.00],
[108.00,13.00],
[196.00,5.00],
[177.00,5.50],
[161.00,7.50],
[207.00,3.50],
*****************************t=55*****************************
56 generation time: 5.00 s
[118.00,9.00],
[163.00,7.00],
[105.00,25.00],
[108.00,13.00],
[196.00,5.00],
[177.00,5.50],
[161.00,7.50],
[207.00,3.50],
*****************************t=56*****************************
57 generation time: 5.10 s
[118.00,9.00],
[163.00,7.00],
[105.00,25.00],
[108.00,13.00],
[196.00,5.00],
[177.00,5.50],
[161.00,7.50],
[207.00,3.50],
*****************************t=57*****************************
58 generation time: 5.19 s
[118.00,9.00],
[163.00,7.00],
[105.00,25.00],
[108.00,13.00],
[196.00,5.00],
[177.00,5.50],
[161.00,7.50],
[207.00,3.50],
*****************************t=58*****************************
59 generation time: 5.27 s
[118.00,9.00],
[163.00,7.00],
[105.00,25.00],
[108.00,13.00],
[196.00,5.00],
[177.00,5.50],
[161.00,7.50],
[207.00,3.50],
*****************************t=59*****************************
60 generation time: 5.39 s
[118.00,9.00],
[163.00,7.00],
[105.00,25.00],
[108.00,13.00],
[196.00,5.00],
[177.00,5.50],
[161.00,7.50],
[207.00,3.50],
*****************************t=60*****************************
61 generation time: 5.50 s
[118.00,9.00],
[163.00,7.00],
[105.00,25.00],
[108.00,13.00],
[196.00,5.00],
[177.00,5.50],
[161.00,7.50],
[207.00,3.50],
*****************************t=61*****************************
62 generation time: 5.61 s
[118.00,9.00],
[163.00,7.00],
[105.00,25.00],
[108.00,13.00],
[196.00,5.00],
[177.00,5.50],
[161.00,7.50],
[207.00,3.50],
*****************************t=62*****************************
63 generation time: 5.71 s
[118.00,9.00],
[163.00,7.00],
[105.00,25.00],
[108.00,13.00],
[196.00,5.00],
[177.00,5.50],
[161.00,7.50],
[207.00,3.50],
*****************************t=63*****************************
64 generation time: 5.80 s
[118.00,9.00],
[163.00,7.00],
[105.00,25.00],
[108.00,13.00],
[196.00,5.00],
[177.00,5.50],
[161.00,7.50],
[207.00,3.50],
*****************************t=64*****************************
65 generation time: 5.89 s
[118.00,9.00],
[163.00,7.00],
[105.00,25.00],
[108.00,13.00],
[196.00,5.00],
[177.00,5.50],
[161.00,7.50],
[207.00,3.50],
*****************************t=65*****************************
66 generation time: 5.99 s
[118.00,9.00],
[163.00,7.00],
[105.00,25.00],
[108.00,13.00],
[196.00,5.00],
[177.00,5.50],
[161.00,7.50],
[207.00,3.50],
*****************************t=66*****************************
67 generation time: 6.08 s
[118.00,9.00],
[163.00,7.00],
[105.00,25.00],
[108.00,13.00],
[196.00,5.00],
[177.00,5.50],
[161.00,7.50],
[207.00,3.50],
*****************************t=67*****************************
68 generation time: 6.17 s
[118.00,9.00],
[163.00,7.00],
[105.00,25.00],
[108.00,13.00],
[188.00,3.50],
[177.00,5.50],
[161.00,7.50],
*****************************t=68*****************************
69 generation time: 6.27 s
[118.00,9.00],
[163.00,7.00],
[105.00,25.00],
[108.00,13.00],
[188.00,3.50],
[177.00,5.50],
[161.00,7.50],
*****************************t=69*****************************
70 generation time: 6.36 s
[118.00,9.00],
[163.00,7.00],
[105.00,25.00],
[108.00,13.00],
[188.00,3.50],
[177.00,5.50],
[161.00,7.50],
*****************************t=70*****************************
71 generation time: 6.46 s
[118.00,9.00],
[163.00,7.00],
[105.00,25.00],
[108.00,13.00],
[188.00,3.50],
[177.00,5.50],
[161.00,7.50],
*****************************t=71*****************************
72 generation time: 6.55 s
[118.00,9.00],
[163.00,7.00],
[105.00,25.00],
[108.00,13.00],
[188.00,3.50],
[177.00,5.50],
[161.00,7.50],
*****************************t=72*****************************
73 generation time: 6.64 s
[118.00,9.00],
[163.00,7.00],
[105.00,25.00],
[108.00,13.00],
[188.00,3.50],
[177.00,5.50],
[161.00,7.50],
*****************************t=73*****************************
74 generation time: 6.74 s
[118.00,9.00],
[163.00,7.00],
[105.00,25.00],
[108.00,13.00],
[188.00,3.50],
[177.00,5.50],
[161.00,7.50],
*****************************t=74*****************************
75 generation time: 6.83 s
[118.00,9.00],
[163.00,7.00],
[105.00,25.00],
[108.00,13.00],
[188.00,3.50],
[177.00,5.50],
[161.00,7.50],
*****************************t=75*****************************
76 generation time: 6.93 s
[118.00,9.00],
[163.00,7.00],
[105.00,25.00],
[108.00,13.00],
[188.00,3.50],
[177.00,5.50],
[161.00,7.50],
*****************************t=76*****************************
77 generation time: 7.02 s
[118.00,9.00],
[163.00,7.00],
[105.00,25.00],
[108.00,13.00],
[188.00,3.50],
[177.00,5.50],
[161.00,7.50],
*****************************t=77*****************************
78 generation time: 7.11 s
[118.00,9.00],
[163.00,7.00],
[105.00,25.00],
[108.00,13.00],
[188.00,3.50],
[177.00,5.50],
[161.00,7.50],
*****************************t=78*****************************
79 generation time: 7.19 s
[118.00,9.00],
[163.00,7.00],
[105.00,25.00],
[108.00,13.00],
[188.00,3.50],
[177.00,5.50],
[161.00,7.50],
*****************************t=79*****************************
80 generation time: 7.28 s
[118.00,9.00],
[163.00,7.00],
[105.00,25.00],
[108.00,13.00],
[188.00,3.50],
[177.00,5.50],
[161.00,7.50],
*****************************t=80*****************************
81 generation time: 7.39 s
[118.00,9.00],
[163.00,7.00],
[105.00,25.00],
[108.00,13.00],
[188.00,3.50],
[177.00,5.50],
[161.00,7.50],
*****************************t=81*****************************
82 generation time: 7.47 s
[118.00,9.00],
[163.00,7.00],
[105.00,25.00],
[108.00,13.00],
[188.00,3.50],
[177.00,5.50],
[161.00,7.50],
*****************************t=82*****************************
83 generation time: 7.57 s
[118.00,9.00],
[163.00,7.00],
[105.00,25.00],
[108.00,13.00],
[188.00,3.50],
[177.00,5.50],
[161.00,7.50],
*****************************t=83*****************************
84 generation time: 7.66 s
[118.00,9.00],
[163.00,7.00],
[105.00,25.00],
[108.00,13.00],
[188.00,3.50],
[177.00,5.50],
[161.00,7.50],
*****************************t=84*****************************
85 generation time: 7.74 s
[118.00,9.00],
[163.00,7.00],
[105.00,25.00],
[108.00,13.00],
[188.00,3.50],
[177.00,5.50],
[161.00,7.50],
*****************************t=85*****************************
86 generation time: 7.83 s
[118.00,9.00],
[163.00,7.00],
[105.00,25.00],
[108.00,13.00],
[188.00,3.50],
[177.00,5.50],
[161.00,7.50],
*****************************t=86*****************************
87 generation time: 7.92 s
[118.00,9.00],
[163.00,7.00],
[105.00,25.00],
[108.00,13.00],
[188.00,3.50],
[177.00,5.50],
[161.00,7.50],
*****************************t=87*****************************
88 generation time: 8.02 s
[118.00,9.00],
[163.00,7.00],
[105.00,25.00],
[108.00,13.00],
[188.00,3.50],
[177.00,5.50],
[161.00,7.50],
*****************************t=88*****************************
89 generation time: 8.11 s
[118.00,9.00],
[163.00,7.00],
[105.00,25.00],
[108.00,13.00],
[188.00,3.50],
[177.00,5.50],
[161.00,7.50],
*****************************t=89*****************************
90 generation time: 8.21 s
[118.00,9.00],
[163.00,7.00],
[105.00,25.00],
[108.00,13.00],
[188.00,3.50],
[177.00,5.50],
[161.00,7.50],
*****************************t=90*****************************
91 generation time: 8.28 s
[118.00,9.00],
[163.00,7.00],
[105.00,25.00],
[108.00,13.00],
[188.00,3.50],
[177.00,5.50],
[161.00,7.50],
*****************************t=91*****************************
92 generation time: 8.39 s
[118.00,9.00],
[163.00,7.00],
[100.00,13.00],
[188.00,3.50],
[177.00,5.50],
[161.00,7.50],
*****************************t=92*****************************
93 generation time: 8.49 s
[118.00,9.00],
[163.00,7.00],
[100.00,13.00],
[188.00,3.50],
[177.00,5.50],
[161.00,7.50],
*****************************t=93*****************************
94 generation time: 8.58 s
[118.00,9.00],
[163.00,7.00],
[100.00,13.00],
[188.00,3.50],
[177.00,5.50],
[161.00,7.50],
*****************************t=94*****************************
95 generation time: 8.68 s
[118.00,9.00],
[163.00,7.00],
[100.00,13.00],
[188.00,3.50],
[177.00,5.50],
[161.00,7.50],
*****************************t=95*****************************
96 generation time: 8.77 s
[118.00,9.00],
[163.00,7.00],
[100.00,13.00],
[188.00,3.50],
[177.00,5.50],
[161.00,7.50],
*****************************t=96*****************************
time to convergence: 8.81 s	
97 generation time: 8.85 s
[118.00,9.00],
[163.00,7.00],
[100.00,13.00],
[188.00,3.50],
[177.00,5.50],
[161.00,7.50],
[99.00,19.50],
*****************************t=97*****************************
98 generation time: 8.96 s
[118.00,9.00],
[163.00,7.00],
[100.00,13.00],
[188.00,3.50],
[177.00,5.50],
[161.00,7.50],
[99.00,19.50],
*****************************t=98*****************************
99 generation time: 9.05 s
[118.00,9.00],
[163.00,7.00],
[100.00,13.00],
[188.00,3.50],
[177.00,5.50],
[161.00,7.50],
[99.00,19.50],
*****************************t=99*****************************
100 generation time: 9.14 s
[118.00,9.00],
[163.00,7.00],
[100.00,13.00],
[188.00,3.50],
[177.00,5.50],
[161.00,7.50],
[99.00,19.50],
[118.00,9.00],
[163.00,7.00],
[100.00,13.00],
[188.00,3.50],
[177.00,5.50],
[161.00,7.50],
[99.00,19.50],
tot = 7
total time: 9.21 s
