m = 4 n = 10
pop = 30 gen = 100
init...begin
init...done
*****************************t=0*****************************
time to convergence: 0.05 s	
time to convergence: 0.05 s	
time to convergence: 0.05 s	
1 generation time: 0.08 s
[162.00,9.00],
[109.00,25.00],
[194.00,7.00],
[131.00,23.00],
*****************************t=1*****************************
2 generation time: 0.16 s
[162.00,9.00],
[109.00,25.00],
[194.00,7.00],
[131.00,23.00],
*****************************t=2*****************************
time to convergence: 0.22 s	
3 generation time: 0.25 s
[162.00,9.00],
[109.00,25.00],
[194.00,7.00],
[131.00,23.00],
[137.00,17.00],
*****************************t=3*****************************
time to convergence: 0.30 s	
time to convergence: 0.30 s	
4 generation time: 0.33 s
[162.00,9.00],
[109.00,25.00],
[194.00,7.00],
[131.00,23.00],
[137.00,17.00],
[193.00,8.50],
[155.00,16.50],
*****************************t=4*****************************
5 generation time: 0.42 s
[162.00,9.00],
[109.00,25.00],
[194.00,7.00],
[131.00,23.00],
[137.00,17.00],
[193.00,8.50],
[155.00,16.50],
*****************************t=5*****************************
6 generation time: 0.51 s
[162.00,9.00],
[109.00,25.00],
[187.00,5.50],
[131.00,23.00],
[137.00,17.00],
[155.00,16.50],
*****************************t=6*****************************
7 generation time: 0.60 s
[162.00,9.00],
[109.00,25.00],
[187.00,5.50],
[131.00,23.00],
[137.00,17.00],
[140.00,10.50],
*****************************t=7*****************************
8 generation time: 0.67 s
[162.00,9.00],
[109.00,25.00],
[187.00,5.50],
[122.00,13.00],
[140.00,10.50],
*****************************t=8*****************************
time to convergence: 0.73 s	
9 generation time: 0.75 s
[162.00,9.00],
[109.00,25.00],
[187.00,5.50],
[122.00,13.00],
[140.00,10.50],
[163.00,7.50],
*****************************t=9*****************************
time to convergence: 0.81 s	
10 generation time: 0.84 s
[162.00,9.00],
[109.00,25.00],
[187.00,5.50],
[122.00,13.00],
[140.00,10.50],
[163.00,7.50],
[170.00,7.00],
*****************************t=10*****************************
11 generation time: 0.94 s
[162.00,9.00],
[109.00,25.00],
[187.00,5.50],
[118.00,11.00],
[140.00,10.50],
[163.00,7.50],
[170.00,7.00],
*****************************t=11*****************************
12 generation time: 1.01 s
[162.00,9.00],
[109.00,25.00],
[187.00,5.50],
[118.00,11.00],
[140.00,10.50],
[163.00,7.50],
[170.00,7.00],
*****************************t=12*****************************
13 generation time: 1.09 s
[162.00,9.00],
[109.00,25.00],
[187.00,5.50],
[118.00,11.00],
[140.00,10.50],
[163.00,7.50],
[170.00,7.00],
*****************************t=13*****************************
14 generation time: 1.19 s
[162.00,9.00],
[109.00,25.00],
[187.00,5.50],
[118.00,11.00],
[140.00,10.50],
[163.00,7.50],
[170.00,7.00],
*****************************t=14*****************************
15 generation time: 1.28 s
[128.00,9.00],
[109.00,25.00],
[187.00,5.50],
[118.00,11.00],
[163.00,7.50],
[170.00,7.00],
*****************************t=15*****************************
16 generation time: 1.36 s
[128.00,9.00],
[109.00,25.00],
[187.00,5.50],
[118.00,11.00],
[163.00,7.50],
[170.00,7.00],
*****************************t=16*****************************
time to convergence: 1.42 s	
17 generation time: 1.45 s
[128.00,9.00],
[109.00,25.00],
[187.00,5.50],
[118.00,11.00],
[163.00,7.50],
[170.00,7.00],
[194.00,3.00],
*****************************t=17*****************************
18 generation time: 1.53 s
[128.00,9.00],
[109.00,25.00],
[187.00,5.50],
[118.00,11.00],
[163.00,7.50],
[170.00,7.00],
[194.00,3.00],
*****************************t=18*****************************
19 generation time: 1.61 s
[128.00,9.00],
[109.00,25.00],
[187.00,5.50],
[118.00,11.00],
[163.00,7.50],
[170.00,7.00],
[194.00,3.00],
*****************************t=19*****************************
time to convergence: 1.67 s	
20 generation time: 1.70 s
[128.00,9.00],
[109.00,25.00],
[179.00,5.50],
[118.00,11.00],
[163.00,7.50],
[170.00,7.00],
[194.00,3.00],
[112.00,21.00],
*****************************t=20*****************************
21 generation time: 1.78 s
[128.00,9.00],
[109.00,25.00],
[179.00,5.50],
[118.00,11.00],
[163.00,7.50],
[170.00,7.00],
[194.00,3.00],
[112.00,21.00],
*****************************t=21*****************************
22 generation time: 1.86 s
[128.00,9.00],
[109.00,25.00],
[179.00,5.50],
[118.00,11.00],
[163.00,7.50],
[166.00,7.00],
[189.00,1.50],
[112.00,21.00],
*****************************t=22*****************************
23 generation time: 1.94 s
[128.00,9.00],
[109.00,25.00],
[179.00,5.50],
[118.00,11.00],
[163.00,7.50],
[166.00,7.00],
[189.00,1.50],
[112.00,21.00],
*****************************t=23*****************************
24 generation time: 2.02 s
[128.00,9.00],
[109.00,25.00],
[179.00,5.50],
[118.00,11.00],
[163.00,7.50],
[166.00,7.00],
[189.00,1.50],
[112.00,21.00],
*****************************t=24*****************************
25 generation time: 2.11 s
[128.00,9.00],
[109.00,25.00],
[179.00,5.50],
[118.00,11.00],
[163.00,7.50],
[166.00,7.00],
[189.00,1.50],
[112.00,21.00],
*****************************t=25*****************************
26 generation time: 2.20 s
[128.00,9.00],
[109.00,25.00],
[179.00,5.50],
[118.00,11.00],
[163.00,7.50],
[166.00,7.00],
[189.00,1.50],
[112.00,21.00],
*****************************t=26*****************************
27 generation time: 2.28 s
[128.00,9.00],
[109.00,25.00],
[175.00,5.00],
[118.00,11.00],
[163.00,7.50],
[166.00,7.00],
[189.00,1.50],
[112.00,21.00],
*****************************t=27*****************************
28 generation time: 2.36 s
[128.00,9.00],
[109.00,25.00],
[175.00,5.00],
[118.00,11.00],
[163.00,7.50],
[166.00,7.00],
[189.00,1.50],
[112.00,21.00],
*****************************t=28*****************************
29 generation time: 2.47 s
[128.00,9.00],
[109.00,25.00],
[175.00,5.00],
[118.00,11.00],
[163.00,7.50],
[166.00,7.00],
[189.00,1.50],
[112.00,21.00],
*****************************t=29*****************************
30 generation time: 2.55 s
[128.00,9.00],
[109.00,25.00],
[175.00,5.00],
[118.00,11.00],
[163.00,7.50],
[166.00,7.00],
[189.00,1.50],
[112.00,21.00],
*****************************t=30*****************************
31 generation time: 2.64 s
[128.00,9.00],
[109.00,25.00],
[175.00,5.00],
[118.00,11.00],
[163.00,7.50],
[166.00,7.00],
[189.00,1.50],
[112.00,21.00],
*****************************t=31*****************************
32 generation time: 2.72 s
[128.00,9.00],
[109.00,25.00],
[175.00,5.00],
[118.00,11.00],
[163.00,7.50],
[166.00,7.00],
[189.00,1.50],
[112.00,21.00],
*****************************t=32*****************************
33 generation time: 2.81 s
[128.00,9.00],
[109.00,25.00],
[175.00,5.00],
[118.00,11.00],
[163.00,7.50],
[166.00,7.00],
[189.00,1.50],
[112.00,21.00],
*****************************t=33*****************************
34 generation time: 2.90 s
[128.00,9.00],
[109.00,25.00],
[175.00,5.00],
[118.00,11.00],
[163.00,7.50],
[166.00,7.00],
[189.00,1.50],
[112.00,21.00],
*****************************t=34*****************************
35 generation time: 2.98 s
[128.00,9.00],
[109.00,25.00],
[175.00,5.00],
[118.00,11.00],
[163.00,7.50],
[166.00,7.00],
[189.00,1.50],
[112.00,21.00],
*****************************t=35*****************************
36 generation time: 3.08 s
[128.00,9.00],
[109.00,25.00],
[175.00,5.00],
[118.00,11.00],
[163.00,7.50],
[166.00,7.00],
[189.00,1.50],
[112.00,21.00],
*****************************t=36*****************************
37 generation time: 3.18 s
[128.00,9.00],
[109.00,25.00],
[175.00,5.00],
[118.00,11.00],
[163.00,7.50],
[166.00,7.00],
[189.00,1.50],
[112.00,21.00],
*****************************t=37*****************************
time to convergence: 3.24 s	
38 generation time: 3.26 s
[128.00,9.00],
[109.00,25.00],
[175.00,5.00],
[118.00,11.00],
[163.00,7.50],
[166.00,7.00],
[189.00,1.50],
[112.00,21.00],
[167.00,6.50],
*****************************t=38*****************************
39 generation time: 3.35 s
[128.00,9.00],
[109.00,25.00],
[175.00,5.00],
[118.00,11.00],
[163.00,7.50],
[166.00,7.00],
[189.00,1.50],
[112.00,21.00],
[167.00,6.50],
*****************************t=39*****************************
40 generation time: 3.43 s
[128.00,9.00],
[109.00,25.00],
[175.00,5.00],
[118.00,11.00],
[163.00,7.50],
[166.00,7.00],
[189.00,1.50],
[112.00,21.00],
[167.00,6.50],
*****************************t=40*****************************
time to convergence: 3.49 s	
41 generation time: 3.52 s
[128.00,9.00],
[109.00,25.00],
[175.00,5.00],
[118.00,11.00],
[163.00,7.50],
[166.00,7.00],
[189.00,1.50],
[112.00,21.00],
[167.00,6.50],
[185.00,3.50],
*****************************t=41*****************************
42 generation time: 3.62 s
[128.00,9.00],
[109.00,25.00],
[175.00,5.00],
[118.00,11.00],
[163.00,7.50],
[166.00,7.00],
[189.00,1.50],
[112.00,21.00],
[167.00,6.50],
[185.00,3.50],
*****************************t=42*****************************
43 generation time: 3.70 s
[128.00,9.00],
[109.00,25.00],
[175.00,5.00],
[118.00,11.00],
[163.00,7.50],
[166.00,7.00],
[189.00,1.50],
[112.00,21.00],
[167.00,6.50],
[185.00,3.50],
*****************************t=43*****************************
44 generation time: 3.80 s
[128.00,9.00],
[109.00,25.00],
[175.00,5.00],
[118.00,11.00],
[163.00,7.50],
[166.00,7.00],
[189.00,1.50],
[112.00,21.00],
[167.00,6.50],
[185.00,3.50],
*****************************t=44*****************************
45 generation time: 3.88 s
[128.00,9.00],
[109.00,25.00],
[175.00,5.00],
[118.00,11.00],
[163.00,7.50],
[166.00,7.00],
[189.00,1.50],
[112.00,21.00],
[167.00,6.50],
[185.00,3.50],
*****************************t=45*****************************
46 generation time: 3.97 s
[128.00,9.00],
[109.00,25.00],
[175.00,5.00],
[118.00,11.00],
[163.00,7.50],
[166.00,7.00],
[189.00,1.50],
[112.00,21.00],
[167.00,6.50],
[185.00,3.50],
*****************************t=46*****************************
47 generation time: 4.07 s
[128.00,9.00],
[109.00,25.00],
[175.00,5.00],
[118.00,11.00],
[163.00,7.50],
[166.00,7.00],
[189.00,1.50],
[112.00,21.00],
[167.00,6.50],
[185.00,3.50],
*****************************t=47*****************************
48 generation time: 4.17 s
[128.00,9.00],
[109.00,25.00],
[175.00,5.00],
[118.00,11.00],
[163.00,7.50],
[166.00,7.00],
[189.00,1.50],
[112.00,21.00],
[167.00,6.50],
[185.00,3.50],
*****************************t=48*****************************
49 generation time: 4.26 s
[128.00,9.00],
[109.00,25.00],
[175.00,5.00],
[118.00,11.00],
[163.00,7.50],
[166.00,7.00],
[189.00,1.50],
[112.00,21.00],
[167.00,6.50],
[185.00,3.50],
*****************************t=49*****************************
50 generation time: 4.35 s
[128.00,9.00],
[109.00,25.00],
[175.00,5.00],
[118.00,11.00],
[163.00,7.00],
[189.00,1.50],
[112.00,21.00],
[167.00,6.50],
[185.00,3.50],
*****************************t=50*****************************
51 generation time: 4.43 s
[128.00,9.00],
[109.00,25.00],
[175.00,5.00],
[118.00,11.00],
[163.00,7.00],
[189.00,1.50],
[112.00,21.00],
[167.00,6.50],
[185.00,3.50],
*****************************t=51*****************************
52 generation time: 4.52 s
[128.00,9.00],
[109.00,25.00],
[175.00,5.00],
[118.00,11.00],
[163.00,7.00],
[189.00,1.50],
[112.00,21.00],
[167.00,6.50],
[185.00,3.50],
*****************************t=52*****************************
53 generation time: 4.61 s
[128.00,9.00],
[109.00,25.00],
[175.00,5.00],
[118.00,11.00],
[163.00,7.00],
[189.00,1.50],
[112.00,21.00],
[167.00,6.50],
[185.00,3.50],
*****************************t=53*****************************
54 generation time: 4.71 s
[128.00,9.00],
[109.00,25.00],
[175.00,5.00],
[118.00,11.00],
[163.00,7.00],
[189.00,1.50],
[112.00,21.00],
[167.00,6.50],
[185.00,3.50],
*****************************t=54*****************************
55 generation time: 4.81 s
[128.00,9.00],
[109.00,25.00],
[175.00,5.00],
[118.00,11.00],
[163.00,7.00],
[189.00,1.50],
[112.00,21.00],
[167.00,6.50],
[185.00,3.50],
*****************************t=55*****************************
56 generation time: 4.89 s
[128.00,9.00],
[109.00,25.00],
[175.00,5.00],
[118.00,11.00],
[163.00,7.00],
[189.00,1.50],
[112.00,21.00],
[167.00,6.50],
[185.00,3.50],
*****************************t=56*****************************
57 generation time: 4.98 s
[128.00,9.00],
[109.00,25.00],
[175.00,5.00],
[118.00,11.00],
[163.00,7.00],
[189.00,1.50],
[112.00,21.00],
[167.00,6.50],
[180.00,3.50],
*****************************t=57*****************************
58 generation time: 5.07 s
[128.00,9.00],
[101.00,13.00],
[175.00,5.00],
[118.00,11.00],
[163.00,7.00],
[189.00,1.50],
[167.00,6.50],
[180.00,3.50],
*****************************t=58*****************************
59 generation time: 5.16 s
[128.00,9.00],
[101.00,13.00],
[175.00,5.00],
[118.00,11.00],
[163.00,7.00],
[189.00,1.50],
[167.00,6.50],
[180.00,3.50],
*****************************t=59*****************************
60 generation time: 5.24 s
[128.00,9.00],
[101.00,13.00],
[175.00,5.00],
[118.00,11.00],
[163.00,7.00],
[189.00,1.50],
[167.00,6.50],
[180.00,3.50],
*****************************t=60*****************************
61 generation time: 5.33 s
[128.00,9.00],
[101.00,13.00],
[175.00,5.00],
[118.00,11.00],
[163.00,7.00],
[189.00,1.50],
[167.00,6.50],
[180.00,3.50],
*****************************t=61*****************************
62 generation time: 5.41 s
[128.00,9.00],
[101.00,13.00],
[175.00,5.00],
[118.00,11.00],
[163.00,7.00],
[189.00,1.50],
[167.00,6.50],
[180.00,3.50],
*****************************t=62*****************************
63 generation time: 5.50 s
[128.00,9.00],
[101.00,13.00],
[175.00,5.00],
[118.00,11.00],
[163.00,7.00],
[189.00,1.50],
[167.00,6.50],
[180.00,3.50],
*****************************t=63*****************************
64 generation time: 5.60 s
[128.00,9.00],
[101.00,13.00],
[175.00,5.00],
[118.00,11.00],
[163.00,7.00],
[189.00,1.50],
[167.00,6.50],
[180.00,3.50],
*****************************t=64*****************************
65 generation time: 5.67 s
[128.00,9.00],
[101.00,13.00],
[175.00,5.00],
[118.00,11.00],
[163.00,7.00],
[189.00,1.50],
[167.00,6.50],
[176.00,3.50],
*****************************t=65*****************************
66 generation time: 5.75 s
[128.00,9.00],
[101.00,13.00],
[175.00,5.00],
[118.00,11.00],
[163.00,7.00],
[189.00,1.50],
[167.00,6.50],
[176.00,3.50],
*****************************t=66*****************************
67 generation time: 5.83 s
[128.00,9.00],
[101.00,13.00],
[175.00,5.00],
[118.00,11.00],
[163.00,7.00],
[189.00,1.50],
[167.00,6.50],
[176.00,3.50],
*****************************t=67*****************************
68 generation time: 5.92 s
[128.00,9.00],
[101.00,13.00],
[175.00,5.00],
[118.00,11.00],
[163.00,7.00],
[189.00,1.50],
[167.00,6.50],
[176.00,3.50],
*****************************t=68*****************************
69 generation time: 6.02 s
[128.00,9.00],
[101.00,13.00],
[175.00,5.00],
[118.00,11.00],
[163.00,7.00],
[189.00,1.50],
[167.00,6.50],
[176.00,3.50],
*****************************t=69*****************************
70 generation time: 6.11 s
[128.00,9.00],
[101.00,13.00],
[175.00,5.00],
[118.00,11.00],
[163.00,7.00],
[189.00,1.50],
[167.00,6.50],
[176.00,3.50],
*****************************t=70*****************************
71 generation time: 6.21 s
[128.00,9.00],
[101.00,13.00],
[175.00,5.00],
[118.00,11.00],
[163.00,7.00],
[189.00,1.50],
[167.00,6.50],
[176.00,3.50],
*****************************t=71*****************************
time to convergence: 6.27 s	
72 generation time: 6.30 s
[128.00,9.00],
[101.00,13.00],
[175.00,5.00],
[118.00,11.00],
[163.00,7.00],
[189.00,1.50],
[167.00,6.50],
[176.00,3.50],
[177.00,3.00],
*****************************t=72*****************************
73 generation time: 6.39 s
[128.00,9.00],
[101.00,13.00],
[175.00,5.00],
[118.00,11.00],
[163.00,7.00],
[189.00,1.50],
[167.00,6.50],
[176.00,3.50],
[177.00,3.00],
*****************************t=73*****************************
74 generation time: 6.49 s
[128.00,9.00],
[101.00,13.00],
[175.00,5.00],
[118.00,11.00],
[163.00,7.00],
[189.00,1.50],
[167.00,6.50],
[176.00,3.50],
[177.00,3.00],
*****************************t=74*****************************
75 generation time: 6.58 s
[128.00,9.00],
[101.00,13.00],
[175.00,5.00],
[118.00,11.00],
[163.00,7.00],
[189.00,1.50],
[167.00,6.50],
[176.00,3.50],
[177.00,3.00],
*****************************t=75*****************************
76 generation time: 6.66 s
[128.00,9.00],
[101.00,13.00],
[175.00,5.00],
[118.00,11.00],
[163.00,7.00],
[189.00,1.50],
[167.00,6.50],
[176.00,3.50],
[177.00,3.00],
*****************************t=76*****************************
77 generation time: 6.75 s
[128.00,9.00],
[101.00,13.00],
[175.00,5.00],
[118.00,11.00],
[163.00,7.00],
[186.00,1.50],
[167.00,6.50],
[176.00,3.50],
[177.00,3.00],
*****************************t=77*****************************
78 generation time: 6.86 s
[128.00,9.00],
[101.00,13.00],
[175.00,5.00],
[118.00,11.00],
[163.00,7.00],
[186.00,1.50],
[167.00,6.50],
[176.00,3.50],
[177.00,3.00],
*****************************t=78*****************************
79 generation time: 6.95 s
[128.00,9.00],
[101.00,13.00],
[175.00,5.00],
[118.00,11.00],
[163.00,7.00],
[186.00,1.50],
[167.00,6.50],
[176.00,3.50],
[177.00,3.00],
*****************************t=79*****************************
80 generation time: 7.02 s
[128.00,9.00],
[101.00,13.00],
[175.00,5.00],
[118.00,11.00],
[163.00,7.00],
[186.00,1.50],
[167.00,6.50],
[176.00,3.50],
[177.00,3.00],
*****************************t=80*****************************
81 generation time: 7.11 s
[128.00,9.00],
[101.00,13.00],
[175.00,5.00],
[118.00,11.00],
[163.00,7.00],
[186.00,1.50],
[167.00,6.50],
[176.00,3.50],
[177.00,3.00],
*****************************t=81*****************************
82 generation time: 7.21 s
[128.00,9.00],
[101.00,13.00],
[175.00,5.00],
[118.00,11.00],
[163.00,7.00],
[186.00,1.50],
[167.00,6.50],
[176.00,3.50],
[177.00,3.00],
*****************************t=82*****************************
83 generation time: 7.30 s
[128.00,9.00],
[101.00,13.00],
[175.00,5.00],
[118.00,11.00],
[163.00,7.00],
[186.00,1.50],
[167.00,6.50],
[176.00,3.50],
[177.00,3.00],
*****************************t=83*****************************
84 generation time: 7.38 s
[128.00,9.00],
[101.00,13.00],
[175.00,5.00],
[118.00,11.00],
[163.00,7.00],
[186.00,1.50],
[167.00,6.50],
[176.00,3.50],
[177.00,3.00],
*****************************t=84*****************************
85 generation time: 7.47 s
[128.00,9.00],
[101.00,13.00],
[175.00,5.00],
[118.00,11.00],
[163.00,7.00],
[186.00,1.50],
[167.00,6.50],
[176.00,3.50],
[177.00,3.00],
*****************************t=85*****************************
86 generation time: 7.56 s
[128.00,9.00],
[101.00,13.00],
[175.00,5.00],
[118.00,11.00],
[163.00,7.00],
[186.00,1.50],
[167.00,6.50],
[176.00,3.50],
[177.00,3.00],
*****************************t=86*****************************
87 generation time: 7.66 s
[128.00,9.00],
[101.00,13.00],
[175.00,5.00],
[118.00,11.00],
[163.00,7.00],
[186.00,1.50],
[167.00,6.50],
[176.00,3.50],
[177.00,3.00],
*****************************t=87*****************************
88 generation time: 7.76 s
[128.00,9.00],
[101.00,13.00],
[175.00,5.00],
[118.00,11.00],
[163.00,7.00],
[186.00,1.50],
[167.00,6.50],
[176.00,3.50],
[177.00,3.00],
*****************************t=88*****************************
89 generation time: 7.85 s
[128.00,9.00],
[101.00,13.00],
[175.00,5.00],
[118.00,11.00],
[163.00,7.00],
[186.00,1.50],
[167.00,6.50],
[176.00,3.50],
[177.00,3.00],
*****************************t=89*****************************
90 generation time: 7.95 s
[128.00,9.00],
[101.00,13.00],
[175.00,5.00],
[118.00,11.00],
[163.00,7.00],
[186.00,1.50],
[167.00,6.50],
[176.00,3.50],
[177.00,3.00],
*****************************t=90*****************************
91 generation time: 8.04 s
[128.00,9.00],
[101.00,13.00],
[175.00,5.00],
[118.00,11.00],
[163.00,7.00],
[186.00,1.50],
[167.00,6.50],
[176.00,3.50],
[177.00,3.00],
*****************************t=91*****************************
92 generation time: 8.14 s
[128.00,9.00],
[101.00,13.00],
[175.00,5.00],
[118.00,11.00],
[163.00,7.00],
[186.00,1.50],
[167.00,6.50],
[176.00,3.50],
[177.00,3.00],
*****************************t=92*****************************
93 generation time: 8.23 s
[128.00,9.00],
[101.00,13.00],
[175.00,5.00],
[118.00,11.00],
[163.00,7.00],
[186.00,1.50],
[167.00,6.50],
[176.00,3.50],
[177.00,3.00],
*****************************t=93*****************************
94 generation time: 8.33 s
[128.00,9.00],
[101.00,13.00],
[175.00,5.00],
[118.00,11.00],
[163.00,7.00],
[186.00,1.50],
[167.00,6.50],
[176.00,3.50],
[177.00,3.00],
*****************************t=94*****************************
95 generation time: 8.41 s
[128.00,9.00],
[101.00,13.00],
[175.00,5.00],
[118.00,11.00],
[163.00,7.00],
[186.00,1.50],
[167.00,6.50],
[176.00,3.50],
[177.00,3.00],
*****************************t=95*****************************
96 generation time: 8.49 s
[128.00,9.00],
[101.00,13.00],
[175.00,5.00],
[118.00,11.00],
[163.00,7.00],
[186.00,1.50],
[167.00,6.50],
[176.00,3.50],
[177.00,3.00],
*****************************t=96*****************************
97 generation time: 8.57 s
[128.00,9.00],
[101.00,13.00],
[175.00,5.00],
[118.00,11.00],
[163.00,7.00],
[186.00,1.50],
[167.00,6.50],
[176.00,3.50],
[177.00,3.00],
*****************************t=97*****************************
98 generation time: 8.64 s
[128.00,9.00],
[101.00,13.00],
[175.00,5.00],
[118.00,11.00],
[163.00,7.00],
[186.00,1.50],
[167.00,6.50],
[176.00,3.50],
[177.00,3.00],
*****************************t=98*****************************
99 generation time: 8.74 s
[128.00,9.00],
[101.00,13.00],
[175.00,5.00],
[118.00,11.00],
[163.00,7.00],
[186.00,1.50],
[167.00,6.50],
[176.00,3.50],
[177.00,3.00],
*****************************t=99*****************************
100 generation time: 8.83 s
[128.00,9.00],
[101.00,13.00],
[175.00,5.00],
[118.00,11.00],
[163.00,7.00],
[186.00,1.50],
[167.00,6.50],
[176.00,3.50],
[177.00,3.00],
[128.00,9.00],
[101.00,13.00],
[175.00,5.00],
[118.00,11.00],
[163.00,7.00],
[186.00,1.50],
[167.00,6.50],
[176.00,3.50],
[177.00,3.00],
tot = 9
total time: 8.88 s
