m = 4 n = 10
pop = 30 gen = 100
init...begin
init...done
*****************************t=0*****************************
time to convergence: 0.06 s	
time to convergence: 0.06 s	
time to convergence: 0.06 s	
1 generation time: 0.09 s
[165.00,21.50],
[125.00,31.00],
[128.00,27.00],
[173.00,5.00],
*****************************t=1*****************************
2 generation time: 0.17 s
[127.00,7.50],
[122.00,27.00],
[173.00,5.00],
*****************************t=2*****************************
3 generation time: 0.25 s
[127.00,7.50],
[122.00,27.00],
[173.00,5.00],
*****************************t=3*****************************
4 generation time: 0.33 s
[127.00,7.50],
[122.00,27.00],
[173.00,5.00],
*****************************t=4*****************************
5 generation time: 0.42 s
[127.00,7.50],
[122.00,27.00],
[173.00,5.00],
*****************************t=5*****************************
6 generation time: 0.50 s
[127.00,7.50],
[121.00,26.50],
[173.00,5.00],
*****************************t=6*****************************
7 generation time: 0.58 s
[127.00,7.50],
[121.00,26.50],
[173.00,5.00],
*****************************t=7*****************************
8 generation time: 0.67 s
[127.00,7.50],
[121.00,26.50],
[173.00,5.00],
*****************************t=8*****************************
time to convergence: 0.72 s	
9 generation time: 0.75 s
[127.00,7.50],
[121.00,26.50],
[173.00,5.00],
[185.00,3.50],
*****************************t=9*****************************
10 generation time: 0.83 s
[127.00,7.50],
[121.00,26.50],
[173.00,5.00],
[185.00,3.50],
*****************************t=10*****************************
time to convergence: 0.89 s	
time to convergence: 0.89 s	
11 generation time: 0.91 s
[127.00,7.50],
[121.00,26.50],
[173.00,5.00],
[185.00,3.50],
[113.00,33.00],
[119.00,29.00],
*****************************t=11*****************************
12 generation time: 0.98 s
[127.00,7.50],
[121.00,26.50],
[173.00,5.00],
[185.00,3.50],
[113.00,33.00],
[119.00,29.00],
*****************************t=12*****************************
13 generation time: 1.08 s
[127.00,7.50],
[115.00,20.50],
[173.00,5.00],
[185.00,3.50],
[113.00,33.00],
*****************************t=13*****************************
14 generation time: 1.17 s
[127.00,7.50],
[115.00,20.50],
[173.00,5.00],
[185.00,3.50],
[113.00,33.00],
*****************************t=14*****************************
15 generation time: 1.25 s
[127.00,7.50],
[115.00,20.50],
[173.00,5.00],
[185.00,3.50],
[113.00,33.00],
*****************************t=15*****************************
16 generation time: 1.34 s
[127.00,7.50],
[108.00,13.00],
[173.00,5.00],
[185.00,3.50],
*****************************t=16*****************************
17 generation time: 1.43 s
[127.00,7.50],
[108.00,13.00],
[173.00,5.00],
[185.00,3.50],
*****************************t=17*****************************
time to convergence: 1.50 s	
18 generation time: 1.52 s
[127.00,7.50],
[108.00,13.00],
[173.00,5.00],
[185.00,3.50],
[118.00,9.00],
*****************************t=18*****************************
time to convergence: 1.58 s	
19 generation time: 1.61 s
[127.00,7.50],
[108.00,13.00],
[173.00,5.00],
[185.00,3.50],
[118.00,9.00],
[107.00,15.50],
*****************************t=19*****************************
20 generation time: 1.70 s
[127.00,7.50],
[108.00,13.00],
[173.00,5.00],
[185.00,3.50],
[118.00,9.00],
[107.00,15.50],
*****************************t=20*****************************
time to convergence: 1.76 s	
21 generation time: 1.79 s
[127.00,7.50],
[108.00,13.00],
[173.00,5.00],
[185.00,3.50],
[118.00,9.00],
[107.00,15.50],
[99.00,19.50],
*****************************t=21*****************************
22 generation time: 1.87 s
[127.00,7.50],
[108.00,13.00],
[173.00,5.00],
[185.00,3.50],
[118.00,9.00],
[107.00,15.50],
[99.00,19.50],
*****************************t=22*****************************
23 generation time: 1.95 s
[127.00,7.50],
[108.00,13.00],
[173.00,5.00],
[185.00,3.50],
[118.00,9.00],
[107.00,15.50],
[99.00,19.50],
*****************************t=23*****************************
time to convergence: 2.01 s	
24 generation time: 2.04 s
[127.00,7.50],
[108.00,13.00],
[173.00,5.00],
[185.00,3.50],
[118.00,9.00],
[107.00,15.50],
[99.00,19.50],
[186.00,1.50],
*****************************t=24*****************************
25 generation time: 2.13 s
[127.00,7.50],
[108.00,13.00],
[173.00,5.00],
[185.00,3.50],
[118.00,9.00],
[107.00,15.50],
[99.00,19.50],
[186.00,1.50],
*****************************t=25*****************************
26 generation time: 2.21 s
[127.00,7.50],
[108.00,13.00],
[173.00,5.00],
[185.00,3.50],
[118.00,9.00],
[107.00,15.50],
[99.00,19.50],
[186.00,1.50],
*****************************t=26*****************************
27 generation time: 2.30 s
[127.00,7.50],
[108.00,13.00],
[173.00,5.00],
[185.00,3.50],
[118.00,9.00],
[107.00,15.50],
[99.00,19.50],
[186.00,1.50],
*****************************t=27*****************************
28 generation time: 2.38 s
[127.00,7.50],
[108.00,13.00],
[173.00,5.00],
[185.00,3.50],
[118.00,9.00],
[107.00,15.50],
[99.00,19.50],
[186.00,1.50],
*****************************t=28*****************************
29 generation time: 2.48 s
[127.00,7.50],
[108.00,13.00],
[173.00,5.00],
[185.00,3.50],
[118.00,9.00],
[107.00,15.50],
[99.00,19.50],
[186.00,1.50],
*****************************t=29*****************************
30 generation time: 2.57 s
[127.00,7.50],
[108.00,13.00],
[173.00,5.00],
[185.00,3.50],
[118.00,9.00],
[107.00,15.50],
[99.00,19.50],
[186.00,1.50],
*****************************t=30*****************************
31 generation time: 2.66 s
[127.00,7.50],
[108.00,13.00],
[173.00,5.00],
[185.00,3.50],
[118.00,9.00],
[107.00,15.50],
[99.00,19.50],
[186.00,1.50],
*****************************t=31*****************************
32 generation time: 2.75 s
[127.00,7.50],
[108.00,13.00],
[173.00,5.00],
[185.00,3.50],
[118.00,9.00],
[107.00,15.50],
[99.00,19.50],
[186.00,1.50],
*****************************t=32*****************************
33 generation time: 2.85 s
[127.00,7.50],
[108.00,13.00],
[173.00,5.00],
[185.00,3.50],
[118.00,9.00],
[107.00,15.50],
[99.00,19.50],
[186.00,1.50],
*****************************t=33*****************************
34 generation time: 2.95 s
[127.00,7.50],
[108.00,13.00],
[173.00,5.00],
[185.00,3.50],
[118.00,9.00],
[107.00,15.50],
[99.00,19.50],
[186.00,1.50],
*****************************t=34*****************************
35 generation time: 3.03 s
[127.00,7.50],
[108.00,13.00],
[173.00,5.00],
[185.00,3.50],
[118.00,9.00],
[107.00,15.50],
[99.00,19.50],
[186.00,1.50],
*****************************t=35*****************************
time to convergence: 3.08 s	
36 generation time: 3.11 s
[127.00,7.50],
[108.00,13.00],
[173.00,5.00],
[185.00,3.50],
[118.00,9.00],
[107.00,15.50],
[99.00,19.50],
[186.00,1.50],
[171.00,7.00],
*****************************t=36*****************************
37 generation time: 3.21 s
[127.00,7.50],
[108.00,13.00],
[173.00,5.00],
[185.00,3.50],
[118.00,9.00],
[107.00,15.50],
[99.00,19.50],
[186.00,1.50],
[171.00,7.00],
*****************************t=37*****************************
38 generation time: 3.30 s
[127.00,7.50],
[108.00,13.00],
[173.00,5.00],
[185.00,3.50],
[118.00,9.00],
[107.00,15.50],
[99.00,19.50],
[186.00,1.50],
[171.00,7.00],
*****************************t=38*****************************
39 generation time: 3.39 s
[127.00,7.50],
[108.00,13.00],
[173.00,5.00],
[185.00,3.50],
[118.00,9.00],
[107.00,15.50],
[99.00,19.50],
[186.00,1.50],
[171.00,7.00],
*****************************t=39*****************************
40 generation time: 3.49 s
[127.00,7.50],
[108.00,13.00],
[173.00,5.00],
[185.00,3.50],
[118.00,9.00],
[107.00,15.50],
[99.00,19.50],
[186.00,1.50],
[171.00,7.00],
*****************************t=40*****************************
41 generation time: 3.58 s
[127.00,7.50],
[108.00,13.00],
[173.00,5.00],
[185.00,3.50],
[118.00,9.00],
[107.00,15.50],
[99.00,19.50],
[186.00,1.50],
[171.00,7.00],
*****************************t=41*****************************
42 generation time: 3.67 s
[127.00,7.50],
[108.00,13.00],
[173.00,5.00],
[185.00,3.50],
[118.00,9.00],
[107.00,15.50],
[99.00,19.50],
[186.00,1.50],
[171.00,7.00],
*****************************t=42*****************************
43 generation time: 3.77 s
[127.00,7.50],
[100.00,13.00],
[173.00,5.00],
[185.00,3.50],
[118.00,9.00],
[99.00,19.50],
[186.00,1.50],
[171.00,7.00],
*****************************t=43*****************************
44 generation time: 3.86 s
[127.00,7.50],
[100.00,13.00],
[173.00,5.00],
[185.00,3.50],
[118.00,9.00],
[99.00,19.50],
[186.00,1.50],
[171.00,7.00],
*****************************t=44*****************************
45 generation time: 3.96 s
[127.00,7.50],
[100.00,13.00],
[173.00,5.00],
[185.00,3.50],
[118.00,9.00],
[99.00,19.50],
[186.00,1.50],
[171.00,7.00],
*****************************t=45*****************************
46 generation time: 4.05 s
[127.00,7.50],
[100.00,13.00],
[173.00,5.00],
[185.00,3.50],
[118.00,9.00],
[99.00,19.50],
[186.00,1.50],
[171.00,7.00],
*****************************t=46*****************************
47 generation time: 4.14 s
[127.00,7.50],
[100.00,13.00],
[173.00,5.00],
[185.00,3.50],
[118.00,9.00],
[99.00,19.50],
[186.00,1.50],
[171.00,7.00],
*****************************t=47*****************************
48 generation time: 4.24 s
[127.00,7.50],
[100.00,13.00],
[173.00,5.00],
[185.00,3.50],
[118.00,9.00],
[99.00,19.50],
[186.00,1.50],
[171.00,7.00],
*****************************t=48*****************************
49 generation time: 4.33 s
[127.00,7.50],
[100.00,13.00],
[173.00,5.00],
[185.00,3.50],
[118.00,9.00],
[99.00,19.50],
[186.00,1.50],
[171.00,7.00],
*****************************t=49*****************************
50 generation time: 4.42 s
[127.00,7.50],
[100.00,13.00],
[173.00,5.00],
[185.00,3.50],
[118.00,9.00],
[99.00,19.50],
[186.00,1.50],
[171.00,7.00],
*****************************t=50*****************************
51 generation time: 4.52 s
[127.00,7.50],
[100.00,13.00],
[173.00,5.00],
[185.00,3.50],
[118.00,9.00],
[99.00,19.50],
[186.00,1.50],
[171.00,7.00],
*****************************t=51*****************************
52 generation time: 4.61 s
[127.00,7.50],
[100.00,13.00],
[173.00,5.00],
[185.00,3.50],
[118.00,9.00],
[98.00,13.50],
[186.00,1.50],
[171.00,7.00],
*****************************t=52*****************************
53 generation time: 4.71 s
[127.00,7.50],
[100.00,13.00],
[173.00,5.00],
[185.00,1.50],
[118.00,9.00],
[98.00,13.50],
[171.00,7.00],
*****************************t=53*****************************
time to convergence: 4.77 s	
54 generation time: 4.80 s
[127.00,7.50],
[100.00,13.00],
[173.00,5.00],
[185.00,1.50],
[118.00,9.00],
[98.00,13.50],
[171.00,7.00],
[184.00,3.50],
*****************************t=54*****************************
55 generation time: 4.89 s
[127.00,7.50],
[100.00,13.00],
[173.00,5.00],
[185.00,1.50],
[118.00,9.00],
[98.00,13.50],
[171.00,7.00],
[184.00,3.50],
*****************************t=55*****************************
56 generation time: 4.99 s
[127.00,7.50],
[100.00,13.00],
[173.00,5.00],
[185.00,1.50],
[118.00,9.00],
[98.00,13.50],
[171.00,7.00],
[184.00,3.50],
*****************************t=56*****************************
57 generation time: 5.10 s
[127.00,7.50],
[100.00,13.00],
[173.00,5.00],
[185.00,1.50],
[118.00,9.00],
[98.00,13.50],
[169.00,7.00],
[184.00,3.50],
*****************************t=57*****************************
58 generation time: 5.17 s
[127.00,7.50],
[100.00,13.00],
[173.00,5.00],
[185.00,1.50],
[118.00,9.00],
[98.00,13.50],
[169.00,7.00],
[184.00,3.50],
*****************************t=58*****************************
59 generation time: 5.27 s
[127.00,7.50],
[100.00,13.00],
[173.00,5.00],
[185.00,1.50],
[118.00,9.00],
[98.00,13.50],
[169.00,7.00],
[184.00,3.50],
*****************************t=59*****************************
60 generation time: 5.37 s
[127.00,7.50],
[100.00,13.00],
[173.00,5.00],
[185.00,1.50],
[118.00,9.00],
[98.00,13.50],
[169.00,7.00],
[184.00,3.50],
*****************************t=60*****************************
61 generation time: 5.46 s
[127.00,7.50],
[100.00,13.00],
[173.00,5.00],
[185.00,1.50],
[118.00,9.00],
[98.00,13.50],
[169.00,7.00],
[184.00,3.50],
*****************************t=61*****************************
62 generation time: 5.55 s
[127.00,7.50],
[100.00,13.00],
[173.00,5.00],
[185.00,1.50],
[118.00,9.00],
[98.00,13.50],
[169.00,7.00],
[184.00,3.50],
*****************************t=62*****************************
63 generation time: 5.65 s
[127.00,7.50],
[100.00,13.00],
[173.00,5.00],
[185.00,1.50],
[118.00,9.00],
[98.00,13.50],
[169.00,7.00],
[184.00,3.50],
*****************************t=63*****************************
64 generation time: 5.75 s
[127.00,7.50],
[100.00,13.00],
[173.00,5.00],
[185.00,1.50],
[118.00,9.00],
[98.00,13.50],
[169.00,7.00],
[184.00,3.50],
*****************************t=64*****************************
65 generation time: 5.85 s
[127.00,7.50],
[100.00,13.00],
[173.00,5.00],
[185.00,1.50],
[118.00,9.00],
[98.00,13.50],
[169.00,7.00],
[184.00,3.50],
*****************************t=65*****************************
66 generation time: 5.93 s
[127.00,7.50],
[100.00,13.00],
[173.00,5.00],
[185.00,1.50],
[118.00,9.00],
[98.00,13.50],
[169.00,7.00],
[184.00,3.50],
*****************************t=66*****************************
67 generation time: 6.03 s
[127.00,7.50],
[100.00,13.00],
[173.00,5.00],
[185.00,1.50],
[118.00,9.00],
[98.00,13.50],
[169.00,7.00],
[184.00,3.50],
*****************************t=67*****************************
68 generation time: 6.12 s
[127.00,7.50],
[100.00,13.00],
[173.00,5.00],
[185.00,1.50],
[118.00,9.00],
[98.00,13.50],
[169.00,7.00],
[184.00,3.50],
*****************************t=68*****************************
69 generation time: 6.22 s
[127.00,7.50],
[100.00,13.00],
[173.00,5.00],
[185.00,1.50],
[118.00,9.00],
[98.00,13.50],
[169.00,7.00],
[184.00,3.50],
*****************************t=69*****************************
70 generation time: 6.32 s
[127.00,7.50],
[100.00,13.00],
[173.00,5.00],
[185.00,1.50],
[118.00,9.00],
[98.00,13.50],
[169.00,7.00],
[184.00,3.50],
*****************************t=70*****************************
71 generation time: 6.41 s
[127.00,7.50],
[100.00,13.00],
[173.00,5.00],
[185.00,1.50],
[118.00,9.00],
[98.00,13.50],
[169.00,7.00],
[184.00,3.50],
*****************************t=71*****************************
72 generation time: 6.51 s
[127.00,7.50],
[100.00,13.00],
[173.00,5.00],
[185.00,1.50],
[118.00,9.00],
[98.00,13.50],
[167.00,6.50],
[184.00,3.50],
*****************************t=72*****************************
73 generation time: 6.61 s
[127.00,7.50],
[100.00,13.00],
[173.00,5.00],
[185.00,1.50],
[118.00,9.00],
[98.00,13.50],
[167.00,6.50],
[184.00,3.50],
*****************************t=73*****************************
74 generation time: 6.71 s
[127.00,7.50],
[100.00,13.00],
[173.00,5.00],
[185.00,1.50],
[118.00,9.00],
[98.00,13.50],
[167.00,6.50],
[184.00,3.50],
*****************************t=74*****************************
75 generation time: 6.80 s
[127.00,7.50],
[100.00,13.00],
[173.00,5.00],
[185.00,1.50],
[118.00,9.00],
[98.00,13.50],
[167.00,6.50],
[184.00,3.50],
*****************************t=75*****************************
76 generation time: 6.90 s
[127.00,7.50],
[100.00,13.00],
[173.00,5.00],
[185.00,1.50],
[118.00,9.00],
[98.00,13.50],
[167.00,6.50],
[184.00,3.50],
*****************************t=76*****************************
77 generation time: 6.99 s
[127.00,7.50],
[100.00,13.00],
[173.00,5.00],
[185.00,1.50],
[118.00,9.00],
[98.00,13.50],
[167.00,6.50],
[184.00,3.50],
*****************************t=77*****************************
78 generation time: 7.11 s
[127.00,7.50],
[100.00,13.00],
[173.00,5.00],
[185.00,1.50],
[118.00,9.00],
[98.00,13.50],
[167.00,6.50],
[184.00,3.50],
*****************************t=78*****************************
79 generation time: 7.22 s
[127.00,7.50],
[100.00,13.00],
[173.00,5.00],
[185.00,1.50],
[118.00,9.00],
[98.00,13.50],
[167.00,6.50],
[184.00,3.50],
*****************************t=79*****************************
80 generation time: 7.33 s
[127.00,7.50],
[100.00,13.00],
[173.00,5.00],
[185.00,1.50],
[118.00,9.00],
[98.00,13.50],
[167.00,6.50],
[176.00,3.50],
*****************************t=80*****************************
81 generation time: 7.42 s
[127.00,7.50],
[100.00,13.00],
[173.00,5.00],
[185.00,1.50],
[118.00,9.00],
[98.00,13.50],
[167.00,6.50],
[176.00,3.50],
*****************************t=81*****************************
82 generation time: 7.52 s
[127.00,7.50],
[100.00,13.00],
[173.00,5.00],
[185.00,1.50],
[118.00,9.00],
[98.00,13.50],
[167.00,6.50],
[176.00,3.50],
*****************************t=82*****************************
83 generation time: 7.61 s
[127.00,7.50],
[100.00,13.00],
[173.00,5.00],
[185.00,1.50],
[118.00,9.00],
[98.00,13.50],
[167.00,6.50],
[176.00,3.50],
*****************************t=83*****************************
84 generation time: 7.71 s
[127.00,7.50],
[100.00,13.00],
[173.00,5.00],
[185.00,1.50],
[118.00,9.00],
[98.00,13.50],
[167.00,6.50],
[176.00,3.50],
*****************************t=84*****************************
85 generation time: 7.81 s
[127.00,7.50],
[100.00,13.00],
[173.00,5.00],
[185.00,1.50],
[118.00,9.00],
[98.00,13.50],
[167.00,6.50],
[176.00,3.50],
*****************************t=85*****************************
86 generation time: 7.89 s
[127.00,7.50],
[100.00,13.00],
[173.00,5.00],
[185.00,1.50],
[118.00,9.00],
[98.00,13.50],
[167.00,6.50],
[176.00,3.50],
*****************************t=86*****************************
87 generation time: 7.99 s
[127.00,7.50],
[100.00,13.00],
[173.00,5.00],
[185.00,1.50],
[118.00,9.00],
[98.00,13.50],
[167.00,6.50],
[176.00,3.50],
*****************************t=87*****************************
88 generation time: 8.11 s
[127.00,7.50],
[100.00,13.00],
[173.00,5.00],
[185.00,1.50],
[118.00,9.00],
[98.00,13.50],
[167.00,6.50],
[176.00,3.50],
*****************************t=88*****************************
89 generation time: 8.22 s
[127.00,7.50],
[100.00,13.00],
[173.00,5.00],
[185.00,1.50],
[118.00,9.00],
[98.00,13.50],
[167.00,6.50],
[176.00,3.50],
*****************************t=89*****************************
90 generation time: 8.33 s
[127.00,7.50],
[100.00,13.00],
[173.00,5.00],
[185.00,1.50],
[118.00,9.00],
[98.00,13.50],
[167.00,6.50],
[176.00,3.50],
*****************************t=90*****************************
91 generation time: 8.44 s
[127.00,7.50],
[100.00,13.00],
[173.00,5.00],
[185.00,1.50],
[118.00,9.00],
[98.00,13.50],
[167.00,6.50],
[176.00,3.50],
*****************************t=91*****************************
92 generation time: 8.54 s
[127.00,7.50],
[100.00,13.00],
[173.00,5.00],
[185.00,1.50],
[118.00,9.00],
[98.00,13.50],
[167.00,6.50],
[176.00,3.50],
*****************************t=92*****************************
93 generation time: 8.64 s
[127.00,7.50],
[100.00,13.00],
[173.00,5.00],
[185.00,1.50],
[118.00,9.00],
[98.00,13.50],
[167.00,6.50],
[176.00,3.50],
*****************************t=93*****************************
94 generation time: 8.74 s
[127.00,7.50],
[100.00,13.00],
[173.00,5.00],
[185.00,1.50],
[118.00,9.00],
[98.00,13.50],
[167.00,6.50],
[176.00,3.50],
*****************************t=94*****************************
95 generation time: 8.83 s
[127.00,7.50],
[100.00,13.00],
[173.00,5.00],
[185.00,1.50],
[118.00,9.00],
[98.00,13.50],
[167.00,6.50],
[176.00,3.50],
*****************************t=95*****************************
96 generation time: 8.93 s
[127.00,7.50],
[100.00,13.00],
[173.00,5.00],
[185.00,1.50],
[118.00,9.00],
[98.00,13.50],
[167.00,6.50],
[176.00,3.50],
*****************************t=96*****************************
97 generation time: 9.02 s
[127.00,7.50],
[100.00,13.00],
[173.00,5.00],
[185.00,1.50],
[118.00,9.00],
[98.00,13.50],
[167.00,6.50],
[176.00,3.50],
*****************************t=97*****************************
98 generation time: 9.11 s
[127.00,7.50],
[100.00,13.00],
[173.00,5.00],
[185.00,1.50],
[118.00,9.00],
[98.00,13.50],
[167.00,6.50],
[176.00,3.50],
*****************************t=98*****************************
99 generation time: 9.21 s
[127.00,7.50],
[100.00,13.00],
[173.00,5.00],
[185.00,1.50],
[118.00,9.00],
[98.00,13.50],
[167.00,6.50],
[176.00,3.50],
*****************************t=99*****************************
100 generation time: 9.30 s
[127.00,7.50],
[100.00,13.00],
[173.00,5.00],
[185.00,1.50],
[118.00,9.00],
[98.00,13.50],
[167.00,6.50],
[176.00,3.50],
[127.00,7.50],
[100.00,13.00],
[173.00,5.00],
[185.00,1.50],
[118.00,9.00],
[98.00,13.50],
[167.00,6.50],
[176.00,3.50],
tot = 8
total time: 9.36 s
