m = 4 n = 10
pop = 30 gen = 100
init...begin
init...done
*****************************t=0*****************************
time to convergence: 0.06 s	
time to convergence: 0.06 s	
1 generation time: 0.08 s
[199.00,3.00],
[189.00,9.50],
[123.00,13.00],
*****************************t=1*****************************
time to convergence: 0.14 s	
time to convergence: 0.14 s	
2 generation time: 0.17 s
[199.00,3.00],
[189.00,9.50],
[123.00,13.00],
[193.00,9.00],
[136.00,11.00],
*****************************t=2*****************************
time to convergence: 0.22 s	
time to convergence: 0.22 s	
3 generation time: 0.25 s
[199.00,3.00],
[173.00,7.50],
[123.00,13.00],
[136.00,11.00],
[188.00,5.50],
[187.00,7.00],
*****************************t=3*****************************
time to convergence: 0.30 s	
4 generation time: 0.33 s
[199.00,3.00],
[173.00,7.50],
[123.00,13.00],
[136.00,11.00],
[188.00,5.50],
[187.00,7.00],
[119.00,31.00],
*****************************t=4*****************************
5 generation time: 0.42 s
[199.00,3.00],
[173.00,7.50],
[123.00,13.00],
[136.00,11.00],
[188.00,5.50],
[187.00,7.00],
[112.00,25.00],
*****************************t=5*****************************
time to convergence: 0.47 s	
6 generation time: 0.50 s
[199.00,3.00],
[173.00,7.50],
[123.00,13.00],
[136.00,11.00],
[188.00,5.50],
[187.00,7.00],
[112.00,25.00],
[119.00,20.50],
*****************************t=6*****************************
7 generation time: 0.60 s
[199.00,3.00],
[165.00,7.50],
[123.00,13.00],
[136.00,11.00],
[184.00,5.00],
[112.00,25.00],
[119.00,20.50],
*****************************t=7*****************************
8 generation time: 0.68 s
[199.00,3.00],
[165.00,7.50],
[123.00,13.00],
[136.00,11.00],
[184.00,5.00],
[110.00,21.00],
[114.00,15.50],
*****************************t=8*****************************
9 generation time: 0.77 s
[199.00,3.00],
[165.00,7.50],
[122.00,13.00],
[136.00,11.00],
[184.00,5.00],
[110.00,21.00],
[114.00,15.50],
*****************************t=9*****************************
10 generation time: 0.86 s
[199.00,3.00],
[165.00,7.50],
[122.00,13.00],
[136.00,11.00],
[184.00,5.00],
[110.00,21.00],
[114.00,15.50],
*****************************t=10*****************************
11 generation time: 0.94 s
[199.00,3.00],
[165.00,7.50],
[122.00,13.00],
[136.00,11.00],
[184.00,5.00],
[110.00,21.00],
[114.00,15.50],
*****************************t=11*****************************
12 generation time: 1.03 s
[199.00,3.00],
[165.00,7.50],
[122.00,13.00],
[128.00,9.00],
[184.00,5.00],
[110.00,21.00],
[114.00,15.50],
*****************************t=12*****************************
13 generation time: 1.11 s
[199.00,3.00],
[165.00,7.50],
[122.00,13.00],
[128.00,9.00],
[184.00,5.00],
[110.00,21.00],
[114.00,15.50],
*****************************t=13*****************************
14 generation time: 1.20 s
[199.00,3.00],
[165.00,7.50],
[122.00,13.00],
[128.00,9.00],
[180.00,3.50],
[110.00,21.00],
[114.00,15.50],
*****************************t=14*****************************
15 generation time: 1.29 s
[199.00,3.00],
[165.00,7.50],
[113.00,13.00],
[128.00,9.00],
[180.00,3.50],
[110.00,21.00],
*****************************t=15*****************************
16 generation time: 1.38 s
[199.00,3.00],
[165.00,7.50],
[113.00,13.00],
[128.00,9.00],
[180.00,3.50],
[110.00,21.00],
*****************************t=16*****************************
17 generation time: 1.46 s
[199.00,3.00],
[165.00,7.50],
[113.00,13.00],
[128.00,9.00],
[176.00,3.50],
[110.00,13.50],
*****************************t=17*****************************
time to convergence: 1.52 s	
18 generation time: 1.55 s
[199.00,3.00],
[165.00,7.50],
[113.00,13.00],
[128.00,9.00],
[176.00,3.50],
[110.00,13.50],
[107.00,25.00],
*****************************t=18*****************************
19 generation time: 1.64 s
[199.00,3.00],
[165.00,7.50],
[100.00,13.00],
[128.00,9.00],
[176.00,3.50],
*****************************t=19*****************************
20 generation time: 1.72 s
[199.00,3.00],
[165.00,7.50],
[100.00,13.00],
[128.00,9.00],
[176.00,3.50],
*****************************t=20*****************************
21 generation time: 1.82 s
[184.00,3.00],
[165.00,7.50],
[100.00,13.00],
[128.00,9.00],
[176.00,3.50],
*****************************t=21*****************************
22 generation time: 1.91 s
[184.00,3.00],
[165.00,7.50],
[100.00,13.00],
[128.00,9.00],
[176.00,3.50],
*****************************t=22*****************************
23 generation time: 2.00 s
[184.00,3.00],
[165.00,7.50],
[100.00,13.00],
[128.00,9.00],
[176.00,3.50],
*****************************t=23*****************************
24 generation time: 2.09 s
[184.00,3.00],
[165.00,7.50],
[100.00,13.00],
[128.00,9.00],
[176.00,3.50],
*****************************t=24*****************************
25 generation time: 2.19 s
[184.00,3.00],
[165.00,7.50],
[100.00,13.00],
[128.00,9.00],
[176.00,3.50],
*****************************t=25*****************************
26 generation time: 2.28 s
[184.00,3.00],
[165.00,7.50],
[100.00,13.00],
[128.00,9.00],
[176.00,3.50],
*****************************t=26*****************************
time to convergence: 2.34 s	
27 generation time: 2.38 s
[184.00,3.00],
[165.00,7.50],
[100.00,13.00],
[128.00,9.00],
[176.00,3.50],
[174.00,7.00],
*****************************t=27*****************************
28 generation time: 2.47 s
[184.00,3.00],
[165.00,7.50],
[100.00,13.00],
[128.00,9.00],
[176.00,3.50],
[174.00,7.00],
*****************************t=28*****************************
29 generation time: 2.56 s
[184.00,3.00],
[165.00,7.50],
[100.00,13.00],
[128.00,9.00],
[176.00,3.50],
[174.00,7.00],
*****************************t=29*****************************
30 generation time: 2.66 s
[184.00,3.00],
[165.00,7.50],
[100.00,13.00],
[128.00,9.00],
[176.00,3.50],
[174.00,7.00],
*****************************t=30*****************************
31 generation time: 2.75 s
[184.00,3.00],
[165.00,7.50],
[100.00,13.00],
[128.00,9.00],
[176.00,3.50],
[174.00,7.00],
*****************************t=31*****************************
32 generation time: 2.84 s
[184.00,3.00],
[165.00,7.50],
[100.00,13.00],
[128.00,9.00],
[176.00,3.50],
[174.00,7.00],
*****************************t=32*****************************
33 generation time: 2.94 s
[184.00,3.00],
[165.00,7.50],
[100.00,13.00],
[128.00,9.00],
[176.00,3.50],
[174.00,7.00],
*****************************t=33*****************************
34 generation time: 3.03 s
[184.00,3.00],
[165.00,7.50],
[100.00,13.00],
[128.00,9.00],
[176.00,3.50],
[174.00,7.00],
*****************************t=34*****************************
35 generation time: 3.13 s
[184.00,3.00],
[165.00,7.50],
[100.00,13.00],
[128.00,9.00],
[176.00,3.50],
[174.00,7.00],
*****************************t=35*****************************
36 generation time: 3.22 s
[184.00,3.00],
[165.00,7.50],
[100.00,13.00],
[128.00,9.00],
[176.00,3.50],
[174.00,7.00],
*****************************t=36*****************************
37 generation time: 3.31 s
[184.00,3.00],
[165.00,7.50],
[100.00,13.00],
[128.00,9.00],
[176.00,3.50],
[174.00,7.00],
*****************************t=37*****************************
38 generation time: 3.41 s
[184.00,3.00],
[162.00,7.50],
[100.00,13.00],
[128.00,9.00],
[176.00,3.50],
[174.00,7.00],
*****************************t=38*****************************
39 generation time: 3.50 s
[184.00,3.00],
[162.00,7.50],
[100.00,13.00],
[128.00,9.00],
[176.00,3.50],
[174.00,7.00],
*****************************t=39*****************************
40 generation time: 3.59 s
[184.00,3.00],
[162.00,7.50],
[100.00,13.00],
[128.00,9.00],
[176.00,3.50],
[174.00,7.00],
*****************************t=40*****************************
41 generation time: 3.69 s
[184.00,3.00],
[162.00,7.50],
[100.00,13.00],
[128.00,9.00],
[176.00,3.50],
[174.00,7.00],
*****************************t=41*****************************
42 generation time: 3.78 s
[184.00,3.00],
[162.00,7.50],
[100.00,13.00],
[128.00,9.00],
[176.00,3.50],
[174.00,7.00],
*****************************t=42*****************************
43 generation time: 3.88 s
[184.00,3.00],
[162.00,7.50],
[100.00,13.00],
[128.00,9.00],
[176.00,3.50],
[174.00,7.00],
*****************************t=43*****************************
time to convergence: 3.94 s	
44 generation time: 3.97 s
[184.00,3.00],
[162.00,7.50],
[100.00,13.00],
[128.00,9.00],
[176.00,3.50],
[174.00,7.00],
[98.00,13.50],
*****************************t=44*****************************
45 generation time: 4.07 s
[184.00,3.00],
[162.00,7.50],
[100.00,13.00],
[128.00,9.00],
[176.00,3.50],
[174.00,7.00],
[98.00,13.50],
*****************************t=45*****************************
46 generation time: 4.17 s
[184.00,3.00],
[162.00,7.50],
[100.00,13.00],
[128.00,9.00],
[176.00,3.50],
[174.00,7.00],
[98.00,13.50],
*****************************t=46*****************************
47 generation time: 4.26 s
[184.00,3.00],
[162.00,7.50],
[100.00,13.00],
[128.00,9.00],
[176.00,3.50],
[174.00,7.00],
[98.00,13.50],
*****************************t=47*****************************
48 generation time: 4.36 s
[184.00,3.00],
[162.00,7.50],
[100.00,13.00],
[128.00,9.00],
[176.00,3.50],
[174.00,7.00],
[98.00,13.50],
*****************************t=48*****************************
49 generation time: 4.46 s
[184.00,3.00],
[162.00,7.50],
[100.00,13.00],
[128.00,9.00],
[176.00,3.50],
[174.00,7.00],
[98.00,13.50],
*****************************t=49*****************************
50 generation time: 4.56 s
[184.00,3.00],
[162.00,7.50],
[100.00,13.00],
[128.00,9.00],
[176.00,3.50],
[174.00,7.00],
[98.00,13.50],
*****************************t=50*****************************
51 generation time: 4.66 s
[184.00,3.00],
[162.00,7.50],
[100.00,13.00],
[128.00,9.00],
[176.00,3.50],
[174.00,7.00],
[98.00,13.50],
*****************************t=51*****************************
52 generation time: 4.75 s
[184.00,3.00],
[162.00,7.50],
[100.00,13.00],
[128.00,9.00],
[176.00,3.50],
[174.00,7.00],
[98.00,13.50],
*****************************t=52*****************************
53 generation time: 4.84 s
[184.00,3.00],
[162.00,7.50],
[100.00,13.00],
[128.00,9.00],
[176.00,3.50],
[174.00,7.00],
[98.00,13.50],
*****************************t=53*****************************
54 generation time: 4.94 s
[184.00,3.00],
[162.00,7.50],
[100.00,13.00],
[128.00,9.00],
[176.00,3.50],
[174.00,7.00],
[98.00,13.50],
*****************************t=54*****************************
55 generation time: 5.03 s
[184.00,3.00],
[162.00,7.50],
[100.00,13.00],
[128.00,9.00],
[176.00,3.50],
[174.00,7.00],
[98.00,13.50],
*****************************t=55*****************************
56 generation time: 5.13 s
[184.00,3.00],
[162.00,7.50],
[100.00,13.00],
[128.00,9.00],
[176.00,3.50],
[174.00,7.00],
[98.00,13.50],
*****************************t=56*****************************
57 generation time: 5.22 s
[184.00,3.00],
[162.00,7.50],
[100.00,13.00],
[128.00,9.00],
[176.00,3.50],
[174.00,7.00],
[98.00,13.50],
*****************************t=57*****************************
58 generation time: 5.32 s
[184.00,3.00],
[162.00,7.50],
[100.00,13.00],
[128.00,9.00],
[176.00,3.50],
[174.00,7.00],
[98.00,13.50],
*****************************t=58*****************************
59 generation time: 5.42 s
[184.00,3.00],
[162.00,7.50],
[100.00,13.00],
[128.00,9.00],
[176.00,3.50],
[174.00,7.00],
[98.00,13.50],
*****************************t=59*****************************
60 generation time: 5.51 s
[184.00,3.00],
[162.00,7.50],
[100.00,13.00],
[128.00,9.00],
[176.00,3.50],
[174.00,7.00],
[98.00,13.50],
*****************************t=60*****************************
61 generation time: 5.61 s
[184.00,3.00],
[162.00,7.50],
[100.00,13.00],
[128.00,9.00],
[176.00,3.50],
[174.00,7.00],
[98.00,13.50],
*****************************t=61*****************************
62 generation time: 5.71 s
[184.00,3.00],
[162.00,7.50],
[100.00,13.00],
[128.00,9.00],
[176.00,3.50],
[174.00,7.00],
[98.00,13.50],
*****************************t=62*****************************
63 generation time: 5.80 s
[184.00,3.00],
[162.00,7.50],
[100.00,13.00],
[128.00,9.00],
[176.00,3.50],
[174.00,7.00],
[98.00,13.50],
*****************************t=63*****************************
64 generation time: 5.89 s
[184.00,3.00],
[162.00,7.50],
[100.00,13.00],
[128.00,9.00],
[176.00,3.50],
[174.00,7.00],
[98.00,13.50],
*****************************t=64*****************************
65 generation time: 5.97 s
[184.00,3.00],
[162.00,7.50],
[100.00,13.00],
[128.00,9.00],
[176.00,3.50],
[174.00,7.00],
[98.00,13.50],
*****************************t=65*****************************
66 generation time: 6.07 s
[184.00,3.00],
[162.00,7.50],
[100.00,13.00],
[128.00,9.00],
[176.00,3.50],
[174.00,7.00],
[98.00,13.50],
*****************************t=66*****************************
67 generation time: 6.16 s
[184.00,3.00],
[162.00,7.50],
[100.00,13.00],
[128.00,9.00],
[176.00,3.50],
[174.00,7.00],
[98.00,13.50],
*****************************t=67*****************************
68 generation time: 6.25 s
[184.00,3.00],
[162.00,7.50],
[100.00,13.00],
[128.00,9.00],
[176.00,3.50],
[174.00,7.00],
[98.00,13.50],
*****************************t=68*****************************
69 generation time: 6.35 s
[184.00,3.00],
[162.00,7.50],
[100.00,13.00],
[128.00,9.00],
[176.00,3.50],
[174.00,7.00],
[98.00,13.50],
*****************************t=69*****************************
70 generation time: 6.44 s
[184.00,3.00],
[162.00,7.50],
[100.00,13.00],
[128.00,9.00],
[176.00,3.50],
[174.00,7.00],
[98.00,13.50],
*****************************t=70*****************************
71 generation time: 6.53 s
[184.00,3.00],
[162.00,7.50],
[100.00,13.00],
[128.00,9.00],
[176.00,3.50],
[174.00,7.00],
[98.00,13.50],
*****************************t=71*****************************
time to convergence: 6.60 s	
72 generation time: 6.63 s
[184.00,3.00],
[162.00,7.50],
[100.00,13.00],
[128.00,9.00],
[176.00,3.50],
[174.00,7.00],
[98.00,13.50],
[125.00,11.50],
*****************************t=72*****************************
73 generation time: 6.72 s
[184.00,3.00],
[162.00,7.50],
[100.00,13.00],
[128.00,9.00],
[176.00,3.50],
[174.00,7.00],
[98.00,13.50],
[125.00,11.50],
*****************************t=73*****************************
74 generation time: 6.82 s
[184.00,3.00],
[162.00,7.50],
[100.00,13.00],
[128.00,9.00],
[176.00,3.50],
[174.00,7.00],
[98.00,13.50],
[125.00,11.50],
*****************************t=74*****************************
75 generation time: 6.91 s
[184.00,3.00],
[162.00,7.50],
[100.00,13.00],
[128.00,9.00],
[176.00,3.50],
[174.00,7.00],
[98.00,13.50],
[125.00,11.50],
*****************************t=75*****************************
76 generation time: 7.00 s
[184.00,3.00],
[162.00,7.50],
[100.00,13.00],
[128.00,9.00],
[176.00,3.50],
[174.00,7.00],
[98.00,13.50],
[125.00,11.50],
*****************************t=76*****************************
77 generation time: 7.10 s
[184.00,3.00],
[162.00,7.50],
[100.00,13.00],
[128.00,9.00],
[176.00,3.50],
[174.00,7.00],
[98.00,13.50],
[125.00,11.50],
*****************************t=77*****************************
78 generation time: 7.17 s
[184.00,3.00],
[162.00,7.50],
[100.00,13.00],
[128.00,9.00],
[176.00,3.50],
[174.00,7.00],
[98.00,13.50],
[125.00,11.50],
*****************************t=78*****************************
79 generation time: 7.27 s
[184.00,3.00],
[162.00,7.50],
[100.00,13.00],
[128.00,9.00],
[176.00,3.50],
[174.00,7.00],
[98.00,13.50],
[125.00,11.50],
*****************************t=79*****************************
80 generation time: 7.36 s
[184.00,3.00],
[162.00,7.50],
[100.00,13.00],
[128.00,9.00],
[176.00,3.50],
[174.00,7.00],
[98.00,13.50],
[125.00,11.50],
*****************************t=80*****************************
81 generation time: 7.46 s
[184.00,3.00],
[162.00,7.50],
[100.00,13.00],
[128.00,9.00],
[176.00,3.50],
[174.00,7.00],
[98.00,13.50],
[125.00,11.50],
*****************************t=81*****************************
82 generation time: 7.55 s
[184.00,3.00],
[162.00,7.50],
[100.00,13.00],
[128.00,9.00],
[176.00,3.50],
[174.00,7.00],
[98.00,13.50],
[125.00,11.50],
*****************************t=82*****************************
83 generation time: 7.64 s
[184.00,3.00],
[162.00,7.50],
[100.00,13.00],
[128.00,9.00],
[176.00,3.50],
[174.00,7.00],
[98.00,13.50],
[125.00,11.50],
*****************************t=83*****************************
84 generation time: 7.74 s
[184.00,3.00],
[162.00,7.50],
[100.00,13.00],
[128.00,9.00],
[176.00,3.50],
[174.00,7.00],
[98.00,13.50],
[125.00,11.50],
*****************************t=84*****************************
85 generation time: 7.83 s
[184.00,3.00],
[162.00,7.50],
[100.00,13.00],
[128.00,9.00],
[176.00,3.50],
[174.00,7.00],
[98.00,13.50],
[125.00,11.50],
*****************************t=85*****************************
86 generation time: 7.92 s
[184.00,3.00],
[162.00,7.50],
[100.00,13.00],
[128.00,9.00],
[176.00,3.50],
[174.00,7.00],
[98.00,13.50],
[125.00,11.50],
*****************************t=86*****************************
87 generation time: 8.02 s
[184.00,3.00],
[162.00,7.50],
[100.00,13.00],
[128.00,9.00],
[176.00,3.50],
[174.00,7.00],
[98.00,13.50],
[125.00,11.50],
*****************************t=87*****************************
88 generation time: 8.12 s
[184.00,3.00],
[162.00,7.50],
[100.00,13.00],
[128.00,9.00],
[176.00,3.50],
[174.00,7.00],
[98.00,13.50],
[125.00,11.50],
*****************************t=88*****************************
89 generation time: 8.21 s
[184.00,3.00],
[162.00,7.50],
[100.00,13.00],
[128.00,9.00],
[176.00,3.50],
[174.00,7.00],
[98.00,13.50],
[125.00,11.50],
*****************************t=89*****************************
90 generation time: 8.31 s
[184.00,3.00],
[162.00,7.50],
[100.00,13.00],
[128.00,9.00],
[176.00,3.50],
[174.00,7.00],
[98.00,13.50],
[125.00,11.50],
*****************************t=90*****************************
91 generation time: 8.40 s
[184.00,3.00],
[162.00,7.50],
[100.00,13.00],
[128.00,9.00],
[176.00,3.50],
[174.00,7.00],
[98.00,13.50],
[125.00,11.50],
*****************************t=91*****************************
92 generation time: 8.50 s
[184.00,3.00],
[162.00,7.50],
[100.00,13.00],
[128.00,9.00],
[176.00,3.50],
[174.00,7.00],
[98.00,13.50],
[125.00,11.50],
*****************************t=92*****************************
93 generation time: 8.60 s
[184.00,3.00],
[162.00,7.50],
[100.00,13.00],
[128.00,9.00],
[176.00,3.50],
[174.00,7.00],
[98.00,13.50],
[125.00,11.50],
*****************************t=93*****************************
94 generation time: 8.70 s
[184.00,3.00],
[162.00,7.50],
[100.00,13.00],
[128.00,9.00],
[176.00,3.50],
[174.00,7.00],
[98.00,13.50],
[125.00,11.50],
*****************************t=94*****************************
95 generation time: 8.80 s
[184.00,3.00],
[162.00,7.50],
[100.00,13.00],
[128.00,9.00],
[176.00,3.50],
[163.00,7.00],
[98.00,13.50],
[125.00,11.50],
*****************************t=95*****************************
96 generation time: 8.89 s
[184.00,3.00],
[162.00,7.50],
[100.00,13.00],
[128.00,9.00],
[176.00,3.50],
[163.00,7.00],
[98.00,13.50],
[125.00,11.50],
*****************************t=96*****************************
97 generation time: 8.99 s
[184.00,3.00],
[162.00,7.50],
[100.00,13.00],
[128.00,9.00],
[176.00,3.50],
[163.00,7.00],
[98.00,13.50],
[125.00,11.50],
*****************************t=97*****************************
98 generation time: 9.08 s
[184.00,3.00],
[162.00,7.50],
[100.00,13.00],
[128.00,9.00],
[176.00,3.50],
[163.00,7.00],
[98.00,13.50],
[125.00,11.50],
*****************************t=98*****************************
99 generation time: 9.18 s
[184.00,3.00],
[162.00,7.50],
[100.00,13.00],
[128.00,9.00],
[176.00,3.50],
[163.00,7.00],
[98.00,13.50],
[125.00,11.50],
*****************************t=99*****************************
100 generation time: 9.27 s
[184.00,3.00],
[162.00,7.50],
[100.00,13.00],
[128.00,9.00],
[176.00,3.50],
[163.00,7.00],
[98.00,13.50],
[125.00,11.50],
[184.00,3.00],
[162.00,7.50],
[100.00,13.00],
[128.00,9.00],
[176.00,3.50],
[163.00,7.00],
[98.00,13.50],
[125.00,11.50],
tot = 8
total time: 9.33 s
