m = 4 n = 14
pop = 30 gen = 100
init...begin
init...done
*****************************t=0*****************************
1 generation time: 0.09 s
[151441.00,9703.00],
*****************************t=1*****************************
time to convergence: 0.15 s	
2 generation time: 0.19 s
[151441.00,9703.00],
[150287.00,35446.50],
*****************************t=2*****************************
time to convergence: 0.25 s	
time to convergence: 0.25 s	
3 generation time: 0.28 s
[151441.00,9703.00],
[150287.00,35446.50],
[151239.00,20031.00],
[149900.00,44557.00],
*****************************t=3*****************************
time to convergence: 0.34 s	
time to convergence: 0.34 s	
4 generation time: 0.37 s
[151441.00,9703.00],
[150287.00,35446.50],
[150719.00,13577.00],
[149900.00,44557.00],
[148301.00,44858.50],
[150661.00,27531.00],
*****************************t=4*****************************
time to convergence: 0.42 s	
5 generation time: 0.45 s
[151441.00,9703.00],
[150287.00,35446.50],
[150719.00,13577.00],
[149900.00,44557.00],
[148301.00,44858.50],
[150661.00,27531.00],
[172687.00,5239.00],
*****************************t=5*****************************
6 generation time: 0.54 s
[151441.00,9703.00],
[150287.00,35446.50],
[150719.00,13577.00],
[149900.00,44557.00],
[148301.00,44858.50],
[150661.00,27531.00],
[172687.00,5239.00],
*****************************t=6*****************************
7 generation time: 0.64 s
[151441.00,9703.00],
[150287.00,35446.50],
[150719.00,13577.00],
[141076.00,42749.00],
[150661.00,27531.00],
[172687.00,5239.00],
*****************************t=7*****************************
time to convergence: 0.71 s	
8 generation time: 0.75 s
[151441.00,9703.00],
[150287.00,35446.50],
[150719.00,13577.00],
[141076.00,42749.00],
[150303.00,17473.00],
[172687.00,5239.00],
[140898.00,46820.50],
*****************************t=8*****************************
9 generation time: 0.84 s
[151441.00,9703.00],
[150287.00,35446.50],
[150719.00,13577.00],
[141076.00,42749.00],
[150303.00,17473.00],
[172687.00,5239.00],
[140898.00,46820.50],
*****************************t=9*****************************
10 generation time: 0.94 s
[151441.00,9703.00],
[150287.00,35446.50],
[150719.00,13577.00],
[141076.00,42749.00],
[150303.00,17473.00],
[172687.00,5239.00],
[140898.00,46820.50],
*****************************t=10*****************************
11 generation time: 1.03 s
[151441.00,9703.00],
[150287.00,35446.50],
[150719.00,13577.00],
[141076.00,42749.00],
[150303.00,17473.00],
[172687.00,5239.00],
[140898.00,46820.50],
*****************************t=11*****************************
12 generation time: 1.14 s
[151441.00,9703.00],
[150171.00,20378.50],
[150719.00,13577.00],
[141076.00,42749.00],
[150303.00,17473.00],
[170357.00,4514.50],
[140898.00,46820.50],
*****************************t=12*****************************
13 generation time: 1.23 s
[151441.00,9703.00],
[150171.00,20378.50],
[150719.00,13577.00],
[141076.00,42749.00],
[150303.00,17473.00],
[170357.00,4514.50],
[140898.00,46820.50],
*****************************t=13*****************************
14 generation time: 1.32 s
[151441.00,9703.00],
[150171.00,20378.50],
[150719.00,13577.00],
[141076.00,42749.00],
[150303.00,17473.00],
[170357.00,4514.50],
[140898.00,46820.50],
*****************************t=14*****************************
15 generation time: 1.42 s
[151441.00,9703.00],
[150171.00,20378.50],
[150719.00,13577.00],
[141076.00,42749.00],
[150303.00,17473.00],
[170357.00,4514.50],
[140898.00,46820.50],
*****************************t=15*****************************
time to convergence: 1.48 s	
16 generation time: 1.51 s
[151441.00,9703.00],
[150171.00,20378.50],
[150719.00,13577.00],
[141076.00,42749.00],
[150303.00,17473.00],
[170357.00,4514.50],
[140898.00,46820.50],
[148989.00,31405.00],
*****************************t=16*****************************
time to convergence: 1.58 s	
17 generation time: 1.61 s
[151441.00,9703.00],
[150171.00,20378.50],
[150719.00,13577.00],
[141076.00,42749.00],
[150303.00,17473.00],
[170357.00,4514.50],
[140370.00,44581.00],
[148989.00,31405.00],
[150793.00,11026.50],
*****************************t=17*****************************
18 generation time: 1.70 s
[151441.00,9703.00],
[150171.00,20378.50],
[150719.00,13577.00],
[141076.00,42749.00],
[150303.00,17473.00],
[170357.00,4514.50],
[140370.00,44581.00],
[148989.00,31405.00],
[150793.00,11026.50],
*****************************t=18*****************************
time to convergence: 1.77 s	
19 generation time: 1.80 s
[151441.00,9703.00],
[150171.00,20378.50],
[150719.00,13577.00],
[140639.00,36418.50],
[150303.00,17473.00],
[170357.00,4514.50],
[140370.00,44581.00],
[148989.00,31405.00],
[150793.00,11026.50],
[149187.00,21637.50],
*****************************t=19*****************************
20 generation time: 1.90 s
[151441.00,9703.00],
[150171.00,20378.50],
[150719.00,13577.00],
[140639.00,36418.50],
[150303.00,17473.00],
[170357.00,4514.50],
[140370.00,44581.00],
[148989.00,31405.00],
[150793.00,11026.50],
[149187.00,21637.50],
*****************************t=20*****************************
21 generation time: 1.99 s
[151441.00,9703.00],
[150171.00,20378.50],
[150719.00,13577.00],
[140639.00,36418.50],
[150303.00,17473.00],
[170357.00,4514.50],
[140370.00,44581.00],
[148989.00,31405.00],
[150793.00,11026.50],
[149187.00,21637.50],
*****************************t=21*****************************
22 generation time: 2.09 s
[151441.00,9703.00],
[150171.00,20378.50],
[150719.00,13577.00],
[140639.00,36418.50],
[150303.00,17473.00],
[170357.00,4514.50],
[140370.00,44581.00],
[146096.00,29413.00],
[150793.00,11026.50],
[149187.00,21637.50],
*****************************t=22*****************************
23 generation time: 2.18 s
[151441.00,9703.00],
[150171.00,20378.50],
[150719.00,13577.00],
[140639.00,36418.50],
[150303.00,17473.00],
[170357.00,4514.50],
[140370.00,44581.00],
[146096.00,29413.00],
[150793.00,11026.50],
[149187.00,21637.50],
*****************************t=23*****************************
time to convergence: 2.25 s	
24 generation time: 2.28 s
[151441.00,9703.00],
[142875.00,19979.00],
[150719.00,13577.00],
[140639.00,36418.50],
[150303.00,17473.00],
[170357.00,4514.50],
[140370.00,44581.00],
[150793.00,11026.50],
[151913.00,6159.00],
*****************************t=24*****************************
25 generation time: 2.37 s
[151441.00,9703.00],
[142875.00,19979.00],
[150719.00,13577.00],
[140639.00,36418.50],
[150303.00,17473.00],
[170357.00,4514.50],
[140370.00,44581.00],
[150793.00,11026.50],
[151913.00,6159.00],
*****************************t=25*****************************
26 generation time: 2.47 s
[151441.00,9703.00],
[142875.00,19979.00],
[150719.00,13577.00],
[140639.00,36418.50],
[150303.00,17473.00],
[170357.00,4514.50],
[140370.00,44581.00],
[150793.00,11026.50],
[151913.00,6159.00],
*****************************t=26*****************************
27 generation time: 2.57 s
[151441.00,9703.00],
[142875.00,19979.00],
[150719.00,13577.00],
[140639.00,36418.50],
[150303.00,17473.00],
[170357.00,4514.50],
[140370.00,44581.00],
[150793.00,11026.50],
[151913.00,6159.00],
*****************************t=27*****************************
28 generation time: 2.66 s
[151441.00,9703.00],
[142331.00,9829.00],
[140639.00,36418.50],
[170357.00,4514.50],
[140370.00,44581.00],
[151913.00,6159.00],
*****************************t=28*****************************
29 generation time: 2.76 s
[151441.00,9703.00],
[142331.00,9829.00],
[140639.00,36418.50],
[170357.00,4514.50],
[140370.00,44581.00],
[151913.00,6159.00],
*****************************t=29*****************************
30 generation time: 2.85 s
[151441.00,9703.00],
[142331.00,9829.00],
[140639.00,36418.50],
[170357.00,4514.50],
[140370.00,44581.00],
[151913.00,6159.00],
*****************************t=30*****************************
31 generation time: 2.94 s
[151441.00,9703.00],
[142331.00,9829.00],
[140639.00,36418.50],
[170357.00,4514.50],
[140370.00,44581.00],
[151913.00,6159.00],
*****************************t=31*****************************
32 generation time: 3.03 s
[151441.00,9703.00],
[142331.00,9829.00],
[140639.00,36418.50],
[170357.00,4514.50],
[139450.00,38107.00],
[151913.00,6159.00],
*****************************t=32*****************************
33 generation time: 3.13 s
[151441.00,9703.00],
[142331.00,9829.00],
[140639.00,36418.50],
[170357.00,4514.50],
[139450.00,38107.00],
[151913.00,6159.00],
*****************************t=33*****************************
34 generation time: 3.23 s
[151441.00,9703.00],
[142331.00,9829.00],
[140639.00,36418.50],
[170357.00,4514.50],
[139450.00,38107.00],
[151913.00,6159.00],
*****************************t=34*****************************
35 generation time: 3.32 s
[151441.00,9703.00],
[142331.00,9829.00],
[140639.00,36418.50],
[170357.00,4514.50],
[139450.00,38107.00],
[151913.00,6159.00],
*****************************t=35*****************************
36 generation time: 3.42 s
[151441.00,9703.00],
[142331.00,9829.00],
[140639.00,36418.50],
[170357.00,4514.50],
[139450.00,38107.00],
[151913.00,6159.00],
*****************************t=36*****************************
37 generation time: 3.51 s
[151441.00,9703.00],
[142331.00,9829.00],
[140639.00,36418.50],
[170357.00,4514.50],
[139450.00,38107.00],
[151913.00,6159.00],
*****************************t=37*****************************
38 generation time: 3.60 s
[151441.00,9703.00],
[142331.00,9829.00],
[140639.00,36418.50],
[170357.00,4514.50],
[139450.00,38107.00],
[151913.00,6159.00],
*****************************t=38*****************************
39 generation time: 3.70 s
[151441.00,9703.00],
[142331.00,9829.00],
[140639.00,36418.50],
[170357.00,4514.50],
[139450.00,38107.00],
[151913.00,6159.00],
*****************************t=39*****************************
40 generation time: 3.79 s
[151441.00,9703.00],
[142331.00,9829.00],
[140639.00,36418.50],
[170357.00,4514.50],
[139450.00,38107.00],
[151913.00,6159.00],
*****************************t=40*****************************
41 generation time: 3.89 s
[151441.00,9703.00],
[142331.00,9829.00],
[140639.00,36418.50],
[170357.00,4514.50],
[139450.00,38107.00],
[151913.00,6159.00],
*****************************t=41*****************************
42 generation time: 3.99 s
[151441.00,9703.00],
[142331.00,9829.00],
[140639.00,36418.50],
[170357.00,4514.50],
[139450.00,38107.00],
[151913.00,6159.00],
*****************************t=42*****************************
time to convergence: 4.06 s	
43 generation time: 4.09 s
[151441.00,9703.00],
[142331.00,9829.00],
[140639.00,36418.50],
[170357.00,4514.50],
[139450.00,38107.00],
[151913.00,6159.00],
[141076.00,35225.00],
*****************************t=43*****************************
44 generation time: 4.18 s
[151441.00,9703.00],
[142331.00,9829.00],
[140639.00,36418.50],
[170357.00,4514.50],
[139450.00,38107.00],
[151913.00,6159.00],
[141076.00,35225.00],
*****************************t=44*****************************
45 generation time: 4.27 s
[151441.00,9703.00],
[142331.00,9829.00],
[140639.00,36418.50],
[170357.00,4514.50],
[139450.00,38107.00],
[151913.00,6159.00],
[141076.00,35225.00],
*****************************t=45*****************************
46 generation time: 4.37 s
[151441.00,9703.00],
[142331.00,9829.00],
[135689.00,21380.50],
[170357.00,4514.50],
[151913.00,6159.00],
*****************************t=46*****************************
47 generation time: 4.46 s
[151441.00,9703.00],
[142331.00,9829.00],
[135689.00,21380.50],
[170357.00,4514.50],
[151913.00,6159.00],
*****************************t=47*****************************
48 generation time: 4.55 s
[151441.00,9703.00],
[142331.00,9829.00],
[135689.00,21380.50],
[170357.00,4514.50],
[151913.00,6159.00],
*****************************t=48*****************************
49 generation time: 4.65 s
[151441.00,9703.00],
[142331.00,9829.00],
[135689.00,21380.50],
[170357.00,4514.50],
[151913.00,6159.00],
*****************************t=49*****************************
50 generation time: 4.74 s
[151441.00,9703.00],
[142331.00,9829.00],
[135689.00,21380.50],
[170357.00,4514.50],
[151913.00,6159.00],
*****************************t=50*****************************
51 generation time: 4.84 s
[151441.00,9703.00],
[142331.00,9829.00],
[135689.00,21380.50],
[170357.00,4514.50],
[151913.00,6159.00],
*****************************t=51*****************************
52 generation time: 4.93 s
[151441.00,9703.00],
[142331.00,9829.00],
[135689.00,21380.50],
[170357.00,4514.50],
[151913.00,6159.00],
*****************************t=52*****************************
53 generation time: 5.03 s
[151441.00,9703.00],
[142331.00,9829.00],
[135689.00,21380.50],
[170357.00,4514.50],
[151913.00,6159.00],
*****************************t=53*****************************
54 generation time: 5.12 s
[151441.00,9703.00],
[142331.00,9829.00],
[135689.00,21380.50],
[170357.00,4514.50],
[151913.00,6159.00],
*****************************t=54*****************************
55 generation time: 5.22 s
[151441.00,9703.00],
[142331.00,9829.00],
[135689.00,21380.50],
[170357.00,4514.50],
[151913.00,6159.00],
*****************************t=55*****************************
56 generation time: 5.33 s
[151441.00,9703.00],
[142331.00,9829.00],
[135689.00,21380.50],
[170357.00,4514.50],
[151913.00,6159.00],
*****************************t=56*****************************
57 generation time: 5.42 s
[151441.00,9703.00],
[142331.00,9829.00],
[135689.00,21380.50],
[170357.00,4514.50],
[151913.00,6159.00],
*****************************t=57*****************************
58 generation time: 5.52 s
[151441.00,9703.00],
[142331.00,9829.00],
[135689.00,21380.50],
[170357.00,4514.50],
[151913.00,6159.00],
*****************************t=58*****************************
time to convergence: 5.59 s	
59 generation time: 5.62 s
[151441.00,9703.00],
[142331.00,9829.00],
[135689.00,21380.50],
[170357.00,4514.50],
[151913.00,6159.00],
[133735.00,27216.50],
*****************************t=59*****************************
60 generation time: 5.71 s
[151441.00,9703.00],
[142331.00,9829.00],
[135689.00,21380.50],
[170357.00,4514.50],
[151913.00,6159.00],
[133735.00,27216.50],
*****************************t=60*****************************
61 generation time: 5.81 s
[151441.00,9703.00],
[142331.00,9829.00],
[135689.00,21380.50],
[170357.00,4514.50],
[151913.00,6159.00],
[133735.00,27216.50],
*****************************t=61*****************************
62 generation time: 5.91 s
[151441.00,9703.00],
[142331.00,9829.00],
[135689.00,21380.50],
[170357.00,4514.50],
[151913.00,6159.00],
[133735.00,27216.50],
*****************************t=62*****************************
63 generation time: 6.00 s
[151441.00,9703.00],
[142331.00,9829.00],
[135689.00,21380.50],
[170357.00,4514.50],
[151913.00,6159.00],
[133735.00,27216.50],
*****************************t=63*****************************
64 generation time: 6.10 s
[151441.00,9703.00],
[142331.00,9829.00],
[135689.00,21380.50],
[170357.00,4514.50],
[151913.00,6159.00],
[133735.00,27216.50],
*****************************t=64*****************************
65 generation time: 6.21 s
[151441.00,9703.00],
[142331.00,9829.00],
[135689.00,21380.50],
[170357.00,4514.50],
[151913.00,6159.00],
[133735.00,27216.50],
*****************************t=65*****************************
66 generation time: 6.30 s
[151441.00,9703.00],
[142331.00,9829.00],
[135689.00,21380.50],
[170357.00,4514.50],
[151913.00,6159.00],
[133735.00,27216.50],
*****************************t=66*****************************
67 generation time: 6.40 s
[151441.00,9703.00],
[142331.00,9829.00],
[135689.00,21380.50],
[170357.00,4514.50],
[151913.00,6159.00],
[133735.00,27216.50],
*****************************t=67*****************************
68 generation time: 6.50 s
[151441.00,9703.00],
[142331.00,9829.00],
[135689.00,21380.50],
[170357.00,4514.50],
[151913.00,6159.00],
[133735.00,27216.50],
*****************************t=68*****************************
time to convergence: 6.56 s	
69 generation time: 6.59 s
[151441.00,9703.00],
[142331.00,9829.00],
[135689.00,21380.50],
[170357.00,4514.50],
[151913.00,6159.00],
[133735.00,27216.50],
[189046.00,3277.00],
*****************************t=69*****************************
70 generation time: 6.69 s
[151441.00,9703.00],
[142331.00,9829.00],
[135689.00,21380.50],
[170357.00,4514.50],
[151913.00,6159.00],
[133735.00,27216.50],
[189046.00,3277.00],
*****************************t=70*****************************
71 generation time: 6.78 s
[151441.00,9703.00],
[142331.00,9829.00],
[135689.00,21380.50],
[170357.00,4514.50],
[151913.00,6159.00],
[133735.00,27216.50],
[189046.00,3277.00],
*****************************t=71*****************************
72 generation time: 6.87 s
[151441.00,9703.00],
[142331.00,9829.00],
[135689.00,21380.50],
[170357.00,4514.50],
[151913.00,6159.00],
[133735.00,27216.50],
[189046.00,3277.00],
*****************************t=72*****************************
73 generation time: 6.97 s
[151441.00,9703.00],
[142331.00,9829.00],
[135689.00,21380.50],
[170357.00,4514.50],
[151913.00,6159.00],
[133735.00,27216.50],
[189046.00,3277.00],
*****************************t=73*****************************
74 generation time: 7.07 s
[151441.00,9703.00],
[142331.00,9829.00],
[135689.00,21380.50],
[170357.00,4514.50],
[151913.00,6159.00],
[133735.00,27216.50],
[189046.00,3277.00],
*****************************t=74*****************************
75 generation time: 7.17 s
[151441.00,9703.00],
[142331.00,9829.00],
[135689.00,21380.50],
[170357.00,4514.50],
[151913.00,6159.00],
[133735.00,27216.50],
[189046.00,3277.00],
*****************************t=75*****************************
time to convergence: 7.23 s	
76 generation time: 7.26 s
[151441.00,9703.00],
[142331.00,9829.00],
[135689.00,21380.50],
[170357.00,4514.50],
[151913.00,6159.00],
[133735.00,27216.50],
[189046.00,3277.00],
[140242.00,14764.50],
*****************************t=76*****************************
77 generation time: 7.37 s
[151441.00,9703.00],
[142331.00,9829.00],
[135689.00,21380.50],
[170357.00,4514.50],
[151913.00,6159.00],
[133735.00,27216.50],
[189046.00,3277.00],
[140242.00,14764.50],
*****************************t=77*****************************
78 generation time: 7.46 s
[151441.00,9703.00],
[142331.00,9829.00],
[135689.00,21380.50],
[170357.00,4514.50],
[151913.00,6159.00],
[133735.00,27216.50],
[189046.00,3277.00],
[140242.00,14764.50],
*****************************t=78*****************************
79 generation time: 7.55 s
[151441.00,9703.00],
[142331.00,9829.00],
[135689.00,21380.50],
[170357.00,4514.50],
[151913.00,6159.00],
[133735.00,27216.50],
[189046.00,3277.00],
[140242.00,14764.50],
*****************************t=79*****************************
80 generation time: 7.65 s
[151441.00,9703.00],
[142331.00,9829.00],
[135689.00,21380.50],
[170357.00,4514.50],
[151913.00,6159.00],
[133735.00,27216.50],
[189046.00,3277.00],
[140242.00,14764.50],
*****************************t=80*****************************
81 generation time: 7.75 s
[151441.00,9703.00],
[142331.00,9829.00],
[135689.00,21380.50],
[170357.00,4514.50],
[151913.00,6159.00],
[133735.00,27216.50],
[189046.00,3277.00],
[140242.00,14764.50],
*****************************t=81*****************************
82 generation time: 7.85 s
[151441.00,9703.00],
[142331.00,9829.00],
[135689.00,21380.50],
[170357.00,4514.50],
[151913.00,6159.00],
[133735.00,27216.50],
[189046.00,3277.00],
[140242.00,14764.50],
*****************************t=82*****************************
83 generation time: 7.94 s
[151441.00,9703.00],
[142331.00,9829.00],
[135689.00,21380.50],
[170357.00,4514.50],
[151913.00,6159.00],
[133735.00,27216.50],
[189046.00,3277.00],
[140242.00,14764.50],
*****************************t=83*****************************
84 generation time: 8.04 s
[151441.00,9703.00],
[142331.00,9829.00],
[135689.00,21380.50],
[170357.00,4514.50],
[151913.00,6159.00],
[133735.00,27216.50],
[189046.00,3277.00],
[140242.00,14764.50],
*****************************t=84*****************************
85 generation time: 8.14 s
[151441.00,9703.00],
[142331.00,9829.00],
[135689.00,21380.50],
[170357.00,4514.50],
[151913.00,6159.00],
[133735.00,27216.50],
[189046.00,3277.00],
[140242.00,14764.50],
*****************************t=85*****************************
86 generation time: 8.24 s
[151441.00,9703.00],
[142331.00,9829.00],
[135689.00,21380.50],
[170357.00,4514.50],
[151913.00,6159.00],
[133735.00,27216.50],
[189046.00,3277.00],
[140242.00,14764.50],
*****************************t=86*****************************
87 generation time: 8.34 s
[151441.00,9703.00],
[142331.00,9829.00],
[135689.00,21380.50],
[170357.00,4514.50],
[151913.00,6159.00],
[133735.00,27216.50],
[189046.00,3277.00],
[140242.00,14764.50],
*****************************t=87*****************************
88 generation time: 8.44 s
[151441.00,9703.00],
[142331.00,9829.00],
[135689.00,21380.50],
[170357.00,4514.50],
[151913.00,6159.00],
[133735.00,27216.50],
[189046.00,3277.00],
[140242.00,14764.50],
*****************************t=88*****************************
89 generation time: 8.54 s
[151441.00,9703.00],
[142331.00,9829.00],
[135689.00,21380.50],
[170357.00,4514.50],
[151913.00,6159.00],
[133735.00,27216.50],
[189046.00,3277.00],
[140242.00,14764.50],
*****************************t=89*****************************
90 generation time: 8.63 s
[151441.00,9703.00],
[142331.00,9829.00],
[135689.00,21380.50],
[170357.00,4514.50],
[151913.00,6159.00],
[133735.00,27216.50],
[189046.00,3277.00],
[140242.00,14764.50],
*****************************t=90*****************************
91 generation time: 8.73 s
[151441.00,9703.00],
[142331.00,9829.00],
[135689.00,21380.50],
[170357.00,4514.50],
[151913.00,6159.00],
[133735.00,27216.50],
[189046.00,3277.00],
[140242.00,14764.50],
*****************************t=91*****************************
92 generation time: 8.84 s
[151441.00,9703.00],
[142331.00,9829.00],
[135689.00,21380.50],
[170357.00,4514.50],
[151913.00,6159.00],
[133735.00,27216.50],
[189046.00,3277.00],
[140242.00,14764.50],
*****************************t=92*****************************
93 generation time: 8.93 s
[151441.00,9703.00],
[142331.00,9829.00],
[135689.00,21380.50],
[170357.00,4514.50],
[151913.00,6159.00],
[133735.00,27216.50],
[189046.00,3277.00],
[140242.00,14764.50],
*****************************t=93*****************************
94 generation time: 9.03 s
[151441.00,9703.00],
[142331.00,9829.00],
[135689.00,21380.50],
[170357.00,4514.50],
[151913.00,6159.00],
[133735.00,27216.50],
[189046.00,3277.00],
[140242.00,14764.50],
*****************************t=94*****************************
95 generation time: 9.12 s
[151441.00,9703.00],
[142331.00,9829.00],
[135689.00,21380.50],
[170357.00,4514.50],
[151913.00,6159.00],
[133735.00,27216.50],
[189046.00,3277.00],
[140242.00,14764.50],
*****************************t=95*****************************
96 generation time: 9.22 s
[151441.00,9703.00],
[142331.00,9829.00],
[135689.00,21380.50],
[170357.00,4514.50],
[151913.00,6159.00],
[133735.00,27216.50],
[189046.00,3277.00],
[140242.00,14764.50],
*****************************t=96*****************************
97 generation time: 9.31 s
[151441.00,9703.00],
[142331.00,9829.00],
[135689.00,21380.50],
[170357.00,4514.50],
[151913.00,6159.00],
[133735.00,27216.50],
[189046.00,3277.00],
[140242.00,14764.50],
*****************************t=97*****************************
98 generation time: 9.41 s
[151441.00,9703.00],
[142331.00,9829.00],
[135689.00,21380.50],
[170357.00,4514.50],
[151913.00,6159.00],
[133735.00,27216.50],
[189046.00,3277.00],
[140242.00,14764.50],
*****************************t=98*****************************
99 generation time: 9.51 s
[151441.00,9703.00],
[142331.00,9829.00],
[135689.00,21380.50],
[170357.00,4514.50],
[151913.00,6159.00],
[133735.00,27216.50],
[189046.00,3277.00],
[140242.00,14764.50],
*****************************t=99*****************************
100 generation time: 9.61 s
[151441.00,9703.00],
[142331.00,9829.00],
[135689.00,21380.50],
[170357.00,4514.50],
[151913.00,6159.00],
[133735.00,27216.50],
[189046.00,3277.00],
[140242.00,14764.50],
[151441.00,9703.00],
[142331.00,9829.00],
[135689.00,21380.50],
[170357.00,4514.50],
[151913.00,6159.00],
[133735.00,27216.50],
[189046.00,3277.00],
[140242.00,14764.50],
tot = 8
total time: 9.67 s
