m = 4 n = 14
pop = 30 gen = 100
init...begin
init...done
*****************************t=0*****************************
time to convergence: 0.10 s	
time to convergence: 0.10 s	
1 generation time: 0.14 s
[150729.00,42667.00],
[191755.00,3225.00],
[152054.00,6033.50],
*****************************t=1*****************************
time to convergence: 0.22 s	
time to convergence: 0.22 s	
time to convergence: 0.22 s	
2 generation time: 0.26 s
[150729.00,42667.00],
[191755.00,3225.00],
[152054.00,6033.50],
[150463.00,47461.00],
[150815.00,21285.00],
[149481.00,53155.00],
*****************************t=2*****************************
3 generation time: 0.38 s
[150729.00,42667.00],
[191755.00,3225.00],
[152054.00,6033.50],
[150463.00,47461.00],
[150815.00,21285.00],
[149481.00,53155.00],
*****************************t=3*****************************
time to convergence: 0.45 s	
time to convergence: 0.45 s	
4 generation time: 0.48 s
[149371.00,42295.50],
[191755.00,3225.00],
[152054.00,6033.50],
[150815.00,21285.00],
[143030.00,78393.00],
[146712.00,49303.00],
*****************************t=4*****************************
5 generation time: 0.58 s
[149371.00,42295.50],
[191755.00,3225.00],
[152054.00,6033.50],
[150815.00,21285.00],
[143030.00,78393.00],
[146712.00,49303.00],
*****************************t=5*****************************
6 generation time: 0.68 s
[145176.00,36139.00],
[191755.00,3225.00],
[152054.00,6033.50],
[150815.00,21285.00],
[143030.00,78393.00],
*****************************t=6*****************************
7 generation time: 0.79 s
[145176.00,36139.00],
[191755.00,3225.00],
[152054.00,6033.50],
[150815.00,21285.00],
[143030.00,78393.00],
*****************************t=7*****************************
time to convergence: 0.86 s	
8 generation time: 0.89 s
[145176.00,36139.00],
[191755.00,3225.00],
[152054.00,6033.50],
[150815.00,21285.00],
[143030.00,78393.00],
[150809.00,22299.00],
*****************************t=8*****************************
9 generation time: 0.99 s
[145176.00,36139.00],
[191755.00,3225.00],
[152054.00,6033.50],
[150815.00,21285.00],
[143030.00,78393.00],
[150809.00,22299.00],
*****************************t=9*****************************
10 generation time: 1.09 s
[145176.00,36139.00],
[191755.00,3225.00],
[152054.00,6033.50],
[150815.00,21285.00],
[143030.00,78393.00],
[150809.00,22299.00],
*****************************t=10*****************************
11 generation time: 1.19 s
[145176.00,36139.00],
[191755.00,3225.00],
[152054.00,6033.50],
[150815.00,21285.00],
[140276.00,55314.50],
[150809.00,22299.00],
*****************************t=11*****************************
12 generation time: 1.29 s
[145176.00,36139.00],
[191755.00,3225.00],
[152054.00,6033.50],
[150815.00,21285.00],
[140276.00,55314.50],
[150809.00,22299.00],
*****************************t=12*****************************
13 generation time: 1.40 s
[145176.00,36139.00],
[191755.00,3225.00],
[152054.00,6033.50],
[150815.00,21285.00],
[140276.00,55314.50],
[150809.00,22299.00],
*****************************t=13*****************************
14 generation time: 1.50 s
[145176.00,36139.00],
[191755.00,3225.00],
[152054.00,6033.50],
[150815.00,21285.00],
[140276.00,55314.50],
[150809.00,22299.00],
*****************************t=14*****************************
time to convergence: 1.57 s	
15 generation time: 1.60 s
[145176.00,36139.00],
[191755.00,3225.00],
[152054.00,6033.50],
[150815.00,21285.00],
[140276.00,55314.50],
[150809.00,22299.00],
[149540.00,31548.50],
*****************************t=15*****************************
16 generation time: 1.70 s
[145176.00,36139.00],
[191755.00,3225.00],
[152054.00,6033.50],
[150815.00,21285.00],
[140276.00,55314.50],
[150339.00,21941.00],
[149540.00,31548.50],
*****************************t=16*****************************
17 generation time: 1.81 s
[145176.00,36139.00],
[191755.00,3225.00],
[152054.00,6033.50],
[150815.00,21285.00],
[140276.00,55314.50],
[150339.00,21941.00],
[149540.00,31548.50],
*****************************t=17*****************************
18 generation time: 1.91 s
[145176.00,36139.00],
[191755.00,3225.00],
[152054.00,6033.50],
[150815.00,21285.00],
[140276.00,55314.50],
[150339.00,21941.00],
[149540.00,31548.50],
*****************************t=18*****************************
time to convergence: 1.98 s	
19 generation time: 2.03 s
[145176.00,36139.00],
[191755.00,3225.00],
[152054.00,6033.50],
[150453.00,17585.00],
[140276.00,55314.50],
[150339.00,21941.00],
[149540.00,31548.50],
[141246.00,36394.50],
*****************************t=19*****************************
20 generation time: 2.13 s
[145176.00,36139.00],
[191755.00,3225.00],
[152054.00,6033.50],
[150453.00,17585.00],
[140276.00,55314.50],
[149749.00,20867.00],
[149540.00,31548.50],
[141246.00,36394.50],
*****************************t=20*****************************
21 generation time: 2.23 s
[145176.00,36139.00],
[191755.00,3225.00],
[152054.00,6033.50],
[150453.00,17585.00],
[140276.00,55314.50],
[149749.00,20867.00],
[149540.00,31548.50],
[141246.00,36394.50],
*****************************t=21*****************************
time to convergence: 2.31 s	
time to convergence: 2.31 s	
22 generation time: 2.34 s
[145176.00,36139.00],
[166619.00,640.50],
[152054.00,6033.50],
[150453.00,17585.00],
[140276.00,55314.50],
[149749.00,20867.00],
[149540.00,31548.50],
[140639.00,36221.00],
[146242.00,35422.50],
[151702.00,15471.00],
*****************************t=22*****************************
23 generation time: 2.46 s
[145176.00,36139.00],
[166619.00,640.50],
[152054.00,6033.50],
[150453.00,17585.00],
[140276.00,55314.50],
[149749.00,20867.00],
[149540.00,31548.50],
[140639.00,36221.00],
[146242.00,35422.50],
[151702.00,15471.00],
*****************************t=23*****************************
24 generation time: 2.56 s
[145176.00,36139.00],
[166619.00,640.50],
[152054.00,6033.50],
[150453.00,17585.00],
[140276.00,55314.50],
[149749.00,20867.00],
[149540.00,31548.50],
[140639.00,36221.00],
[146242.00,35422.50],
[151702.00,15471.00],
*****************************t=24*****************************
25 generation time: 2.67 s
[143660.00,21033.00],
[166619.00,640.50],
[152054.00,6033.50],
[150453.00,17585.00],
[140276.00,55314.50],
[149749.00,20867.00],
[140639.00,36221.00],
[151702.00,15471.00],
*****************************t=25*****************************
26 generation time: 2.77 s
[143660.00,21033.00],
[166619.00,640.50],
[152054.00,6033.50],
[150453.00,17585.00],
[140260.00,26162.50],
[149749.00,20867.00],
[151702.00,15471.00],
*****************************t=26*****************************
27 generation time: 2.87 s
[143660.00,21033.00],
[166619.00,640.50],
[152054.00,6033.50],
[150453.00,17585.00],
[140260.00,26162.50],
[149749.00,20867.00],
[151702.00,15471.00],
*****************************t=27*****************************
28 generation time: 2.97 s
[143660.00,21033.00],
[166619.00,640.50],
[152054.00,6033.50],
[150453.00,17585.00],
[140260.00,26162.50],
[149749.00,20867.00],
[151702.00,15471.00],
*****************************t=28*****************************
time to convergence: 3.03 s	
29 generation time: 3.06 s
[143660.00,21033.00],
[166619.00,640.50],
[152054.00,6033.50],
[150453.00,17585.00],
[140260.00,26162.50],
[149749.00,20867.00],
[151702.00,15471.00],
[140282.00,21203.00],
*****************************t=29*****************************
30 generation time: 3.17 s
[143660.00,21033.00],
[166619.00,640.50],
[152054.00,6033.50],
[150453.00,17585.00],
[140260.00,26162.50],
[149749.00,20867.00],
[151702.00,15471.00],
[140282.00,21203.00],
*****************************t=30*****************************
31 generation time: 3.28 s
[143660.00,21033.00],
[166619.00,640.50],
[152054.00,6033.50],
[150453.00,17585.00],
[140260.00,26162.50],
[149749.00,20867.00],
[151702.00,15471.00],
[140282.00,21203.00],
*****************************t=31*****************************
32 generation time: 3.39 s
[143660.00,21033.00],
[166619.00,640.50],
[152054.00,6033.50],
[150453.00,17585.00],
[140260.00,26162.50],
[149749.00,20867.00],
[151702.00,15471.00],
[140282.00,21203.00],
*****************************t=32*****************************
33 generation time: 3.49 s
[143660.00,21033.00],
[166619.00,640.50],
[152054.00,6033.50],
[150453.00,17585.00],
[140260.00,26162.50],
[149749.00,20867.00],
[151702.00,15471.00],
[140282.00,21203.00],
*****************************t=33*****************************
34 generation time: 3.60 s
[143660.00,21033.00],
[166619.00,640.50],
[152054.00,6033.50],
[150453.00,17585.00],
[140260.00,26162.50],
[149749.00,20867.00],
[151702.00,15471.00],
[140282.00,21203.00],
*****************************t=34*****************************
time to convergence: 3.68 s	
35 generation time: 3.71 s
[140460.00,13774.50],
[166619.00,640.50],
[152054.00,6033.50],
[140260.00,26162.50],
[140282.00,21203.00],
[150309.00,11026.50],
*****************************t=35*****************************
36 generation time: 3.80 s
[140460.00,13774.50],
[166619.00,640.50],
[152054.00,6033.50],
[140260.00,26162.50],
[140282.00,21203.00],
[150309.00,11026.50],
*****************************t=36*****************************
37 generation time: 3.90 s
[140460.00,13774.50],
[166619.00,640.50],
[152054.00,6033.50],
[140260.00,26162.50],
[140282.00,21203.00],
[150309.00,11026.50],
*****************************t=37*****************************
time to convergence: 3.97 s	
38 generation time: 4.00 s
[140460.00,13774.50],
[166619.00,640.50],
[152054.00,6033.50],
[140260.00,26162.50],
[140282.00,21203.00],
[150309.00,11026.50],
[139154.00,40984.50],
*****************************t=38*****************************
39 generation time: 4.09 s
[140460.00,13774.50],
[166619.00,640.50],
[152054.00,6033.50],
[140260.00,26162.50],
[140282.00,21203.00],
[150309.00,11026.50],
[139154.00,40984.50],
*****************************t=39*****************************
40 generation time: 4.19 s
[140460.00,13774.50],
[166619.00,640.50],
[152054.00,6033.50],
[140260.00,26162.50],
[140282.00,21203.00],
[150309.00,11026.50],
[139154.00,40984.50],
*****************************t=40*****************************
41 generation time: 4.30 s
[140460.00,13774.50],
[166619.00,640.50],
[152054.00,6033.50],
[134152.00,25254.50],
[140282.00,21203.00],
[150309.00,11026.50],
*****************************t=41*****************************
42 generation time: 4.41 s
[140460.00,13774.50],
[166619.00,640.50],
[152054.00,6033.50],
[134152.00,25254.50],
[140282.00,21203.00],
[150309.00,11026.50],
*****************************t=42*****************************
43 generation time: 4.51 s
[140460.00,13774.50],
[166619.00,640.50],
[152054.00,6033.50],
[134152.00,25254.50],
[140282.00,21203.00],
[150309.00,11026.50],
*****************************t=43*****************************
44 generation time: 4.62 s
[140460.00,13774.50],
[166619.00,640.50],
[152054.00,6033.50],
[134152.00,25254.50],
[140282.00,21203.00],
[150309.00,11026.50],
*****************************t=44*****************************
time to convergence: 4.70 s	
45 generation time: 4.74 s
[140460.00,13774.50],
[166619.00,640.50],
[152054.00,6033.50],
[134152.00,25254.50],
[140282.00,21203.00],
[150309.00,11026.50],
[150803.00,8928.50],
*****************************t=45*****************************
46 generation time: 4.85 s
[140460.00,13774.50],
[166619.00,640.50],
[152054.00,6033.50],
[134152.00,25254.50],
[140282.00,21203.00],
[150309.00,11026.50],
[150803.00,8928.50],
*****************************t=46*****************************
47 generation time: 4.94 s
[140460.00,13774.50],
[166619.00,640.50],
[152054.00,6033.50],
[134152.00,25254.50],
[140282.00,21203.00],
[150309.00,11026.50],
[150803.00,8928.50],
*****************************t=47*****************************
48 generation time: 5.05 s
[140460.00,13774.50],
[166619.00,640.50],
[152054.00,6033.50],
[134152.00,25254.50],
[140282.00,21203.00],
[150309.00,11026.50],
[150803.00,8928.50],
*****************************t=48*****************************
49 generation time: 5.15 s
[140460.00,13774.50],
[166619.00,640.50],
[152054.00,6033.50],
[134152.00,25254.50],
[140282.00,21203.00],
[150309.00,11026.50],
[150803.00,8928.50],
*****************************t=49*****************************
50 generation time: 5.25 s
[140460.00,13774.50],
[166619.00,640.50],
[152054.00,6033.50],
[134152.00,25254.50],
[140282.00,21203.00],
[150309.00,11026.50],
[150803.00,8928.50],
*****************************t=50*****************************
51 generation time: 5.37 s
[140460.00,13774.50],
[166619.00,640.50],
[152054.00,6033.50],
[134152.00,25254.50],
[140282.00,21203.00],
[150309.00,11026.50],
[150803.00,8928.50],
*****************************t=51*****************************
time to convergence: 5.43 s	
52 generation time: 5.47 s
[140460.00,13774.50],
[166619.00,640.50],
[152054.00,6033.50],
[134152.00,25254.50],
[140282.00,21203.00],
[150309.00,11026.50],
[150803.00,8928.50],
[154527.00,2684.50],
*****************************t=52*****************************
53 generation time: 5.57 s
[140460.00,13774.50],
[166619.00,640.50],
[152054.00,6033.50],
[134152.00,25254.50],
[140282.00,21203.00],
[150309.00,11026.50],
[150803.00,8928.50],
[154527.00,2684.50],
*****************************t=53*****************************
54 generation time: 5.66 s
[140460.00,13774.50],
[166619.00,640.50],
[152054.00,6033.50],
[134152.00,25254.50],
[140282.00,21203.00],
[150309.00,11026.50],
[150803.00,8928.50],
[154527.00,2684.50],
*****************************t=54*****************************
55 generation time: 5.76 s
[140460.00,13774.50],
[166619.00,640.50],
[152054.00,6033.50],
[134152.00,25254.50],
[140282.00,21203.00],
[150309.00,11026.50],
[150803.00,8928.50],
[154527.00,2684.50],
*****************************t=55*****************************
56 generation time: 5.86 s
[140460.00,13774.50],
[166619.00,640.50],
[152054.00,6033.50],
[134152.00,25254.50],
[140282.00,21203.00],
[150309.00,11026.50],
[150803.00,8928.50],
[154527.00,2684.50],
*****************************t=56*****************************
57 generation time: 5.95 s
[140460.00,13774.50],
[166619.00,640.50],
[152054.00,6033.50],
[134152.00,25254.50],
[140282.00,21203.00],
[150309.00,11026.50],
[150803.00,8928.50],
[154527.00,2684.50],
*****************************t=57*****************************
58 generation time: 6.05 s
[140460.00,13774.50],
[166619.00,640.50],
[152054.00,6033.50],
[134152.00,25254.50],
[140282.00,21203.00],
[150309.00,11026.50],
[150803.00,8928.50],
[154527.00,2684.50],
*****************************t=58*****************************
59 generation time: 6.15 s
[140460.00,13774.50],
[166619.00,640.50],
[152054.00,6033.50],
[134152.00,25254.50],
[140282.00,21203.00],
[150309.00,11026.50],
[150803.00,8928.50],
[154527.00,2684.50],
*****************************t=59*****************************
60 generation time: 6.26 s
[140460.00,13774.50],
[166619.00,640.50],
[152054.00,6033.50],
[134152.00,25254.50],
[140282.00,21203.00],
[150309.00,11026.50],
[150803.00,8928.50],
[154527.00,2684.50],
*****************************t=60*****************************
61 generation time: 6.35 s
[140460.00,13774.50],
[166619.00,640.50],
[152054.00,6033.50],
[134152.00,25254.50],
[140282.00,21203.00],
[150309.00,11026.50],
[150803.00,8928.50],
[154527.00,2684.50],
*****************************t=61*****************************
62 generation time: 6.45 s
[140460.00,13774.50],
[166619.00,640.50],
[152054.00,6033.50],
[134152.00,25254.50],
[140282.00,21203.00],
[150309.00,11026.50],
[150803.00,8928.50],
[154527.00,2684.50],
*****************************t=62*****************************
63 generation time: 6.57 s
[140460.00,13774.50],
[166619.00,640.50],
[152054.00,6033.50],
[134152.00,25254.50],
[140282.00,21203.00],
[150309.00,11026.50],
[150803.00,8928.50],
[154527.00,2684.50],
*****************************t=63*****************************
64 generation time: 6.67 s
[140460.00,13774.50],
[166619.00,640.50],
[152054.00,6033.50],
[134152.00,25254.50],
[140282.00,21203.00],
[150309.00,11026.50],
[150803.00,8928.50],
[154527.00,2684.50],
*****************************t=64*****************************
65 generation time: 6.77 s
[140460.00,13774.50],
[166619.00,640.50],
[152054.00,6033.50],
[134152.00,25254.50],
[140282.00,21203.00],
[150309.00,11026.50],
[150803.00,8928.50],
[154527.00,2684.50],
*****************************t=65*****************************
66 generation time: 6.86 s
[140460.00,13774.50],
[166619.00,640.50],
[152054.00,6033.50],
[134152.00,25254.50],
[140282.00,21203.00],
[150309.00,11026.50],
[150803.00,8928.50],
[154527.00,2684.50],
*****************************t=66*****************************
time to convergence: 6.92 s	
67 generation time: 6.96 s
[140460.00,13774.50],
[166619.00,640.50],
[152054.00,6033.50],
[134152.00,25254.50],
[140282.00,21203.00],
[150309.00,11026.50],
[150803.00,8928.50],
[154527.00,2684.50],
[151399.00,6558.50],
*****************************t=67*****************************
68 generation time: 7.06 s
[140460.00,13774.50],
[166619.00,640.50],
[152054.00,6033.50],
[134152.00,25254.50],
[140282.00,21203.00],
[150309.00,11026.50],
[150803.00,8928.50],
[154527.00,2684.50],
[151399.00,6558.50],
*****************************t=68*****************************
69 generation time: 7.18 s
[140460.00,13774.50],
[166619.00,640.50],
[152054.00,6033.50],
[134152.00,25254.50],
[140282.00,21203.00],
[150309.00,11026.50],
[150803.00,8928.50],
[154527.00,2684.50],
[151399.00,6558.50],
*****************************t=69*****************************
70 generation time: 7.32 s
[140460.00,13774.50],
[166619.00,640.50],
[152054.00,6033.50],
[134152.00,25254.50],
[140282.00,21203.00],
[150309.00,11026.50],
[150803.00,8928.50],
[154527.00,2684.50],
[151399.00,6558.50],
*****************************t=70*****************************
71 generation time: 7.42 s
[140460.00,13774.50],
[166619.00,640.50],
[152054.00,6033.50],
[134152.00,25254.50],
[140282.00,21203.00],
[150309.00,11026.50],
[150803.00,8928.50],
[154527.00,2684.50],
[151399.00,6558.50],
*****************************t=71*****************************
72 generation time: 7.52 s
[140460.00,13774.50],
[166619.00,640.50],
[152054.00,6033.50],
[134152.00,25254.50],
[140282.00,21203.00],
[150309.00,11026.50],
[150803.00,8928.50],
[154527.00,2684.50],
[151399.00,6558.50],
*****************************t=72*****************************
73 generation time: 7.64 s
[140460.00,13774.50],
[166619.00,640.50],
[152054.00,6033.50],
[134152.00,25254.50],
[140282.00,21203.00],
[150309.00,11026.50],
[150803.00,8928.50],
[154527.00,2684.50],
[151399.00,6558.50],
*****************************t=73*****************************
74 generation time: 7.75 s
[140460.00,13774.50],
[166619.00,640.50],
[152054.00,6033.50],
[134152.00,25254.50],
[140282.00,21203.00],
[150309.00,11026.50],
[150803.00,8928.50],
[154527.00,2684.50],
[151399.00,6558.50],
*****************************t=74*****************************
75 generation time: 7.85 s
[140460.00,13774.50],
[166619.00,640.50],
[152054.00,6033.50],
[134152.00,25254.50],
[140282.00,21203.00],
[150309.00,11026.50],
[150803.00,8928.50],
[154527.00,2684.50],
[151399.00,6558.50],
*****************************t=75*****************************
76 generation time: 7.95 s
[140460.00,13774.50],
[166619.00,640.50],
[152054.00,6033.50],
[134152.00,25254.50],
[140282.00,21203.00],
[150309.00,11026.50],
[150803.00,8928.50],
[154527.00,2684.50],
[151399.00,6558.50],
*****************************t=76*****************************
77 generation time: 8.07 s
[140460.00,13774.50],
[166619.00,640.50],
[152054.00,6033.50],
[134152.00,25254.50],
[140282.00,21203.00],
[150309.00,11026.50],
[150803.00,8928.50],
[154527.00,2684.50],
[151399.00,6558.50],
*****************************t=77*****************************
78 generation time: 8.19 s
[140460.00,13774.50],
[166619.00,640.50],
[152054.00,6033.50],
[134152.00,25254.50],
[140282.00,21203.00],
[150309.00,11026.50],
[150803.00,8928.50],
[154527.00,2684.50],
[151399.00,6558.50],
*****************************t=78*****************************
79 generation time: 8.30 s
[140460.00,13774.50],
[166619.00,640.50],
[152054.00,6033.50],
[134152.00,25254.50],
[140282.00,21203.00],
[150309.00,11026.50],
[150803.00,8928.50],
[154527.00,2684.50],
[151399.00,6558.50],
*****************************t=79*****************************
time to convergence: 8.37 s	
80 generation time: 8.41 s
[140460.00,13774.50],
[166619.00,640.50],
[152054.00,6033.50],
[134152.00,25254.50],
[140282.00,21203.00],
[150309.00,11026.50],
[150803.00,8928.50],
[154527.00,2684.50],
[151399.00,6558.50],
[140130.00,22370.50],
*****************************t=80*****************************
81 generation time: 8.54 s
[140460.00,13774.50],
[166619.00,640.50],
[152054.00,6033.50],
[134152.00,25254.50],
[140282.00,21203.00],
[150309.00,11026.50],
[150803.00,8928.50],
[154527.00,2684.50],
[151399.00,6558.50],
[140130.00,22370.50],
*****************************t=81*****************************
82 generation time: 8.64 s
[140460.00,13774.50],
[166619.00,640.50],
[152054.00,6033.50],
[134152.00,25254.50],
[140282.00,21203.00],
[150309.00,11026.50],
[150803.00,8928.50],
[154527.00,2684.50],
[151399.00,6558.50],
[140130.00,22370.50],
*****************************t=82*****************************
83 generation time: 8.75 s
[140460.00,13774.50],
[166619.00,640.50],
[152054.00,6033.50],
[134152.00,25254.50],
[140282.00,21203.00],
[150309.00,11026.50],
[150803.00,8928.50],
[154527.00,2684.50],
[151399.00,6558.50],
[140130.00,22370.50],
*****************************t=83*****************************
84 generation time: 8.87 s
[140460.00,13774.50],
[166619.00,640.50],
[152054.00,6033.50],
[134152.00,25254.50],
[140282.00,21203.00],
[150309.00,11026.50],
[150803.00,8928.50],
[154527.00,2684.50],
[151399.00,6558.50],
[140130.00,22370.50],
*****************************t=84*****************************
85 generation time: 8.96 s
[140460.00,13774.50],
[166619.00,640.50],
[152054.00,6033.50],
[134152.00,25254.50],
[140282.00,21203.00],
[150309.00,11026.50],
[150803.00,8928.50],
[154527.00,2684.50],
[151399.00,6558.50],
[140130.00,22370.50],
*****************************t=85*****************************
86 generation time: 9.07 s
[140460.00,13774.50],
[166619.00,640.50],
[152054.00,6033.50],
[134152.00,25254.50],
[140282.00,21203.00],
[150309.00,11026.50],
[150803.00,8928.50],
[154527.00,2684.50],
[151399.00,6558.50],
[140130.00,22370.50],
*****************************t=86*****************************
87 generation time: 9.18 s
[140460.00,13774.50],
[166619.00,640.50],
[152054.00,6033.50],
[134152.00,25254.50],
[140282.00,21203.00],
[150309.00,11026.50],
[150803.00,8928.50],
[154527.00,2684.50],
[151399.00,6558.50],
[140130.00,22370.50],
*****************************t=87*****************************
88 generation time: 9.30 s
[140460.00,13774.50],
[166619.00,640.50],
[152054.00,6033.50],
[134152.00,25254.50],
[140282.00,21203.00],
[150309.00,11026.50],
[150803.00,8928.50],
[154527.00,2684.50],
[151399.00,6558.50],
[140130.00,22370.50],
*****************************t=88*****************************
89 generation time: 9.40 s
[140460.00,13774.50],
[166619.00,640.50],
[152054.00,6033.50],
[134152.00,25254.50],
[140282.00,21203.00],
[150309.00,11026.50],
[150803.00,8928.50],
[154527.00,2684.50],
[151399.00,6558.50],
[140130.00,22370.50],
*****************************t=89*****************************
90 generation time: 9.51 s
[140460.00,13774.50],
[166619.00,640.50],
[152054.00,6033.50],
[134152.00,25254.50],
[140282.00,21203.00],
[150309.00,11026.50],
[150803.00,8928.50],
[154527.00,2684.50],
[151399.00,6558.50],
[140130.00,22370.50],
*****************************t=90*****************************
91 generation time: 9.61 s
[140460.00,13774.50],
[166619.00,640.50],
[152054.00,6033.50],
[134152.00,25254.50],
[140282.00,21203.00],
[150309.00,11026.50],
[150803.00,8928.50],
[154527.00,2684.50],
[151399.00,6558.50],
[140130.00,22370.50],
*****************************t=91*****************************
92 generation time: 9.72 s
[140460.00,13774.50],
[166619.00,640.50],
[152054.00,6033.50],
[134152.00,25254.50],
[140282.00,21203.00],
[150309.00,11026.50],
[150803.00,8928.50],
[154527.00,2684.50],
[151399.00,6558.50],
[140130.00,22370.50],
*****************************t=92*****************************
93 generation time: 9.82 s
[140460.00,13774.50],
[166619.00,640.50],
[152054.00,6033.50],
[134152.00,25254.50],
[140282.00,21203.00],
[150309.00,11026.50],
[150803.00,8928.50],
[154527.00,2684.50],
[151399.00,6558.50],
[140130.00,22370.50],
*****************************t=93*****************************
94 generation time: 9.92 s
[140460.00,13774.50],
[166619.00,640.50],
[152054.00,6033.50],
[134152.00,25254.50],
[140282.00,21203.00],
[150309.00,11026.50],
[150803.00,8928.50],
[154527.00,2684.50],
[151399.00,6558.50],
[140130.00,22370.50],
*****************************t=94*****************************
95 generation time: 10.02 s
[140460.00,13774.50],
[166619.00,640.50],
[152054.00,6033.50],
[134152.00,25254.50],
[140282.00,21203.00],
[150309.00,11026.50],
[150803.00,8928.50],
[154527.00,2684.50],
[151399.00,6558.50],
[140130.00,22370.50],
*****************************t=95*****************************
96 generation time: 10.12 s
[140460.00,13774.50],
[166619.00,640.50],
[152054.00,6033.50],
[134152.00,25254.50],
[140282.00,21203.00],
[150309.00,11026.50],
[150803.00,8928.50],
[154527.00,2684.50],
[151399.00,6558.50],
[140130.00,22370.50],
*****************************t=96*****************************
97 generation time: 10.23 s
[140460.00,13774.50],
[166619.00,640.50],
[152054.00,6033.50],
[134152.00,25254.50],
[140282.00,21203.00],
[150309.00,11026.50],
[150803.00,8928.50],
[154527.00,2684.50],
[151399.00,6558.50],
[140130.00,22370.50],
*****************************t=97*****************************
98 generation time: 10.34 s
[140460.00,13774.50],
[166619.00,640.50],
[152054.00,6033.50],
[134152.00,25254.50],
[140282.00,21203.00],
[150309.00,11026.50],
[150803.00,8928.50],
[154527.00,2684.50],
[151399.00,6558.50],
[140130.00,22370.50],
*****************************t=98*****************************
99 generation time: 10.44 s
[140460.00,13774.50],
[166619.00,640.50],
[152054.00,6033.50],
[134152.00,25254.50],
[140282.00,21203.00],
[150309.00,11026.50],
[150803.00,8928.50],
[154527.00,2684.50],
[151399.00,6558.50],
[140130.00,22370.50],
*****************************t=99*****************************
100 generation time: 10.56 s
[140460.00,13774.50],
[166619.00,640.50],
[152054.00,6033.50],
[134152.00,25254.50],
[140282.00,21203.00],
[150309.00,11026.50],
[150803.00,8928.50],
[154527.00,2684.50],
[151399.00,6558.50],
[140130.00,22370.50],
[140460.00,13774.50],
[166619.00,640.50],
[152054.00,6033.50],
[134152.00,25254.50],
[140282.00,21203.00],
[150309.00,11026.50],
[150803.00,8928.50],
[154527.00,2684.50],
[151399.00,6558.50],
[140130.00,22370.50],
tot = 10
total time: 10.63 s
