m = 4 n = 14
pop = 30 gen = 100
init...begin
init...done
*****************************t=0*****************************
1 generation time: 0.08 s
[151441.00,9703.00],
*****************************t=1*****************************
time to convergence: 0.13 s	
2 generation time: 0.16 s
[151441.00,9703.00],
[150287.00,35446.50],
*****************************t=2*****************************
time to convergence: 0.22 s	
time to convergence: 0.22 s	
3 generation time: 0.25 s
[151441.00,9703.00],
[150287.00,35446.50],
[151239.00,20031.00],
[149900.00,44557.00],
*****************************t=3*****************************
time to convergence: 0.30 s	
time to convergence: 0.30 s	
4 generation time: 0.33 s
[151441.00,9703.00],
[150287.00,35446.50],
[150719.00,13577.00],
[149900.00,44557.00],
[148301.00,44858.50],
[150661.00,27531.00],
*****************************t=4*****************************
time to convergence: 0.38 s	
5 generation time: 0.41 s
[151441.00,9703.00],
[150287.00,35446.50],
[150719.00,13577.00],
[149900.00,44557.00],
[148301.00,44858.50],
[150661.00,27531.00],
[172687.00,5239.00],
*****************************t=5*****************************
6 generation time: 0.49 s
[151441.00,9703.00],
[150287.00,35446.50],
[150719.00,13577.00],
[149900.00,44557.00],
[148301.00,44858.50],
[150661.00,27531.00],
[172687.00,5239.00],
*****************************t=6*****************************
7 generation time: 0.57 s
[151441.00,9703.00],
[150287.00,35446.50],
[150719.00,13577.00],
[141076.00,42749.00],
[150661.00,27531.00],
[172687.00,5239.00],
*****************************t=7*****************************
time to convergence: 0.62 s	
8 generation time: 0.65 s
[151441.00,9703.00],
[150287.00,35446.50],
[150719.00,13577.00],
[141076.00,42749.00],
[150303.00,17473.00],
[172687.00,5239.00],
[140898.00,46820.50],
*****************************t=8*****************************
9 generation time: 0.73 s
[151441.00,9703.00],
[150287.00,35446.50],
[150719.00,13577.00],
[141076.00,42749.00],
[150303.00,17473.00],
[172687.00,5239.00],
[140898.00,46820.50],
*****************************t=9*****************************
10 generation time: 0.82 s
[151441.00,9703.00],
[150287.00,35446.50],
[150719.00,13577.00],
[141076.00,42749.00],
[150303.00,17473.00],
[172687.00,5239.00],
[140898.00,46820.50],
*****************************t=10*****************************
11 generation time: 0.90 s
[151441.00,9703.00],
[150287.00,35446.50],
[150719.00,13577.00],
[141076.00,42749.00],
[150303.00,17473.00],
[172687.00,5239.00],
[140898.00,46820.50],
*****************************t=11*****************************
12 generation time: 0.98 s
[151441.00,9703.00],
[150171.00,20378.50],
[150719.00,13577.00],
[141076.00,42749.00],
[150303.00,17473.00],
[170357.00,4514.50],
[140898.00,46820.50],
*****************************t=12*****************************
13 generation time: 1.06 s
[151441.00,9703.00],
[150171.00,20378.50],
[150719.00,13577.00],
[141076.00,42749.00],
[150303.00,17473.00],
[170357.00,4514.50],
[140898.00,46820.50],
*****************************t=13*****************************
14 generation time: 1.15 s
[151441.00,9703.00],
[150171.00,20378.50],
[150719.00,13577.00],
[141076.00,42749.00],
[150303.00,17473.00],
[170357.00,4514.50],
[140898.00,46820.50],
*****************************t=14*****************************
15 generation time: 1.23 s
[151441.00,9703.00],
[150171.00,20378.50],
[150719.00,13577.00],
[141076.00,42749.00],
[150303.00,17473.00],
[170357.00,4514.50],
[140898.00,46820.50],
*****************************t=15*****************************
time to convergence: 1.28 s	
16 generation time: 1.31 s
[151441.00,9703.00],
[150171.00,20378.50],
[150719.00,13577.00],
[141076.00,42749.00],
[150303.00,17473.00],
[170357.00,4514.50],
[140898.00,46820.50],
[148989.00,31405.00],
*****************************t=16*****************************
time to convergence: 1.37 s	
17 generation time: 1.40 s
[151441.00,9703.00],
[150171.00,20378.50],
[150719.00,13577.00],
[141076.00,42749.00],
[150303.00,17473.00],
[170357.00,4514.50],
[140370.00,44581.00],
[148989.00,31405.00],
[150793.00,11026.50],
*****************************t=17*****************************
18 generation time: 1.48 s
[151441.00,9703.00],
[150171.00,20378.50],
[150719.00,13577.00],
[141076.00,42749.00],
[150303.00,17473.00],
[170357.00,4514.50],
[140370.00,44581.00],
[148989.00,31405.00],
[150793.00,11026.50],
*****************************t=18*****************************
time to convergence: 1.54 s	
19 generation time: 1.57 s
[151441.00,9703.00],
[150171.00,20378.50],
[150719.00,13577.00],
[140639.00,36418.50],
[150303.00,17473.00],
[170357.00,4514.50],
[140370.00,44581.00],
[148989.00,31405.00],
[150793.00,11026.50],
[149187.00,21637.50],
*****************************t=19*****************************
20 generation time: 1.66 s
[151441.00,9703.00],
[150171.00,20378.50],
[150719.00,13577.00],
[140639.00,36418.50],
[150303.00,17473.00],
[170357.00,4514.50],
[140370.00,44581.00],
[148989.00,31405.00],
[150793.00,11026.50],
[149187.00,21637.50],
*****************************t=20*****************************
21 generation time: 1.74 s
[151441.00,9703.00],
[150171.00,20378.50],
[150719.00,13577.00],
[140639.00,36418.50],
[150303.00,17473.00],
[170357.00,4514.50],
[140370.00,44581.00],
[148989.00,31405.00],
[150793.00,11026.50],
[149187.00,21637.50],
*****************************t=21*****************************
22 generation time: 1.83 s
[151441.00,9703.00],
[150171.00,20378.50],
[150719.00,13577.00],
[140639.00,36418.50],
[150303.00,17473.00],
[170357.00,4514.50],
[140370.00,44581.00],
[146096.00,29413.00],
[150793.00,11026.50],
[149187.00,21637.50],
*****************************t=22*****************************
23 generation time: 1.91 s
[151441.00,9703.00],
[150171.00,20378.50],
[150719.00,13577.00],
[140639.00,36418.50],
[150303.00,17473.00],
[170357.00,4514.50],
[140370.00,44581.00],
[146096.00,29413.00],
[150793.00,11026.50],
[149187.00,21637.50],
*****************************t=23*****************************
time to convergence: 1.97 s	
24 generation time: 2.00 s
[151441.00,9703.00],
[142875.00,19979.00],
[150719.00,13577.00],
[140639.00,36418.50],
[150303.00,17473.00],
[170357.00,4514.50],
[140370.00,44581.00],
[150793.00,11026.50],
[151913.00,6159.00],
*****************************t=24*****************************
25 generation time: 2.08 s
[151441.00,9703.00],
[142875.00,19979.00],
[150719.00,13577.00],
[140639.00,36418.50],
[150303.00,17473.00],
[170357.00,4514.50],
[140370.00,44581.00],
[150793.00,11026.50],
[151913.00,6159.00],
*****************************t=25*****************************
26 generation time: 2.17 s
[151441.00,9703.00],
[142875.00,19979.00],
[150719.00,13577.00],
[140639.00,36418.50],
[150303.00,17473.00],
[170357.00,4514.50],
[140370.00,44581.00],
[150793.00,11026.50],
[151913.00,6159.00],
*****************************t=26*****************************
27 generation time: 2.25 s
[151441.00,9703.00],
[142875.00,19979.00],
[150719.00,13577.00],
[140639.00,36418.50],
[150303.00,17473.00],
[170357.00,4514.50],
[140370.00,44581.00],
[150793.00,11026.50],
[151913.00,6159.00],
*****************************t=27*****************************
28 generation time: 2.34 s
[151441.00,9703.00],
[142331.00,9829.00],
[140639.00,36418.50],
[170357.00,4514.50],
[140370.00,44581.00],
[151913.00,6159.00],
*****************************t=28*****************************
29 generation time: 2.41 s
[151441.00,9703.00],
[142331.00,9829.00],
[140639.00,36418.50],
[170357.00,4514.50],
[140370.00,44581.00],
[151913.00,6159.00],
*****************************t=29*****************************
30 generation time: 2.49 s
[151441.00,9703.00],
[142331.00,9829.00],
[140639.00,36418.50],
[170357.00,4514.50],
[140370.00,44581.00],
[151913.00,6159.00],
*****************************t=30*****************************
31 generation time: 2.57 s
[151441.00,9703.00],
[142331.00,9829.00],
[140639.00,36418.50],
[170357.00,4514.50],
[140370.00,44581.00],
[151913.00,6159.00],
*****************************t=31*****************************
32 generation time: 2.66 s
[151441.00,9703.00],
[142331.00,9829.00],
[140639.00,36418.50],
[170357.00,4514.50],
[139450.00,38107.00],
[151913.00,6159.00],
*****************************t=32*****************************
33 generation time: 2.74 s
[151441.00,9703.00],
[142331.00,9829.00],
[140639.00,36418.50],
[170357.00,4514.50],
[139450.00,38107.00],
[151913.00,6159.00],
*****************************t=33*****************************
34 generation time: 2.82 s
[151441.00,9703.00],
[142331.00,9829.00],
[140639.00,36418.50],
[170357.00,4514.50],
[139450.00,38107.00],
[151913.00,6159.00],
*****************************t=34*****************************
35 generation time: 2.89 s
[151441.00,9703.00],
[142331.00,9829.00],
[140639.00,36418.50],
[170357.00,4514.50],
[139450.00,38107.00],
[151913.00,6159.00],
*****************************t=35*****************************
36 generation time: 2.99 s
[151441.00,9703.00],
[142331.00,9829.00],
[140639.00,36418.50],
[170357.00,4514.50],
[139450.00,38107.00],
[151913.00,6159.00],
*****************************t=36*****************************
37 generation time: 3.07 s
[151441.00,9703.00],
[142331.00,9829.00],
[140639.00,36418.50],
[170357.00,4514.50],
[139450.00,38107.00],
[151913.00,6159.00],
*****************************t=37*****************************
38 generation time: 3.14 s
[151441.00,9703.00],
[142331.00,9829.00],
[140639.00,36418.50],
[170357.00,4514.50],
[139450.00,38107.00],
[151913.00,6159.00],
*****************************t=38*****************************
39 generation time: 3.22 s
[151441.00,9703.00],
[142331.00,9829.00],
[140639.00,36418.50],
[170357.00,4514.50],
[139450.00,38107.00],
[151913.00,6159.00],
*****************************t=39*****************************
40 generation time: 3.30 s
[151441.00,9703.00],
[142331.00,9829.00],
[140639.00,36418.50],
[170357.00,4514.50],
[139450.00,38107.00],
[151913.00,6159.00],
*****************************t=40*****************************
41 generation time: 3.38 s
[151441.00,9703.00],
[142331.00,9829.00],
[140639.00,36418.50],
[170357.00,4514.50],
[139450.00,38107.00],
[151913.00,6159.00],
*****************************t=41*****************************
42 generation time: 3.46 s
[151441.00,9703.00],
[142331.00,9829.00],
[140639.00,36418.50],
[170357.00,4514.50],
[139450.00,38107.00],
[151913.00,6159.00],
*****************************t=42*****************************
time to convergence: 3.52 s	
43 generation time: 3.54 s
[151441.00,9703.00],
[142331.00,9829.00],
[140639.00,36418.50],
[170357.00,4514.50],
[139450.00,38107.00],
[151913.00,6159.00],
[141076.00,35225.00],
*****************************t=43*****************************
44 generation time: 3.61 s
[151441.00,9703.00],
[142331.00,9829.00],
[140639.00,36418.50],
[170357.00,4514.50],
[139450.00,38107.00],
[151913.00,6159.00],
[141076.00,35225.00],
*****************************t=44*****************************
45 generation time: 3.71 s
[151441.00,9703.00],
[142331.00,9829.00],
[140639.00,36418.50],
[170357.00,4514.50],
[139450.00,38107.00],
[151913.00,6159.00],
[141076.00,35225.00],
*****************************t=45*****************************
46 generation time: 3.79 s
[151441.00,9703.00],
[142331.00,9829.00],
[135689.00,21380.50],
[170357.00,4514.50],
[151913.00,6159.00],
*****************************t=46*****************************
47 generation time: 3.88 s
[151441.00,9703.00],
[142331.00,9829.00],
[135689.00,21380.50],
[170357.00,4514.50],
[151913.00,6159.00],
*****************************t=47*****************************
48 generation time: 3.96 s
[151441.00,9703.00],
[142331.00,9829.00],
[135689.00,21380.50],
[170357.00,4514.50],
[151913.00,6159.00],
*****************************t=48*****************************
49 generation time: 4.04 s
[151441.00,9703.00],
[142331.00,9829.00],
[135689.00,21380.50],
[170357.00,4514.50],
[151913.00,6159.00],
*****************************t=49*****************************
50 generation time: 4.12 s
[151441.00,9703.00],
[142331.00,9829.00],
[135689.00,21380.50],
[170357.00,4514.50],
[151913.00,6159.00],
*****************************t=50*****************************
51 generation time: 4.21 s
[151441.00,9703.00],
[142331.00,9829.00],
[135689.00,21380.50],
[170357.00,4514.50],
[151913.00,6159.00],
*****************************t=51*****************************
52 generation time: 4.29 s
[151441.00,9703.00],
[142331.00,9829.00],
[135689.00,21380.50],
[170357.00,4514.50],
[151913.00,6159.00],
*****************************t=52*****************************
53 generation time: 4.37 s
[151441.00,9703.00],
[142331.00,9829.00],
[135689.00,21380.50],
[170357.00,4514.50],
[151913.00,6159.00],
*****************************t=53*****************************
54 generation time: 4.45 s
[151441.00,9703.00],
[142331.00,9829.00],
[135689.00,21380.50],
[170357.00,4514.50],
[151913.00,6159.00],
*****************************t=54*****************************
55 generation time: 4.54 s
[151441.00,9703.00],
[142331.00,9829.00],
[135689.00,21380.50],
[170357.00,4514.50],
[151913.00,6159.00],
*****************************t=55*****************************
56 generation time: 4.63 s
[151441.00,9703.00],
[142331.00,9829.00],
[135689.00,21380.50],
[170357.00,4514.50],
[151913.00,6159.00],
*****************************t=56*****************************
57 generation time: 4.71 s
[151441.00,9703.00],
[142331.00,9829.00],
[135689.00,21380.50],
[170357.00,4514.50],
[151913.00,6159.00],
*****************************t=57*****************************
58 generation time: 4.79 s
[151441.00,9703.00],
[142331.00,9829.00],
[135689.00,21380.50],
[170357.00,4514.50],
[151913.00,6159.00],
*****************************t=58*****************************
time to convergence: 4.84 s	
59 generation time: 4.87 s
[151441.00,9703.00],
[142331.00,9829.00],
[135689.00,21380.50],
[170357.00,4514.50],
[151913.00,6159.00],
[133735.00,27216.50],
*****************************t=59*****************************
60 generation time: 4.96 s
[151441.00,9703.00],
[142331.00,9829.00],
[135689.00,21380.50],
[170357.00,4514.50],
[151913.00,6159.00],
[133735.00,27216.50],
*****************************t=60*****************************
61 generation time: 5.04 s
[151441.00,9703.00],
[142331.00,9829.00],
[135689.00,21380.50],
[170357.00,4514.50],
[151913.00,6159.00],
[133735.00,27216.50],
*****************************t=61*****************************
62 generation time: 5.12 s
[151441.00,9703.00],
[142331.00,9829.00],
[135689.00,21380.50],
[170357.00,4514.50],
[151913.00,6159.00],
[133735.00,27216.50],
*****************************t=62*****************************
63 generation time: 5.21 s
[151441.00,9703.00],
[142331.00,9829.00],
[135689.00,21380.50],
[170357.00,4514.50],
[151913.00,6159.00],
[133735.00,27216.50],
*****************************t=63*****************************
64 generation time: 5.29 s
[151441.00,9703.00],
[142331.00,9829.00],
[135689.00,21380.50],
[170357.00,4514.50],
[151913.00,6159.00],
[133735.00,27216.50],
*****************************t=64*****************************
65 generation time: 5.37 s
[151441.00,9703.00],
[142331.00,9829.00],
[135689.00,21380.50],
[170357.00,4514.50],
[151913.00,6159.00],
[133735.00,27216.50],
*****************************t=65*****************************
66 generation time: 5.44 s
[151441.00,9703.00],
[142331.00,9829.00],
[135689.00,21380.50],
[170357.00,4514.50],
[151913.00,6159.00],
[133735.00,27216.50],
*****************************t=66*****************************
67 generation time: 5.52 s
[151441.00,9703.00],
[142331.00,9829.00],
[135689.00,21380.50],
[170357.00,4514.50],
[151913.00,6159.00],
[133735.00,27216.50],
*****************************t=67*****************************
68 generation time: 5.60 s
[151441.00,9703.00],
[142331.00,9829.00],
[135689.00,21380.50],
[170357.00,4514.50],
[151913.00,6159.00],
[133735.00,27216.50],
*****************************t=68*****************************
time to convergence: 5.66 s	
69 generation time: 5.68 s
[151441.00,9703.00],
[142331.00,9829.00],
[135689.00,21380.50],
[170357.00,4514.50],
[151913.00,6159.00],
[133735.00,27216.50],
[189046.00,3277.00],
*****************************t=69*****************************
70 generation time: 5.75 s
[151441.00,9703.00],
[142331.00,9829.00],
[135689.00,21380.50],
[170357.00,4514.50],
[151913.00,6159.00],
[133735.00,27216.50],
[189046.00,3277.00],
*****************************t=70*****************************
71 generation time: 5.83 s
[151441.00,9703.00],
[142331.00,9829.00],
[135689.00,21380.50],
[170357.00,4514.50],
[151913.00,6159.00],
[133735.00,27216.50],
[189046.00,3277.00],
*****************************t=71*****************************
72 generation time: 5.91 s
[151441.00,9703.00],
[142331.00,9829.00],
[135689.00,21380.50],
[170357.00,4514.50],
[151913.00,6159.00],
[133735.00,27216.50],
[189046.00,3277.00],
*****************************t=72*****************************
73 generation time: 6.00 s
[151441.00,9703.00],
[142331.00,9829.00],
[135689.00,21380.50],
[170357.00,4514.50],
[151913.00,6159.00],
[133735.00,27216.50],
[189046.00,3277.00],
*****************************t=73*****************************
74 generation time: 6.08 s
[151441.00,9703.00],
[142331.00,9829.00],
[135689.00,21380.50],
[170357.00,4514.50],
[151913.00,6159.00],
[133735.00,27216.50],
[189046.00,3277.00],
*****************************t=74*****************************
75 generation time: 6.16 s
[151441.00,9703.00],
[142331.00,9829.00],
[135689.00,21380.50],
[170357.00,4514.50],
[151913.00,6159.00],
[133735.00,27216.50],
[189046.00,3277.00],
*****************************t=75*****************************
time to convergence: 6.22 s	
76 generation time: 6.25 s
[151441.00,9703.00],
[142331.00,9829.00],
[135689.00,21380.50],
[170357.00,4514.50],
[151913.00,6159.00],
[133735.00,27216.50],
[189046.00,3277.00],
[140242.00,14764.50],
*****************************t=76*****************************
77 generation time: 6.32 s
[151441.00,9703.00],
[142331.00,9829.00],
[135689.00,21380.50],
[170357.00,4514.50],
[151913.00,6159.00],
[133735.00,27216.50],
[189046.00,3277.00],
[140242.00,14764.50],
*****************************t=77*****************************
78 generation time: 6.39 s
[151441.00,9703.00],
[142331.00,9829.00],
[135689.00,21380.50],
[170357.00,4514.50],
[151913.00,6159.00],
[133735.00,27216.50],
[189046.00,3277.00],
[140242.00,14764.50],
*****************************t=78*****************************
79 generation time: 6.49 s
[151441.00,9703.00],
[142331.00,9829.00],
[135689.00,21380.50],
[170357.00,4514.50],
[151913.00,6159.00],
[133735.00,27216.50],
[189046.00,3277.00],
[140242.00,14764.50],
*****************************t=79*****************************
80 generation time: 6.57 s
[151441.00,9703.00],
[142331.00,9829.00],
[135689.00,21380.50],
[170357.00,4514.50],
[151913.00,6159.00],
[133735.00,27216.50],
[189046.00,3277.00],
[140242.00,14764.50],
*****************************t=80*****************************
81 generation time: 6.64 s
[151441.00,9703.00],
[142331.00,9829.00],
[135689.00,21380.50],
[170357.00,4514.50],
[151913.00,6159.00],
[133735.00,27216.50],
[189046.00,3277.00],
[140242.00,14764.50],
*****************************t=81*****************************
82 generation time: 6.74 s
[151441.00,9703.00],
[142331.00,9829.00],
[135689.00,21380.50],
[170357.00,4514.50],
[151913.00,6159.00],
[133735.00,27216.50],
[189046.00,3277.00],
[140242.00,14764.50],
*****************************t=82*****************************
83 generation time: 6.82 s
[151441.00,9703.00],
[142331.00,9829.00],
[135689.00,21380.50],
[170357.00,4514.50],
[151913.00,6159.00],
[133735.00,27216.50],
[189046.00,3277.00],
[140242.00,14764.50],
*****************************t=83*****************************
84 generation time: 6.91 s
[151441.00,9703.00],
[142331.00,9829.00],
[135689.00,21380.50],
[170357.00,4514.50],
[151913.00,6159.00],
[133735.00,27216.50],
[189046.00,3277.00],
[140242.00,14764.50],
*****************************t=84*****************************
85 generation time: 6.99 s
[151441.00,9703.00],
[142331.00,9829.00],
[135689.00,21380.50],
[170357.00,4514.50],
[151913.00,6159.00],
[133735.00,27216.50],
[189046.00,3277.00],
[140242.00,14764.50],
*****************************t=85*****************************
86 generation time: 7.07 s
[151441.00,9703.00],
[142331.00,9829.00],
[135689.00,21380.50],
[170357.00,4514.50],
[151913.00,6159.00],
[133735.00,27216.50],
[189046.00,3277.00],
[140242.00,14764.50],
*****************************t=86*****************************
87 generation time: 7.16 s
[151441.00,9703.00],
[142331.00,9829.00],
[135689.00,21380.50],
[170357.00,4514.50],
[151913.00,6159.00],
[133735.00,27216.50],
[189046.00,3277.00],
[140242.00,14764.50],
*****************************t=87*****************************
88 generation time: 7.24 s
[151441.00,9703.00],
[142331.00,9829.00],
[135689.00,21380.50],
[170357.00,4514.50],
[151913.00,6159.00],
[133735.00,27216.50],
[189046.00,3277.00],
[140242.00,14764.50],
*****************************t=88*****************************
89 generation time: 7.32 s
[151441.00,9703.00],
[142331.00,9829.00],
[135689.00,21380.50],
[170357.00,4514.50],
[151913.00,6159.00],
[133735.00,27216.50],
[189046.00,3277.00],
[140242.00,14764.50],
*****************************t=89*****************************
90 generation time: 7.41 s
[151441.00,9703.00],
[142331.00,9829.00],
[135689.00,21380.50],
[170357.00,4514.50],
[151913.00,6159.00],
[133735.00,27216.50],
[189046.00,3277.00],
[140242.00,14764.50],
*****************************t=90*****************************
91 generation time: 7.49 s
[151441.00,9703.00],
[142331.00,9829.00],
[135689.00,21380.50],
[170357.00,4514.50],
[151913.00,6159.00],
[133735.00,27216.50],
[189046.00,3277.00],
[140242.00,14764.50],
*****************************t=91*****************************
92 generation time: 7.58 s
[151441.00,9703.00],
[142331.00,9829.00],
[135689.00,21380.50],
[170357.00,4514.50],
[151913.00,6159.00],
[133735.00,27216.50],
[189046.00,3277.00],
[140242.00,14764.50],
*****************************t=92*****************************
93 generation time: 7.66 s
[151441.00,9703.00],
[142331.00,9829.00],
[135689.00,21380.50],
[170357.00,4514.50],
[151913.00,6159.00],
[133735.00,27216.50],
[189046.00,3277.00],
[140242.00,14764.50],
*****************************t=93*****************************
94 generation time: 7.75 s
[151441.00,9703.00],
[142331.00,9829.00],
[135689.00,21380.50],
[170357.00,4514.50],
[151913.00,6159.00],
[133735.00,27216.50],
[189046.00,3277.00],
[140242.00,14764.50],
*****************************t=94*****************************
95 generation time: 7.84 s
[151441.00,9703.00],
[142331.00,9829.00],
[135689.00,21380.50],
[170357.00,4514.50],
[151913.00,6159.00],
[133735.00,27216.50],
[189046.00,3277.00],
[140242.00,14764.50],
*****************************t=95*****************************
96 generation time: 7.92 s
[151441.00,9703.00],
[142331.00,9829.00],
[135689.00,21380.50],
[170357.00,4514.50],
[151913.00,6159.00],
[133735.00,27216.50],
[189046.00,3277.00],
[140242.00,14764.50],
*****************************t=96*****************************
97 generation time: 8.00 s
[151441.00,9703.00],
[142331.00,9829.00],
[135689.00,21380.50],
[170357.00,4514.50],
[151913.00,6159.00],
[133735.00,27216.50],
[189046.00,3277.00],
[140242.00,14764.50],
*****************************t=97*****************************
98 generation time: 8.09 s
[151441.00,9703.00],
[142331.00,9829.00],
[135689.00,21380.50],
[170357.00,4514.50],
[151913.00,6159.00],
[133735.00,27216.50],
[189046.00,3277.00],
[140242.00,14764.50],
*****************************t=98*****************************
99 generation time: 8.18 s
[151441.00,9703.00],
[142331.00,9829.00],
[135689.00,21380.50],
[170357.00,4514.50],
[151913.00,6159.00],
[133735.00,27216.50],
[189046.00,3277.00],
[140242.00,14764.50],
*****************************t=99*****************************
100 generation time: 8.26 s
[151441.00,9703.00],
[142331.00,9829.00],
[135689.00,21380.50],
[170357.00,4514.50],
[151913.00,6159.00],
[133735.00,27216.50],
[189046.00,3277.00],
[140242.00,14764.50],
[151441.00,9703.00],
[142331.00,9829.00],
[135689.00,21380.50],
[170357.00,4514.50],
[151913.00,6159.00],
[133735.00,27216.50],
[189046.00,3277.00],
[140242.00,14764.50],
tot = 8
total time: 8.31 s
