m = 4 n = 14
pop = 30 gen = 100
init...begin
init...done
*****************************t=0*****************************
time to convergence: 0.06 s	
time to convergence: 0.06 s	
1 generation time: 0.09 s
[150729.00,42667.00],
[191755.00,3225.00],
[152054.00,6033.50],
*****************************t=1*****************************
time to convergence: 0.14 s	
time to convergence: 0.14 s	
time to convergence: 0.14 s	
2 generation time: 0.17 s
[150729.00,42667.00],
[191755.00,3225.00],
[152054.00,6033.50],
[150463.00,47461.00],
[150815.00,21285.00],
[149481.00,53155.00],
*****************************t=2*****************************
3 generation time: 0.25 s
[150729.00,42667.00],
[191755.00,3225.00],
[152054.00,6033.50],
[150463.00,47461.00],
[150815.00,21285.00],
[149481.00,53155.00],
*****************************t=3*****************************
time to convergence: 0.31 s	
time to convergence: 0.31 s	
4 generation time: 0.34 s
[149371.00,42295.50],
[191755.00,3225.00],
[152054.00,6033.50],
[150815.00,21285.00],
[143030.00,78393.00],
[146712.00,49303.00],
*****************************t=4*****************************
5 generation time: 0.42 s
[149371.00,42295.50],
[191755.00,3225.00],
[152054.00,6033.50],
[150815.00,21285.00],
[143030.00,78393.00],
[146712.00,49303.00],
*****************************t=5*****************************
6 generation time: 0.51 s
[145176.00,36139.00],
[191755.00,3225.00],
[152054.00,6033.50],
[150815.00,21285.00],
[143030.00,78393.00],
*****************************t=6*****************************
7 generation time: 0.59 s
[145176.00,36139.00],
[191755.00,3225.00],
[152054.00,6033.50],
[150815.00,21285.00],
[143030.00,78393.00],
*****************************t=7*****************************
time to convergence: 0.65 s	
8 generation time: 0.68 s
[145176.00,36139.00],
[191755.00,3225.00],
[152054.00,6033.50],
[150815.00,21285.00],
[143030.00,78393.00],
[150809.00,22299.00],
*****************************t=8*****************************
9 generation time: 0.77 s
[145176.00,36139.00],
[191755.00,3225.00],
[152054.00,6033.50],
[150815.00,21285.00],
[143030.00,78393.00],
[150809.00,22299.00],
*****************************t=9*****************************
10 generation time: 0.85 s
[145176.00,36139.00],
[191755.00,3225.00],
[152054.00,6033.50],
[150815.00,21285.00],
[143030.00,78393.00],
[150809.00,22299.00],
*****************************t=10*****************************
11 generation time: 0.93 s
[145176.00,36139.00],
[191755.00,3225.00],
[152054.00,6033.50],
[150815.00,21285.00],
[140276.00,55314.50],
[150809.00,22299.00],
*****************************t=11*****************************
12 generation time: 1.02 s
[145176.00,36139.00],
[191755.00,3225.00],
[152054.00,6033.50],
[150815.00,21285.00],
[140276.00,55314.50],
[150809.00,22299.00],
*****************************t=12*****************************
13 generation time: 1.11 s
[145176.00,36139.00],
[191755.00,3225.00],
[152054.00,6033.50],
[150815.00,21285.00],
[140276.00,55314.50],
[150809.00,22299.00],
*****************************t=13*****************************
14 generation time: 1.19 s
[145176.00,36139.00],
[191755.00,3225.00],
[152054.00,6033.50],
[150815.00,21285.00],
[140276.00,55314.50],
[150809.00,22299.00],
*****************************t=14*****************************
time to convergence: 1.25 s	
15 generation time: 1.27 s
[145176.00,36139.00],
[191755.00,3225.00],
[152054.00,6033.50],
[150815.00,21285.00],
[140276.00,55314.50],
[150809.00,22299.00],
[149540.00,31548.50],
*****************************t=15*****************************
16 generation time: 1.35 s
[145176.00,36139.00],
[191755.00,3225.00],
[152054.00,6033.50],
[150815.00,21285.00],
[140276.00,55314.50],
[150339.00,21941.00],
[149540.00,31548.50],
*****************************t=16*****************************
17 generation time: 1.43 s
[145176.00,36139.00],
[191755.00,3225.00],
[152054.00,6033.50],
[150815.00,21285.00],
[140276.00,55314.50],
[150339.00,21941.00],
[149540.00,31548.50],
*****************************t=17*****************************
18 generation time: 1.51 s
[145176.00,36139.00],
[191755.00,3225.00],
[152054.00,6033.50],
[150815.00,21285.00],
[140276.00,55314.50],
[150339.00,21941.00],
[149540.00,31548.50],
*****************************t=18*****************************
time to convergence: 1.57 s	
19 generation time: 1.60 s
[145176.00,36139.00],
[191755.00,3225.00],
[152054.00,6033.50],
[150453.00,17585.00],
[140276.00,55314.50],
[150339.00,21941.00],
[149540.00,31548.50],
[141246.00,36394.50],
*****************************t=19*****************************
20 generation time: 1.68 s
[145176.00,36139.00],
[191755.00,3225.00],
[152054.00,6033.50],
[150453.00,17585.00],
[140276.00,55314.50],
[149749.00,20867.00],
[149540.00,31548.50],
[141246.00,36394.50],
*****************************t=20*****************************
21 generation time: 1.76 s
[145176.00,36139.00],
[191755.00,3225.00],
[152054.00,6033.50],
[150453.00,17585.00],
[140276.00,55314.50],
[149749.00,20867.00],
[149540.00,31548.50],
[141246.00,36394.50],
*****************************t=21*****************************
time to convergence: 1.82 s	
time to convergence: 1.82 s	
22 generation time: 1.85 s
[145176.00,36139.00],
[166619.00,640.50],
[152054.00,6033.50],
[150453.00,17585.00],
[140276.00,55314.50],
[149749.00,20867.00],
[149540.00,31548.50],
[140639.00,36221.00],
[146242.00,35422.50],
[151702.00,15471.00],
*****************************t=22*****************************
23 generation time: 1.93 s
[145176.00,36139.00],
[166619.00,640.50],
[152054.00,6033.50],
[150453.00,17585.00],
[140276.00,55314.50],
[149749.00,20867.00],
[149540.00,31548.50],
[140639.00,36221.00],
[146242.00,35422.50],
[151702.00,15471.00],
*****************************t=23*****************************
24 generation time: 2.01 s
[145176.00,36139.00],
[166619.00,640.50],
[152054.00,6033.50],
[150453.00,17585.00],
[140276.00,55314.50],
[149749.00,20867.00],
[149540.00,31548.50],
[140639.00,36221.00],
[146242.00,35422.50],
[151702.00,15471.00],
*****************************t=24*****************************
25 generation time: 2.09 s
[143660.00,21033.00],
[166619.00,640.50],
[152054.00,6033.50],
[150453.00,17585.00],
[140276.00,55314.50],
[149749.00,20867.00],
[140639.00,36221.00],
[151702.00,15471.00],
*****************************t=25*****************************
26 generation time: 2.17 s
[143660.00,21033.00],
[166619.00,640.50],
[152054.00,6033.50],
[150453.00,17585.00],
[140260.00,26162.50],
[149749.00,20867.00],
[151702.00,15471.00],
*****************************t=26*****************************
27 generation time: 2.26 s
[143660.00,21033.00],
[166619.00,640.50],
[152054.00,6033.50],
[150453.00,17585.00],
[140260.00,26162.50],
[149749.00,20867.00],
[151702.00,15471.00],
*****************************t=27*****************************
28 generation time: 2.34 s
[143660.00,21033.00],
[166619.00,640.50],
[152054.00,6033.50],
[150453.00,17585.00],
[140260.00,26162.50],
[149749.00,20867.00],
[151702.00,15471.00],
*****************************t=28*****************************
time to convergence: 2.38 s	
29 generation time: 2.42 s
[143660.00,21033.00],
[166619.00,640.50],
[152054.00,6033.50],
[150453.00,17585.00],
[140260.00,26162.50],
[149749.00,20867.00],
[151702.00,15471.00],
[140282.00,21203.00],
*****************************t=29*****************************
30 generation time: 2.50 s
[143660.00,21033.00],
[166619.00,640.50],
[152054.00,6033.50],
[150453.00,17585.00],
[140260.00,26162.50],
[149749.00,20867.00],
[151702.00,15471.00],
[140282.00,21203.00],
*****************************t=30*****************************
31 generation time: 2.57 s
[143660.00,21033.00],
[166619.00,640.50],
[152054.00,6033.50],
[150453.00,17585.00],
[140260.00,26162.50],
[149749.00,20867.00],
[151702.00,15471.00],
[140282.00,21203.00],
*****************************t=31*****************************
32 generation time: 2.67 s
[143660.00,21033.00],
[166619.00,640.50],
[152054.00,6033.50],
[150453.00,17585.00],
[140260.00,26162.50],
[149749.00,20867.00],
[151702.00,15471.00],
[140282.00,21203.00],
*****************************t=32*****************************
33 generation time: 2.75 s
[143660.00,21033.00],
[166619.00,640.50],
[152054.00,6033.50],
[150453.00,17585.00],
[140260.00,26162.50],
[149749.00,20867.00],
[151702.00,15471.00],
[140282.00,21203.00],
*****************************t=33*****************************
34 generation time: 2.82 s
[143660.00,21033.00],
[166619.00,640.50],
[152054.00,6033.50],
[150453.00,17585.00],
[140260.00,26162.50],
[149749.00,20867.00],
[151702.00,15471.00],
[140282.00,21203.00],
*****************************t=34*****************************
time to convergence: 2.88 s	
35 generation time: 2.90 s
[140460.00,13774.50],
[166619.00,640.50],
[152054.00,6033.50],
[140260.00,26162.50],
[140282.00,21203.00],
[150309.00,11026.50],
*****************************t=35*****************************
36 generation time: 3.00 s
[140460.00,13774.50],
[166619.00,640.50],
[152054.00,6033.50],
[140260.00,26162.50],
[140282.00,21203.00],
[150309.00,11026.50],
*****************************t=36*****************************
37 generation time: 3.07 s
[140460.00,13774.50],
[166619.00,640.50],
[152054.00,6033.50],
[140260.00,26162.50],
[140282.00,21203.00],
[150309.00,11026.50],
*****************************t=37*****************************
time to convergence: 3.13 s	
38 generation time: 3.15 s
[140460.00,13774.50],
[166619.00,640.50],
[152054.00,6033.50],
[140260.00,26162.50],
[140282.00,21203.00],
[150309.00,11026.50],
[139154.00,40984.50],
*****************************t=38*****************************
39 generation time: 3.23 s
[140460.00,13774.50],
[166619.00,640.50],
[152054.00,6033.50],
[140260.00,26162.50],
[140282.00,21203.00],
[150309.00,11026.50],
[139154.00,40984.50],
*****************************t=39*****************************
40 generation time: 3.32 s
[140460.00,13774.50],
[166619.00,640.50],
[152054.00,6033.50],
[140260.00,26162.50],
[140282.00,21203.00],
[150309.00,11026.50],
[139154.00,40984.50],
*****************************t=40*****************************
41 generation time: 3.40 s
[140460.00,13774.50],
[166619.00,640.50],
[152054.00,6033.50],
[134152.00,25254.50],
[140282.00,21203.00],
[150309.00,11026.50],
*****************************t=41*****************************
42 generation time: 3.48 s
[140460.00,13774.50],
[166619.00,640.50],
[152054.00,6033.50],
[134152.00,25254.50],
[140282.00,21203.00],
[150309.00,11026.50],
*****************************t=42*****************************
43 generation time: 3.57 s
[140460.00,13774.50],
[166619.00,640.50],
[152054.00,6033.50],
[134152.00,25254.50],
[140282.00,21203.00],
[150309.00,11026.50],
*****************************t=43*****************************
44 generation time: 3.65 s
[140460.00,13774.50],
[166619.00,640.50],
[152054.00,6033.50],
[134152.00,25254.50],
[140282.00,21203.00],
[150309.00,11026.50],
*****************************t=44*****************************
time to convergence: 3.70 s	
45 generation time: 3.73 s
[140460.00,13774.50],
[166619.00,640.50],
[152054.00,6033.50],
[134152.00,25254.50],
[140282.00,21203.00],
[150309.00,11026.50],
[150803.00,8928.50],
*****************************t=45*****************************
46 generation time: 3.81 s
[140460.00,13774.50],
[166619.00,640.50],
[152054.00,6033.50],
[134152.00,25254.50],
[140282.00,21203.00],
[150309.00,11026.50],
[150803.00,8928.50],
*****************************t=46*****************************
47 generation time: 3.90 s
[140460.00,13774.50],
[166619.00,640.50],
[152054.00,6033.50],
[134152.00,25254.50],
[140282.00,21203.00],
[150309.00,11026.50],
[150803.00,8928.50],
*****************************t=47*****************************
48 generation time: 3.98 s
[140460.00,13774.50],
[166619.00,640.50],
[152054.00,6033.50],
[134152.00,25254.50],
[140282.00,21203.00],
[150309.00,11026.50],
[150803.00,8928.50],
*****************************t=48*****************************
49 generation time: 4.07 s
[140460.00,13774.50],
[166619.00,640.50],
[152054.00,6033.50],
[134152.00,25254.50],
[140282.00,21203.00],
[150309.00,11026.50],
[150803.00,8928.50],
*****************************t=49*****************************
50 generation time: 4.15 s
[140460.00,13774.50],
[166619.00,640.50],
[152054.00,6033.50],
[134152.00,25254.50],
[140282.00,21203.00],
[150309.00,11026.50],
[150803.00,8928.50],
*****************************t=50*****************************
51 generation time: 4.24 s
[140460.00,13774.50],
[166619.00,640.50],
[152054.00,6033.50],
[134152.00,25254.50],
[140282.00,21203.00],
[150309.00,11026.50],
[150803.00,8928.50],
*****************************t=51*****************************
time to convergence: 4.29 s	
52 generation time: 4.32 s
[140460.00,13774.50],
[166619.00,640.50],
[152054.00,6033.50],
[134152.00,25254.50],
[140282.00,21203.00],
[150309.00,11026.50],
[150803.00,8928.50],
[154527.00,2684.50],
*****************************t=52*****************************
53 generation time: 4.41 s
[140460.00,13774.50],
[166619.00,640.50],
[152054.00,6033.50],
[134152.00,25254.50],
[140282.00,21203.00],
[150309.00,11026.50],
[150803.00,8928.50],
[154527.00,2684.50],
*****************************t=53*****************************
54 generation time: 4.50 s
[140460.00,13774.50],
[166619.00,640.50],
[152054.00,6033.50],
[134152.00,25254.50],
[140282.00,21203.00],
[150309.00,11026.50],
[150803.00,8928.50],
[154527.00,2684.50],
*****************************t=54*****************************
55 generation time: 4.59 s
[140460.00,13774.50],
[166619.00,640.50],
[152054.00,6033.50],
[134152.00,25254.50],
[140282.00,21203.00],
[150309.00,11026.50],
[150803.00,8928.50],
[154527.00,2684.50],
*****************************t=55*****************************
56 generation time: 4.67 s
[140460.00,13774.50],
[166619.00,640.50],
[152054.00,6033.50],
[134152.00,25254.50],
[140282.00,21203.00],
[150309.00,11026.50],
[150803.00,8928.50],
[154527.00,2684.50],
*****************************t=56*****************************
57 generation time: 4.76 s
[140460.00,13774.50],
[166619.00,640.50],
[152054.00,6033.50],
[134152.00,25254.50],
[140282.00,21203.00],
[150309.00,11026.50],
[150803.00,8928.50],
[154527.00,2684.50],
*****************************t=57*****************************
58 generation time: 4.84 s
[140460.00,13774.50],
[166619.00,640.50],
[152054.00,6033.50],
[134152.00,25254.50],
[140282.00,21203.00],
[150309.00,11026.50],
[150803.00,8928.50],
[154527.00,2684.50],
*****************************t=58*****************************
59 generation time: 4.93 s
[140460.00,13774.50],
[166619.00,640.50],
[152054.00,6033.50],
[134152.00,25254.50],
[140282.00,21203.00],
[150309.00,11026.50],
[150803.00,8928.50],
[154527.00,2684.50],
*****************************t=59*****************************
60 generation time: 5.01 s
[140460.00,13774.50],
[166619.00,640.50],
[152054.00,6033.50],
[134152.00,25254.50],
[140282.00,21203.00],
[150309.00,11026.50],
[150803.00,8928.50],
[154527.00,2684.50],
*****************************t=60*****************************
61 generation time: 5.10 s
[140460.00,13774.50],
[166619.00,640.50],
[152054.00,6033.50],
[134152.00,25254.50],
[140282.00,21203.00],
[150309.00,11026.50],
[150803.00,8928.50],
[154527.00,2684.50],
*****************************t=61*****************************
62 generation time: 5.19 s
[140460.00,13774.50],
[166619.00,640.50],
[152054.00,6033.50],
[134152.00,25254.50],
[140282.00,21203.00],
[150309.00,11026.50],
[150803.00,8928.50],
[154527.00,2684.50],
*****************************t=62*****************************
63 generation time: 5.28 s
[140460.00,13774.50],
[166619.00,640.50],
[152054.00,6033.50],
[134152.00,25254.50],
[140282.00,21203.00],
[150309.00,11026.50],
[150803.00,8928.50],
[154527.00,2684.50],
*****************************t=63*****************************
64 generation time: 5.36 s
[140460.00,13774.50],
[166619.00,640.50],
[152054.00,6033.50],
[134152.00,25254.50],
[140282.00,21203.00],
[150309.00,11026.50],
[150803.00,8928.50],
[154527.00,2684.50],
*****************************t=64*****************************
65 generation time: 5.45 s
[140460.00,13774.50],
[166619.00,640.50],
[152054.00,6033.50],
[134152.00,25254.50],
[140282.00,21203.00],
[150309.00,11026.50],
[150803.00,8928.50],
[154527.00,2684.50],
*****************************t=65*****************************
66 generation time: 5.54 s
[140460.00,13774.50],
[166619.00,640.50],
[152054.00,6033.50],
[134152.00,25254.50],
[140282.00,21203.00],
[150309.00,11026.50],
[150803.00,8928.50],
[154527.00,2684.50],
*****************************t=66*****************************
time to convergence: 5.60 s	
67 generation time: 5.62 s
[140460.00,13774.50],
[166619.00,640.50],
[152054.00,6033.50],
[134152.00,25254.50],
[140282.00,21203.00],
[150309.00,11026.50],
[150803.00,8928.50],
[154527.00,2684.50],
[151399.00,6558.50],
*****************************t=67*****************************
68 generation time: 5.70 s
[140460.00,13774.50],
[166619.00,640.50],
[152054.00,6033.50],
[134152.00,25254.50],
[140282.00,21203.00],
[150309.00,11026.50],
[150803.00,8928.50],
[154527.00,2684.50],
[151399.00,6558.50],
*****************************t=68*****************************
69 generation time: 5.79 s
[140460.00,13774.50],
[166619.00,640.50],
[152054.00,6033.50],
[134152.00,25254.50],
[140282.00,21203.00],
[150309.00,11026.50],
[150803.00,8928.50],
[154527.00,2684.50],
[151399.00,6558.50],
*****************************t=69*****************************
70 generation time: 5.87 s
[140460.00,13774.50],
[166619.00,640.50],
[152054.00,6033.50],
[134152.00,25254.50],
[140282.00,21203.00],
[150309.00,11026.50],
[150803.00,8928.50],
[154527.00,2684.50],
[151399.00,6558.50],
*****************************t=70*****************************
71 generation time: 5.97 s
[140460.00,13774.50],
[166619.00,640.50],
[152054.00,6033.50],
[134152.00,25254.50],
[140282.00,21203.00],
[150309.00,11026.50],
[150803.00,8928.50],
[154527.00,2684.50],
[151399.00,6558.50],
*****************************t=71*****************************
72 generation time: 6.04 s
[140460.00,13774.50],
[166619.00,640.50],
[152054.00,6033.50],
[134152.00,25254.50],
[140282.00,21203.00],
[150309.00,11026.50],
[150803.00,8928.50],
[154527.00,2684.50],
[151399.00,6558.50],
*****************************t=72*****************************
73 generation time: 6.12 s
[140460.00,13774.50],
[166619.00,640.50],
[152054.00,6033.50],
[134152.00,25254.50],
[140282.00,21203.00],
[150309.00,11026.50],
[150803.00,8928.50],
[154527.00,2684.50],
[151399.00,6558.50],
*****************************t=73*****************************
74 generation time: 6.20 s
[140460.00,13774.50],
[166619.00,640.50],
[152054.00,6033.50],
[134152.00,25254.50],
[140282.00,21203.00],
[150309.00,11026.50],
[150803.00,8928.50],
[154527.00,2684.50],
[151399.00,6558.50],
*****************************t=74*****************************
75 generation time: 6.28 s
[140460.00,13774.50],
[166619.00,640.50],
[152054.00,6033.50],
[134152.00,25254.50],
[140282.00,21203.00],
[150309.00,11026.50],
[150803.00,8928.50],
[154527.00,2684.50],
[151399.00,6558.50],
*****************************t=75*****************************
76 generation time: 6.37 s
[140460.00,13774.50],
[166619.00,640.50],
[152054.00,6033.50],
[134152.00,25254.50],
[140282.00,21203.00],
[150309.00,11026.50],
[150803.00,8928.50],
[154527.00,2684.50],
[151399.00,6558.50],
*****************************t=76*****************************
77 generation time: 6.45 s
[140460.00,13774.50],
[166619.00,640.50],
[152054.00,6033.50],
[134152.00,25254.50],
[140282.00,21203.00],
[150309.00,11026.50],
[150803.00,8928.50],
[154527.00,2684.50],
[151399.00,6558.50],
*****************************t=77*****************************
78 generation time: 6.53 s
[140460.00,13774.50],
[166619.00,640.50],
[152054.00,6033.50],
[134152.00,25254.50],
[140282.00,21203.00],
[150309.00,11026.50],
[150803.00,8928.50],
[154527.00,2684.50],
[151399.00,6558.50],
*****************************t=78*****************************
79 generation time: 6.62 s
[140460.00,13774.50],
[166619.00,640.50],
[152054.00,6033.50],
[134152.00,25254.50],
[140282.00,21203.00],
[150309.00,11026.50],
[150803.00,8928.50],
[154527.00,2684.50],
[151399.00,6558.50],
*****************************t=79*****************************
time to convergence: 6.68 s	
80 generation time: 6.70 s
[140460.00,13774.50],
[166619.00,640.50],
[152054.00,6033.50],
[134152.00,25254.50],
[140282.00,21203.00],
[150309.00,11026.50],
[150803.00,8928.50],
[154527.00,2684.50],
[151399.00,6558.50],
[140130.00,22370.50],
*****************************t=80*****************************
81 generation time: 6.79 s
[140460.00,13774.50],
[166619.00,640.50],
[152054.00,6033.50],
[134152.00,25254.50],
[140282.00,21203.00],
[150309.00,11026.50],
[150803.00,8928.50],
[154527.00,2684.50],
[151399.00,6558.50],
[140130.00,22370.50],
*****************************t=81*****************************
82 generation time: 6.87 s
[140460.00,13774.50],
[166619.00,640.50],
[152054.00,6033.50],
[134152.00,25254.50],
[140282.00,21203.00],
[150309.00,11026.50],
[150803.00,8928.50],
[154527.00,2684.50],
[151399.00,6558.50],
[140130.00,22370.50],
*****************************t=82*****************************
83 generation time: 6.97 s
[140460.00,13774.50],
[166619.00,640.50],
[152054.00,6033.50],
[134152.00,25254.50],
[140282.00,21203.00],
[150309.00,11026.50],
[150803.00,8928.50],
[154527.00,2684.50],
[151399.00,6558.50],
[140130.00,22370.50],
*****************************t=83*****************************
84 generation time: 7.06 s
[140460.00,13774.50],
[166619.00,640.50],
[152054.00,6033.50],
[134152.00,25254.50],
[140282.00,21203.00],
[150309.00,11026.50],
[150803.00,8928.50],
[154527.00,2684.50],
[151399.00,6558.50],
[140130.00,22370.50],
*****************************t=84*****************************
85 generation time: 7.15 s
[140460.00,13774.50],
[166619.00,640.50],
[152054.00,6033.50],
[134152.00,25254.50],
[140282.00,21203.00],
[150309.00,11026.50],
[150803.00,8928.50],
[154527.00,2684.50],
[151399.00,6558.50],
[140130.00,22370.50],
*****************************t=85*****************************
86 generation time: 7.23 s
[140460.00,13774.50],
[166619.00,640.50],
[152054.00,6033.50],
[134152.00,25254.50],
[140282.00,21203.00],
[150309.00,11026.50],
[150803.00,8928.50],
[154527.00,2684.50],
[151399.00,6558.50],
[140130.00,22370.50],
*****************************t=86*****************************
87 generation time: 7.33 s
[140460.00,13774.50],
[166619.00,640.50],
[152054.00,6033.50],
[134152.00,25254.50],
[140282.00,21203.00],
[150309.00,11026.50],
[150803.00,8928.50],
[154527.00,2684.50],
[151399.00,6558.50],
[140130.00,22370.50],
*****************************t=87*****************************
88 generation time: 7.42 s
[140460.00,13774.50],
[166619.00,640.50],
[152054.00,6033.50],
[134152.00,25254.50],
[140282.00,21203.00],
[150309.00,11026.50],
[150803.00,8928.50],
[154527.00,2684.50],
[151399.00,6558.50],
[140130.00,22370.50],
*****************************t=88*****************************
89 generation time: 7.50 s
[140460.00,13774.50],
[166619.00,640.50],
[152054.00,6033.50],
[134152.00,25254.50],
[140282.00,21203.00],
[150309.00,11026.50],
[150803.00,8928.50],
[154527.00,2684.50],
[151399.00,6558.50],
[140130.00,22370.50],
*****************************t=89*****************************
90 generation time: 7.59 s
[140460.00,13774.50],
[166619.00,640.50],
[152054.00,6033.50],
[134152.00,25254.50],
[140282.00,21203.00],
[150309.00,11026.50],
[150803.00,8928.50],
[154527.00,2684.50],
[151399.00,6558.50],
[140130.00,22370.50],
*****************************t=90*****************************
91 generation time: 7.67 s
[140460.00,13774.50],
[166619.00,640.50],
[152054.00,6033.50],
[134152.00,25254.50],
[140282.00,21203.00],
[150309.00,11026.50],
[150803.00,8928.50],
[154527.00,2684.50],
[151399.00,6558.50],
[140130.00,22370.50],
*****************************t=91*****************************
92 generation time: 7.75 s
[140460.00,13774.50],
[166619.00,640.50],
[152054.00,6033.50],
[134152.00,25254.50],
[140282.00,21203.00],
[150309.00,11026.50],
[150803.00,8928.50],
[154527.00,2684.50],
[151399.00,6558.50],
[140130.00,22370.50],
*****************************t=92*****************************
93 generation time: 7.84 s
[140460.00,13774.50],
[166619.00,640.50],
[152054.00,6033.50],
[134152.00,25254.50],
[140282.00,21203.00],
[150309.00,11026.50],
[150803.00,8928.50],
[154527.00,2684.50],
[151399.00,6558.50],
[140130.00,22370.50],
*****************************t=93*****************************
94 generation time: 7.93 s
[140460.00,13774.50],
[166619.00,640.50],
[152054.00,6033.50],
[134152.00,25254.50],
[140282.00,21203.00],
[150309.00,11026.50],
[150803.00,8928.50],
[154527.00,2684.50],
[151399.00,6558.50],
[140130.00,22370.50],
*****************************t=94*****************************
95 generation time: 8.02 s
[140460.00,13774.50],
[166619.00,640.50],
[152054.00,6033.50],
[134152.00,25254.50],
[140282.00,21203.00],
[150309.00,11026.50],
[150803.00,8928.50],
[154527.00,2684.50],
[151399.00,6558.50],
[140130.00,22370.50],
*****************************t=95*****************************
96 generation time: 8.11 s
[140460.00,13774.50],
[166619.00,640.50],
[152054.00,6033.50],
[134152.00,25254.50],
[140282.00,21203.00],
[150309.00,11026.50],
[150803.00,8928.50],
[154527.00,2684.50],
[151399.00,6558.50],
[140130.00,22370.50],
*****************************t=96*****************************
97 generation time: 8.20 s
[140460.00,13774.50],
[166619.00,640.50],
[152054.00,6033.50],
[134152.00,25254.50],
[140282.00,21203.00],
[150309.00,11026.50],
[150803.00,8928.50],
[154527.00,2684.50],
[151399.00,6558.50],
[140130.00,22370.50],
*****************************t=97*****************************
98 generation time: 8.28 s
[140460.00,13774.50],
[166619.00,640.50],
[152054.00,6033.50],
[134152.00,25254.50],
[140282.00,21203.00],
[150309.00,11026.50],
[150803.00,8928.50],
[154527.00,2684.50],
[151399.00,6558.50],
[140130.00,22370.50],
*****************************t=98*****************************
99 generation time: 8.37 s
[140460.00,13774.50],
[166619.00,640.50],
[152054.00,6033.50],
[134152.00,25254.50],
[140282.00,21203.00],
[150309.00,11026.50],
[150803.00,8928.50],
[154527.00,2684.50],
[151399.00,6558.50],
[140130.00,22370.50],
*****************************t=99*****************************
100 generation time: 8.46 s
[140460.00,13774.50],
[166619.00,640.50],
[152054.00,6033.50],
[134152.00,25254.50],
[140282.00,21203.00],
[150309.00,11026.50],
[150803.00,8928.50],
[154527.00,2684.50],
[151399.00,6558.50],
[140130.00,22370.50],
[140460.00,13774.50],
[166619.00,640.50],
[152054.00,6033.50],
[134152.00,25254.50],
[140282.00,21203.00],
[150309.00,11026.50],
[150803.00,8928.50],
[154527.00,2684.50],
[151399.00,6558.50],
[140130.00,22370.50],
tot = 10
total time: 8.52 s
