m = 4 n = 14
pop = 30 gen = 100
init...begin
init...done
*****************************t=0*****************************
time to convergence: 0.08 s	
time to convergence: 0.08 s	
time to convergence: 0.08 s	
time to convergence: 0.08 s	
1 generation time: 0.11 s
[181422.00,6558.50],
[148409.00,33484.50],
[174655.00,19517.00],
[159471.00,25172.50],
[160414.00,20231.00],
*****************************t=1*****************************
2 generation time: 0.19 s
[181422.00,6558.50],
[148409.00,33484.50],
[174655.00,19517.00],
[159471.00,25172.50],
[160414.00,20231.00],
*****************************t=2*****************************
3 generation time: 0.27 s
[181422.00,6558.50],
[140752.00,32265.00],
[166424.00,16683.00],
[159471.00,25172.50],
[160414.00,20231.00],
*****************************t=3*****************************
4 generation time: 0.36 s
[181422.00,6558.50],
[140752.00,32265.00],
[166424.00,16683.00],
[150517.00,22913.00],
[160414.00,20231.00],
*****************************t=4*****************************
5 generation time: 0.44 s
[181422.00,6558.50],
[140752.00,32265.00],
[166424.00,16683.00],
[150035.00,20927.00],
[160414.00,20231.00],
*****************************t=5*****************************
6 generation time: 0.52 s
[181422.00,6558.50],
[140752.00,32265.00],
[166424.00,16683.00],
[150035.00,20927.00],
[160414.00,20231.00],
*****************************t=6*****************************
time to convergence: 0.58 s	
7 generation time: 0.61 s
[181422.00,6558.50],
[140752.00,32265.00],
[166424.00,16683.00],
[150035.00,20927.00],
[160414.00,20231.00],
[149833.00,25791.00],
*****************************t=7*****************************
8 generation time: 0.69 s
[181422.00,6558.50],
[140752.00,32265.00],
[166424.00,16683.00],
[150035.00,20927.00],
[160414.00,20231.00],
[149833.00,25791.00],
*****************************t=8*****************************
time to convergence: 0.73 s	
time to convergence: 0.73 s	
time to convergence: 0.75 s	
9 generation time: 0.77 s
[181422.00,6558.50],
[140752.00,32265.00],
[166424.00,16683.00],
[150035.00,20927.00],
[160414.00,20231.00],
[149833.00,25791.00],
[168870.00,10890.50],
[160930.00,20089.00],
[165308.00,17223.50],
*****************************t=9*****************************
10 generation time: 0.86 s
[181422.00,6558.50],
[140752.00,32265.00],
[166424.00,16683.00],
[150035.00,20927.00],
[160414.00,20231.00],
[149833.00,25791.00],
[168870.00,10890.50],
[160930.00,20089.00],
[165308.00,17223.50],
*****************************t=10*****************************
11 generation time: 0.94 s
[181422.00,6558.50],
[140752.00,32265.00],
[166424.00,16683.00],
[150035.00,20927.00],
[160414.00,20231.00],
[149833.00,25791.00],
[168870.00,10890.50],
[160930.00,20089.00],
[165308.00,17223.50],
*****************************t=11*****************************
12 generation time: 1.01 s
[181422.00,6558.50],
[140752.00,32265.00],
[166424.00,16683.00],
[150035.00,20927.00],
[157293.00,17449.00],
[149833.00,25791.00],
[168870.00,10890.50],
[165308.00,17223.50],
*****************************t=12*****************************
time to convergence: 1.08 s	
13 generation time: 1.09 s
[181422.00,6558.50],
[140752.00,32265.00],
[166424.00,16683.00],
[150035.00,20927.00],
[157293.00,17449.00],
[149833.00,25791.00],
[168870.00,10890.50],
[165308.00,17223.50],
[151588.00,20867.00],
*****************************t=13*****************************
14 generation time: 1.19 s
[181422.00,6558.50],
[140752.00,32265.00],
[166424.00,16683.00],
[150035.00,20927.00],
[157293.00,17449.00],
[149833.00,25791.00],
[168870.00,10890.50],
[165308.00,17223.50],
[151588.00,20867.00],
*****************************t=14*****************************
15 generation time: 1.26 s
[181422.00,6558.50],
[140752.00,32265.00],
[166424.00,16683.00],
[150035.00,20927.00],
[157293.00,17449.00],
[149833.00,25791.00],
[168870.00,10890.50],
[165308.00,17223.50],
[151588.00,20867.00],
*****************************t=15*****************************
16 generation time: 1.34 s
[181422.00,6558.50],
[140752.00,32265.00],
[166424.00,16683.00],
[150035.00,20927.00],
[157293.00,17449.00],
[149833.00,25791.00],
[168870.00,10890.50],
[165308.00,17223.50],
[150447.00,20031.00],
*****************************t=16*****************************
17 generation time: 1.44 s
[181422.00,6558.50],
[140752.00,32265.00],
[166424.00,16683.00],
[150035.00,20927.00],
[157293.00,17449.00],
[149833.00,25791.00],
[168870.00,10890.50],
[165308.00,17223.50],
[150447.00,20031.00],
*****************************t=17*****************************
time to convergence: 1.49 s	
18 generation time: 1.52 s
[181422.00,6558.50],
[140752.00,32265.00],
[155099.00,12739.00],
[150035.00,20927.00],
[149833.00,25791.00],
[168870.00,10890.50],
[150447.00,20031.00],
[172297.00,9757.00],
*****************************t=18*****************************
time to convergence: 1.58 s	
19 generation time: 1.61 s
[181422.00,6558.50],
[140752.00,32265.00],
[155099.00,12739.00],
[150035.00,20927.00],
[149833.00,25791.00],
[168870.00,10890.50],
[150447.00,20031.00],
[172297.00,9757.00],
[230032.00,4815.50],
*****************************t=19*****************************
20 generation time: 1.69 s
[181422.00,6558.50],
[140752.00,32265.00],
[155099.00,12739.00],
[150035.00,20927.00],
[149833.00,25791.00],
[168870.00,10890.50],
[150447.00,20031.00],
[172297.00,9757.00],
[230032.00,4815.50],
*****************************t=20*****************************
21 generation time: 1.77 s
[181422.00,6558.50],
[140752.00,32265.00],
[155099.00,12739.00],
[150035.00,20927.00],
[149833.00,25791.00],
[168870.00,10890.50],
[150447.00,20031.00],
[172297.00,9757.00],
[230032.00,4815.50],
*****************************t=21*****************************
22 generation time: 1.86 s
[181422.00,6558.50],
[140752.00,32265.00],
[155099.00,12739.00],
[150035.00,20927.00],
[149833.00,25791.00],
[168870.00,10890.50],
[150447.00,20031.00],
[172297.00,9757.00],
[230032.00,4815.50],
*****************************t=22*****************************
23 generation time: 1.95 s
[181422.00,6558.50],
[140752.00,32265.00],
[155099.00,12739.00],
[141240.00,18905.00],
[168870.00,10890.50],
[172297.00,9757.00],
[230032.00,4815.50],
*****************************t=23*****************************
24 generation time: 2.03 s
[181422.00,6558.50],
[140752.00,32265.00],
[155099.00,12739.00],
[141240.00,18905.00],
[168870.00,10890.50],
[172297.00,9757.00],
[195324.00,4355.50],
*****************************t=24*****************************
25 generation time: 2.11 s
[181422.00,6558.50],
[140752.00,32265.00],
[143700.00,11862.50],
[141240.00,18905.00],
[168870.00,10890.50],
[172297.00,9757.00],
[195324.00,4355.50],
*****************************t=25*****************************
time to convergence: 2.17 s	
26 generation time: 2.20 s
[181422.00,6558.50],
[140752.00,32265.00],
[143700.00,11862.50],
[141240.00,18905.00],
[168870.00,10890.50],
[172297.00,9757.00],
[195324.00,4355.50],
[174626.00,7428.50],
*****************************t=26*****************************
27 generation time: 2.28 s
[181422.00,6558.50],
[140752.00,32265.00],
[143700.00,11862.50],
[141240.00,18905.00],
[168870.00,10890.50],
[172297.00,9757.00],
[194486.00,3572.50],
[174626.00,7428.50],
*****************************t=27*****************************
time to convergence: 2.33 s	
28 generation time: 2.36 s
[181422.00,6558.50],
[140752.00,32265.00],
[143700.00,11862.50],
[141240.00,18905.00],
[168870.00,10890.50],
[172297.00,9757.00],
[194486.00,3572.50],
[174626.00,7428.50],
[140364.00,46543.00],
*****************************t=28*****************************
29 generation time: 2.44 s
[181422.00,6558.50],
[140752.00,32265.00],
[143700.00,11862.50],
[141240.00,18905.00],
[168870.00,10890.50],
[172297.00,9757.00],
[194486.00,3572.50],
[174626.00,7428.50],
[140364.00,46543.00],
*****************************t=29*****************************
30 generation time: 2.52 s
[181422.00,6558.50],
[140752.00,32265.00],
[143700.00,11862.50],
[141240.00,18905.00],
[168870.00,10890.50],
[172297.00,9757.00],
[194486.00,3572.50],
[174626.00,7428.50],
[140364.00,46543.00],
*****************************t=30*****************************
31 generation time: 2.60 s
[181422.00,6558.50],
[140752.00,32265.00],
[143700.00,11862.50],
[141240.00,18905.00],
[168870.00,10890.50],
[172297.00,9757.00],
[194486.00,3572.50],
[174626.00,7428.50],
[140364.00,46543.00],
*****************************t=31*****************************
time to convergence: 2.66 s	
32 generation time: 2.69 s
[181422.00,6558.50],
[140752.00,32265.00],
[143700.00,11862.50],
[141240.00,18905.00],
[168870.00,10890.50],
[172297.00,9757.00],
[194486.00,3572.50],
[174626.00,7428.50],
[140364.00,46543.00],
[154557.00,11026.50],
*****************************t=32*****************************
33 generation time: 2.77 s
[181422.00,6558.50],
[140752.00,32265.00],
[143700.00,11862.50],
[141240.00,18905.00],
[168870.00,10890.50],
[172297.00,9757.00],
[194486.00,3572.50],
[174626.00,7428.50],
[140364.00,46543.00],
[154557.00,11026.50],
*****************************t=33*****************************
34 generation time: 2.85 s
[181422.00,6558.50],
[140752.00,32265.00],
[143700.00,11862.50],
[141240.00,18905.00],
[168870.00,10890.50],
[172297.00,9757.00],
[194486.00,3572.50],
[174626.00,7428.50],
[140364.00,46543.00],
[154557.00,11026.50],
*****************************t=34*****************************
35 generation time: 2.93 s
[181422.00,6558.50],
[140752.00,32265.00],
[143700.00,11862.50],
[141240.00,18905.00],
[168870.00,10890.50],
[172297.00,9757.00],
[194486.00,3572.50],
[174626.00,7428.50],
[140364.00,46543.00],
[154557.00,11026.50],
*****************************t=35*****************************
36 generation time: 3.00 s
[181422.00,6558.50],
[140752.00,32265.00],
[143700.00,11862.50],
[141240.00,18905.00],
[168870.00,10890.50],
[172297.00,9757.00],
[194486.00,3572.50],
[174626.00,7428.50],
[140364.00,46543.00],
[154557.00,11026.50],
*****************************t=36*****************************
time to convergence: 3.07 s	
37 generation time: 3.10 s
[181422.00,6558.50],
[140752.00,32265.00],
[143700.00,11862.50],
[141240.00,18905.00],
[159547.00,7152.50],
[194486.00,3572.50],
[140364.00,46543.00],
[154557.00,11026.50],
[140584.00,35349.00],
*****************************t=37*****************************
38 generation time: 3.18 s
[181422.00,6558.50],
[140752.00,32265.00],
[143700.00,11862.50],
[141240.00,18905.00],
[159547.00,7152.50],
[194486.00,3572.50],
[140364.00,46543.00],
[154557.00,11026.50],
[140584.00,35349.00],
*****************************t=38*****************************
39 generation time: 3.25 s
[181422.00,6558.50],
[140752.00,32265.00],
[143700.00,11862.50],
[141240.00,18905.00],
[159547.00,7152.50],
[194486.00,3572.50],
[140364.00,46543.00],
[154557.00,11026.50],
[140584.00,35349.00],
*****************************t=39*****************************
40 generation time: 3.33 s
[181422.00,6558.50],
[140752.00,32265.00],
[143700.00,11862.50],
[141240.00,18905.00],
[159547.00,7152.50],
[194486.00,3572.50],
[140364.00,46543.00],
[154557.00,11026.50],
[140584.00,35349.00],
*****************************t=40*****************************
41 generation time: 3.43 s
[181422.00,6558.50],
[140752.00,32265.00],
[143700.00,11862.50],
[141240.00,18905.00],
[159547.00,7152.50],
[194486.00,3572.50],
[140364.00,46543.00],
[154557.00,11026.50],
[140584.00,35349.00],
*****************************t=41*****************************
time to convergence: 3.49 s	
42 generation time: 3.50 s
[181422.00,6558.50],
[140752.00,32265.00],
[143700.00,11862.50],
[141240.00,18905.00],
[159547.00,7152.50],
[194486.00,3572.50],
[140364.00,46543.00],
[154557.00,11026.50],
[140584.00,35349.00],
[140392.00,43918.50],
*****************************t=42*****************************
43 generation time: 3.58 s
[181422.00,6558.50],
[140752.00,32265.00],
[143700.00,11862.50],
[141240.00,18905.00],
[159547.00,7152.50],
[194486.00,3572.50],
[140364.00,46543.00],
[154557.00,11026.50],
[140584.00,35349.00],
[140392.00,43918.50],
*****************************t=43*****************************
44 generation time: 3.66 s
[181422.00,6558.50],
[140752.00,32265.00],
[143700.00,11862.50],
[141240.00,18905.00],
[159547.00,7152.50],
[194486.00,3572.50],
[140364.00,46543.00],
[154557.00,11026.50],
[140584.00,35349.00],
[140392.00,43918.50],
*****************************t=44*****************************
45 generation time: 3.75 s
[181422.00,6558.50],
[140752.00,32265.00],
[143700.00,11862.50],
[141240.00,18905.00],
[159547.00,7152.50],
[194486.00,3572.50],
[140364.00,46543.00],
[154557.00,11026.50],
[140584.00,35349.00],
[140392.00,43918.50],
*****************************t=45*****************************
46 generation time: 3.83 s
[181422.00,6558.50],
[140752.00,32265.00],
[143700.00,11862.50],
[141240.00,18905.00],
[159547.00,7152.50],
[194486.00,3572.50],
[140364.00,46543.00],
[154557.00,11026.50],
[140584.00,35349.00],
[140392.00,43918.50],
*****************************t=46*****************************
47 generation time: 3.91 s
[181422.00,6558.50],
[140752.00,32265.00],
[143700.00,11862.50],
[141240.00,18905.00],
[159547.00,7152.50],
[194486.00,3572.50],
[140364.00,46543.00],
[154557.00,11026.50],
[140584.00,35349.00],
[140392.00,43918.50],
*****************************t=47*****************************
48 generation time: 3.99 s
[181422.00,6558.50],
[140752.00,32265.00],
[143700.00,11862.50],
[141240.00,18905.00],
[159547.00,7152.50],
[194486.00,3572.50],
[140364.00,46543.00],
[154557.00,11026.50],
[140584.00,35349.00],
[140392.00,43918.50],
*****************************t=48*****************************
49 generation time: 4.07 s
[181422.00,6558.50],
[140752.00,32265.00],
[143700.00,11862.50],
[141240.00,18905.00],
[159547.00,7152.50],
[194486.00,3572.50],
[140364.00,46543.00],
[154557.00,11026.50],
[140584.00,35349.00],
[140392.00,43918.50],
*****************************t=49*****************************
time to convergence: 4.13 s	
50 generation time: 4.16 s
[181422.00,6558.50],
[140752.00,32265.00],
[143700.00,11862.50],
[141240.00,18905.00],
[159547.00,7152.50],
[194486.00,3572.50],
[140364.00,46543.00],
[154557.00,11026.50],
[140584.00,35349.00],
[140392.00,43918.50],
[140978.00,32241.00],
*****************************t=50*****************************
51 generation time: 4.24 s
[181422.00,6558.50],
[140752.00,32265.00],
[143700.00,11862.50],
[141240.00,18905.00],
[159547.00,7152.50],
[194486.00,3572.50],
[140364.00,46543.00],
[154557.00,11026.50],
[140584.00,35349.00],
[140392.00,43918.50],
[140978.00,32241.00],
*****************************t=51*****************************
52 generation time: 4.32 s
[181422.00,6558.50],
[140752.00,32265.00],
[143700.00,11862.50],
[141240.00,18905.00],
[159547.00,7152.50],
[194486.00,3572.50],
[140364.00,46543.00],
[154557.00,11026.50],
[140584.00,35349.00],
[140392.00,43918.50],
[140978.00,32241.00],
*****************************t=52*****************************
53 generation time: 4.39 s
[181422.00,6558.50],
[140752.00,32265.00],
[143700.00,11862.50],
[141240.00,18905.00],
[159547.00,7152.50],
[194486.00,3572.50],
[140364.00,46543.00],
[154557.00,11026.50],
[140584.00,35349.00],
[140392.00,43918.50],
[140978.00,32241.00],
*****************************t=53*****************************
54 generation time: 4.47 s
[181422.00,6558.50],
[140752.00,32265.00],
[143700.00,11862.50],
[141240.00,18905.00],
[159547.00,7152.50],
[194486.00,3572.50],
[140364.00,46543.00],
[154557.00,11026.50],
[140584.00,35349.00],
[140392.00,43918.50],
[140978.00,32241.00],
*****************************t=54*****************************
55 generation time: 4.57 s
[181422.00,6558.50],
[139550.00,22288.50],
[143700.00,11862.50],
[141240.00,18905.00],
[159547.00,7152.50],
[194486.00,3572.50],
[154557.00,11026.50],
*****************************t=55*****************************
56 generation time: 4.64 s
[181422.00,6558.50],
[139550.00,22288.50],
[143700.00,11862.50],
[141240.00,18905.00],
[159547.00,7152.50],
[194486.00,3572.50],
[154557.00,11026.50],
*****************************t=56*****************************
time to convergence: 4.71 s	
57 generation time: 4.74 s
[181422.00,6558.50],
[139550.00,22288.50],
[143700.00,11862.50],
[141240.00,18905.00],
[159547.00,7152.50],
[194486.00,3572.50],
[154557.00,11026.50],
[200048.00,3390.50],
*****************************t=57*****************************
58 generation time: 4.82 s
[181422.00,6558.50],
[139550.00,22288.50],
[143700.00,11862.50],
[141240.00,18905.00],
[159547.00,7152.50],
[194486.00,3572.50],
[154557.00,11026.50],
[200048.00,3390.50],
*****************************t=58*****************************
59 generation time: 4.89 s
[181422.00,6558.50],
[139550.00,22288.50],
[143700.00,11862.50],
[141240.00,18905.00],
[159547.00,7152.50],
[194486.00,3572.50],
[154557.00,11026.50],
[200048.00,3390.50],
*****************************t=59*****************************
60 generation time: 4.99 s
[181422.00,6558.50],
[139550.00,22288.50],
[143700.00,11862.50],
[141240.00,18905.00],
[159547.00,7152.50],
[194486.00,3572.50],
[154557.00,11026.50],
[200048.00,3390.50],
*****************************t=60*****************************
61 generation time: 5.07 s
[181422.00,6558.50],
[139550.00,22288.50],
[143700.00,11862.50],
[141240.00,18905.00],
[159547.00,7152.50],
[194486.00,3572.50],
[154557.00,11026.50],
[200048.00,3390.50],
*****************************t=61*****************************
62 generation time: 5.16 s
[181422.00,6558.50],
[139550.00,22288.50],
[143700.00,11862.50],
[141240.00,18905.00],
[159547.00,7152.50],
[194486.00,3572.50],
[154557.00,11026.50],
[200048.00,3390.50],
*****************************t=62*****************************
63 generation time: 5.24 s
[181422.00,6558.50],
[139550.00,22288.50],
[143700.00,11862.50],
[141240.00,18905.00],
[159547.00,7152.50],
[194486.00,3572.50],
[154557.00,11026.50],
[200048.00,3390.50],
*****************************t=63*****************************
64 generation time: 5.32 s
[181422.00,6558.50],
[139550.00,22288.50],
[143700.00,11862.50],
[141240.00,18905.00],
[159547.00,7152.50],
[194486.00,3572.50],
[154557.00,11026.50],
[200048.00,3390.50],
*****************************t=64*****************************
65 generation time: 5.41 s
[169532.00,5701.00],
[139550.00,22288.50],
[143700.00,11862.50],
[141240.00,18905.00],
[159547.00,7152.50],
[194486.00,3572.50],
[154557.00,11026.50],
[200048.00,3390.50],
*****************************t=65*****************************
66 generation time: 5.50 s
[169532.00,5701.00],
[139550.00,22288.50],
[143700.00,11862.50],
[141240.00,18905.00],
[159547.00,7152.50],
[194486.00,3572.50],
[154557.00,11026.50],
[200048.00,3390.50],
*****************************t=66*****************************
67 generation time: 5.59 s
[169532.00,5701.00],
[139550.00,22288.50],
[143700.00,11862.50],
[141240.00,18905.00],
[159547.00,7152.50],
[194486.00,3572.50],
[154557.00,11026.50],
[200048.00,3390.50],
*****************************t=67*****************************
time to convergence: 5.65 s	
68 generation time: 5.68 s
[169532.00,5701.00],
[139550.00,22288.50],
[143700.00,11862.50],
[141240.00,18905.00],
[159547.00,7152.50],
[194486.00,3572.50],
[154557.00,11026.50],
[200048.00,3390.50],
[139272.00,32323.00],
*****************************t=68*****************************
69 generation time: 5.76 s
[169532.00,5701.00],
[139550.00,22288.50],
[143700.00,11862.50],
[141240.00,18905.00],
[159547.00,7152.50],
[194486.00,3572.50],
[154557.00,11026.50],
[200048.00,3390.50],
[139272.00,32323.00],
*****************************t=69*****************************
70 generation time: 5.85 s
[169532.00,5701.00],
[139550.00,22288.50],
[143700.00,11862.50],
[140326.00,15539.00],
[159547.00,7152.50],
[194486.00,3572.50],
[154557.00,11026.50],
[200048.00,3390.50],
[139272.00,32323.00],
*****************************t=70*****************************
71 generation time: 5.94 s
[169532.00,5701.00],
[139550.00,22288.50],
[143700.00,11862.50],
[140326.00,15539.00],
[159547.00,7152.50],
[194486.00,3572.50],
[154557.00,11026.50],
[200048.00,3390.50],
[139272.00,32323.00],
*****************************t=71*****************************
72 generation time: 6.03 s
[169532.00,5701.00],
[139550.00,22288.50],
[143700.00,11862.50],
[140326.00,15539.00],
[159547.00,7152.50],
[194486.00,3572.50],
[154557.00,11026.50],
[200048.00,3390.50],
[139272.00,32323.00],
*****************************t=72*****************************
73 generation time: 6.12 s
[169532.00,5701.00],
[139550.00,22288.50],
[143700.00,11862.50],
[140326.00,15539.00],
[159547.00,7152.50],
[194486.00,3572.50],
[154527.00,11026.50],
[200048.00,3390.50],
[139272.00,32323.00],
*****************************t=73*****************************
74 generation time: 6.21 s
[169532.00,5701.00],
[139550.00,22288.50],
[143700.00,11862.50],
[140326.00,15539.00],
[159547.00,7152.50],
[194486.00,3572.50],
[154527.00,11026.50],
[200048.00,3390.50],
[139272.00,32323.00],
*****************************t=74*****************************
time to convergence: 6.27 s	
75 generation time: 6.30 s
[169532.00,5701.00],
[139550.00,22288.50],
[143700.00,11862.50],
[140326.00,15539.00],
[159547.00,7152.50],
[194486.00,3572.50],
[154527.00,11026.50],
[200048.00,3390.50],
[139272.00,32323.00],
[139630.00,21917.00],
*****************************t=75*****************************
76 generation time: 6.38 s
[169532.00,5701.00],
[139550.00,22288.50],
[143700.00,11862.50],
[140326.00,15539.00],
[159547.00,7152.50],
[194486.00,3572.50],
[154527.00,11026.50],
[200048.00,3390.50],
[139272.00,32323.00],
[139630.00,21917.00],
*****************************t=76*****************************
77 generation time: 6.47 s
[169532.00,5701.00],
[139550.00,22288.50],
[143700.00,11862.50],
[140326.00,15539.00],
[159547.00,7152.50],
[194486.00,3572.50],
[154527.00,11026.50],
[200048.00,3390.50],
[139272.00,32323.00],
[139630.00,21917.00],
*****************************t=77*****************************
78 generation time: 6.56 s
[169532.00,5701.00],
[139550.00,22288.50],
[143700.00,11862.50],
[140326.00,15539.00],
[159547.00,7152.50],
[194486.00,3572.50],
[154527.00,11026.50],
[200048.00,3390.50],
[139272.00,32323.00],
[139630.00,21917.00],
*****************************t=78*****************************
79 generation time: 6.65 s
[169532.00,5701.00],
[139550.00,22288.50],
[143700.00,11862.50],
[140326.00,15539.00],
[159547.00,7152.50],
[194486.00,3572.50],
[154527.00,11026.50],
[200048.00,3390.50],
[139272.00,32323.00],
[139630.00,21917.00],
*****************************t=79*****************************
80 generation time: 6.72 s
[169532.00,5701.00],
[139550.00,22288.50],
[143700.00,11862.50],
[140326.00,15539.00],
[159547.00,7152.50],
[194486.00,3572.50],
[154527.00,11026.50],
[200048.00,3390.50],
[139272.00,32323.00],
[139630.00,21917.00],
*****************************t=80*****************************
81 generation time: 6.82 s
[169532.00,5701.00],
[139550.00,22288.50],
[143700.00,11862.50],
[140326.00,15539.00],
[159547.00,7152.50],
[194486.00,3572.50],
[154527.00,11026.50],
[200048.00,3390.50],
[139272.00,32323.00],
[139630.00,21917.00],
*****************************t=81*****************************
82 generation time: 6.89 s
[169532.00,5701.00],
[139550.00,22288.50],
[143700.00,11862.50],
[140326.00,15539.00],
[159547.00,7152.50],
[194486.00,3572.50],
[154527.00,11026.50],
[200048.00,3390.50],
[139272.00,32323.00],
[139630.00,21917.00],
*****************************t=82*****************************
83 generation time: 6.99 s
[169532.00,5701.00],
[139550.00,22288.50],
[143700.00,11862.50],
[140326.00,15539.00],
[159547.00,7152.50],
[194486.00,3572.50],
[154527.00,11026.50],
[200048.00,3390.50],
[139272.00,32323.00],
[139630.00,21917.00],
*****************************t=83*****************************
84 generation time: 7.07 s
[169532.00,5701.00],
[139550.00,22288.50],
[143700.00,11862.50],
[140326.00,15539.00],
[159547.00,7152.50],
[194486.00,3572.50],
[154527.00,11026.50],
[200048.00,3390.50],
[139272.00,32323.00],
[139630.00,21917.00],
*****************************t=84*****************************
85 generation time: 7.16 s
[169532.00,5701.00],
[139550.00,22288.50],
[143700.00,11862.50],
[140326.00,15539.00],
[159547.00,7152.50],
[194486.00,3572.50],
[154527.00,11026.50],
[200048.00,3390.50],
[139272.00,32323.00],
[139630.00,21917.00],
*****************************t=85*****************************
86 generation time: 7.24 s
[169532.00,5701.00],
[139550.00,22288.50],
[143700.00,11862.50],
[140326.00,15539.00],
[159547.00,7152.50],
[194486.00,3572.50],
[154527.00,11026.50],
[200048.00,3390.50],
[139272.00,32323.00],
[139630.00,21917.00],
*****************************t=86*****************************
time to convergence: 7.30 s	
87 generation time: 7.33 s
[169532.00,5701.00],
[139550.00,22288.50],
[143700.00,11862.50],
[140326.00,15539.00],
[159547.00,7152.50],
[194486.00,3572.50],
[154527.00,11026.50],
[200048.00,3390.50],
[139272.00,32323.00],
[139630.00,21917.00],
[151209.00,11665.00],
*****************************t=87*****************************
88 generation time: 7.41 s
[169532.00,5701.00],
[139550.00,22288.50],
[143700.00,11862.50],
[140326.00,15539.00],
[159547.00,7152.50],
[194486.00,3572.50],
[154527.00,11026.50],
[200048.00,3390.50],
[139272.00,32323.00],
[139630.00,21917.00],
[151209.00,11665.00],
*****************************t=88*****************************
89 generation time: 7.50 s
[169532.00,5701.00],
[139550.00,22288.50],
[143700.00,11862.50],
[140326.00,15539.00],
[159547.00,7152.50],
[194486.00,3572.50],
[154527.00,11026.50],
[200048.00,3390.50],
[139272.00,32323.00],
[139630.00,21917.00],
[151209.00,11665.00],
*****************************t=89*****************************
90 generation time: 7.58 s
[169532.00,5701.00],
[139550.00,22288.50],
[143700.00,11862.50],
[140326.00,15539.00],
[159547.00,7152.50],
[194486.00,3572.50],
[154527.00,11026.50],
[200048.00,3390.50],
[139272.00,32323.00],
[139630.00,21917.00],
[151209.00,11665.00],
*****************************t=90*****************************
91 generation time: 7.68 s
[169532.00,5701.00],
[139550.00,22288.50],
[142637.00,10747.00],
[140326.00,15539.00],
[159547.00,7152.50],
[194486.00,3572.50],
[200048.00,3390.50],
[139272.00,32323.00],
[139630.00,21917.00],
*****************************t=91*****************************
92 generation time: 7.75 s
[169532.00,5701.00],
[139550.00,22288.50],
[142637.00,10747.00],
[140326.00,15539.00],
[159547.00,7152.50],
[194486.00,3572.50],
[200048.00,3390.50],
[139272.00,32323.00],
[139630.00,21917.00],
*****************************t=92*****************************
93 generation time: 7.85 s
[169532.00,5701.00],
[139550.00,22288.50],
[142637.00,10747.00],
[140326.00,15539.00],
[159547.00,7152.50],
[194486.00,3572.50],
[200048.00,3390.50],
[139272.00,32323.00],
[139630.00,21917.00],
*****************************t=93*****************************
94 generation time: 7.93 s
[169532.00,5701.00],
[139550.00,22288.50],
[142637.00,10747.00],
[140326.00,15539.00],
[159547.00,7152.50],
[194486.00,3572.50],
[200048.00,3390.50],
[139272.00,32323.00],
[139630.00,21917.00],
*****************************t=94*****************************
95 generation time: 8.02 s
[169532.00,5701.00],
[139550.00,22288.50],
[142637.00,10747.00],
[140326.00,15539.00],
[159547.00,7152.50],
[194486.00,3572.50],
[200048.00,3390.50],
[139272.00,32323.00],
[139630.00,21917.00],
*****************************t=95*****************************
96 generation time: 8.10 s
[169532.00,5701.00],
[139550.00,22288.50],
[142637.00,10747.00],
[140326.00,15539.00],
[159547.00,7152.50],
[194486.00,3572.50],
[200048.00,3390.50],
[139272.00,32323.00],
[139630.00,21917.00],
*****************************t=96*****************************
97 generation time: 8.19 s
[169532.00,5701.00],
[139550.00,22288.50],
[142637.00,10747.00],
[140326.00,15539.00],
[159547.00,7152.50],
[194486.00,3572.50],
[200048.00,3390.50],
[139272.00,32323.00],
[139630.00,21917.00],
*****************************t=97*****************************
98 generation time: 8.27 s
[169532.00,5701.00],
[139550.00,22288.50],
[142637.00,10747.00],
[140326.00,15539.00],
[159547.00,7152.50],
[194486.00,3572.50],
[200048.00,3390.50],
[139272.00,32323.00],
[139630.00,21917.00],
*****************************t=98*****************************
99 generation time: 8.35 s
[169532.00,5701.00],
[139550.00,22288.50],
[142637.00,10747.00],
[140326.00,15539.00],
[159547.00,7152.50],
[190488.00,2532.50],
[139272.00,32323.00],
[139630.00,21917.00],
*****************************t=99*****************************
time to convergence: 8.41 s	
100 generation time: 8.44 s
[169532.00,5701.00],
[139550.00,22288.50],
[142637.00,10747.00],
[140326.00,15539.00],
[159547.00,7152.50],
[190488.00,2532.50],
[139272.00,32323.00],
[139630.00,21917.00],
[140808.00,14870.50],
[169532.00,5701.00],
[139550.00,22288.50],
[142637.00,10747.00],
[140326.00,15539.00],
[159547.00,7152.50],
[190488.00,2532.50],
[139272.00,32323.00],
[139630.00,21917.00],
[140808.00,14870.50],
tot = 9
total time: 8.49 s
