m = 4 n = 14
pop = 30 gen = 100
init...begin
init...done
*****************************t=0*****************************
time to convergence: 0.07 s	
time to convergence: 0.07 s	
time to convergence: 0.07 s	
time to convergence: 0.07 s	
1 generation time: 0.10 s
[181422.00,6558.50],
[148409.00,33484.50],
[174655.00,19517.00],
[159471.00,25172.50],
[160414.00,20231.00],
*****************************t=1*****************************
2 generation time: 0.20 s
[181422.00,6558.50],
[148409.00,33484.50],
[174655.00,19517.00],
[159471.00,25172.50],
[160414.00,20231.00],
*****************************t=2*****************************
3 generation time: 0.29 s
[181422.00,6558.50],
[140752.00,32265.00],
[166424.00,16683.00],
[159471.00,25172.50],
[160414.00,20231.00],
*****************************t=3*****************************
4 generation time: 0.39 s
[181422.00,6558.50],
[140752.00,32265.00],
[166424.00,16683.00],
[150517.00,22913.00],
[160414.00,20231.00],
*****************************t=4*****************************
5 generation time: 0.49 s
[181422.00,6558.50],
[140752.00,32265.00],
[166424.00,16683.00],
[150035.00,20927.00],
[160414.00,20231.00],
*****************************t=5*****************************
6 generation time: 0.59 s
[181422.00,6558.50],
[140752.00,32265.00],
[166424.00,16683.00],
[150035.00,20927.00],
[160414.00,20231.00],
*****************************t=6*****************************
time to convergence: 0.66 s	
7 generation time: 0.69 s
[181422.00,6558.50],
[140752.00,32265.00],
[166424.00,16683.00],
[150035.00,20927.00],
[160414.00,20231.00],
[149833.00,25791.00],
*****************************t=7*****************************
8 generation time: 0.79 s
[181422.00,6558.50],
[140752.00,32265.00],
[166424.00,16683.00],
[150035.00,20927.00],
[160414.00,20231.00],
[149833.00,25791.00],
*****************************t=8*****************************
time to convergence: 0.86 s	
time to convergence: 0.86 s	
time to convergence: 0.86 s	
9 generation time: 0.89 s
[181422.00,6558.50],
[140752.00,32265.00],
[166424.00,16683.00],
[150035.00,20927.00],
[160414.00,20231.00],
[149833.00,25791.00],
[168870.00,10890.50],
[160930.00,20089.00],
[165308.00,17223.50],
*****************************t=9*****************************
10 generation time: 0.99 s
[181422.00,6558.50],
[140752.00,32265.00],
[166424.00,16683.00],
[150035.00,20927.00],
[160414.00,20231.00],
[149833.00,25791.00],
[168870.00,10890.50],
[160930.00,20089.00],
[165308.00,17223.50],
*****************************t=10*****************************
11 generation time: 1.10 s
[181422.00,6558.50],
[140752.00,32265.00],
[166424.00,16683.00],
[150035.00,20927.00],
[160414.00,20231.00],
[149833.00,25791.00],
[168870.00,10890.50],
[160930.00,20089.00],
[165308.00,17223.50],
*****************************t=11*****************************
12 generation time: 1.19 s
[181422.00,6558.50],
[140752.00,32265.00],
[166424.00,16683.00],
[150035.00,20927.00],
[157293.00,17449.00],
[149833.00,25791.00],
[168870.00,10890.50],
[165308.00,17223.50],
*****************************t=12*****************************
time to convergence: 1.25 s	
13 generation time: 1.29 s
[181422.00,6558.50],
[140752.00,32265.00],
[166424.00,16683.00],
[150035.00,20927.00],
[157293.00,17449.00],
[149833.00,25791.00],
[168870.00,10890.50],
[165308.00,17223.50],
[151588.00,20867.00],
*****************************t=13*****************************
14 generation time: 1.39 s
[181422.00,6558.50],
[140752.00,32265.00],
[166424.00,16683.00],
[150035.00,20927.00],
[157293.00,17449.00],
[149833.00,25791.00],
[168870.00,10890.50],
[165308.00,17223.50],
[151588.00,20867.00],
*****************************t=14*****************************
15 generation time: 1.48 s
[181422.00,6558.50],
[140752.00,32265.00],
[166424.00,16683.00],
[150035.00,20927.00],
[157293.00,17449.00],
[149833.00,25791.00],
[168870.00,10890.50],
[165308.00,17223.50],
[151588.00,20867.00],
*****************************t=15*****************************
16 generation time: 1.59 s
[181422.00,6558.50],
[140752.00,32265.00],
[166424.00,16683.00],
[150035.00,20927.00],
[157293.00,17449.00],
[149833.00,25791.00],
[168870.00,10890.50],
[165308.00,17223.50],
[150447.00,20031.00],
*****************************t=16*****************************
17 generation time: 1.70 s
[181422.00,6558.50],
[140752.00,32265.00],
[166424.00,16683.00],
[150035.00,20927.00],
[157293.00,17449.00],
[149833.00,25791.00],
[168870.00,10890.50],
[165308.00,17223.50],
[150447.00,20031.00],
*****************************t=17*****************************
time to convergence: 1.76 s	
18 generation time: 1.79 s
[181422.00,6558.50],
[140752.00,32265.00],
[155099.00,12739.00],
[150035.00,20927.00],
[149833.00,25791.00],
[168870.00,10890.50],
[150447.00,20031.00],
[172297.00,9757.00],
*****************************t=18*****************************
time to convergence: 1.86 s	
19 generation time: 1.89 s
[181422.00,6558.50],
[140752.00,32265.00],
[155099.00,12739.00],
[150035.00,20927.00],
[149833.00,25791.00],
[168870.00,10890.50],
[150447.00,20031.00],
[172297.00,9757.00],
[230032.00,4815.50],
*****************************t=19*****************************
20 generation time: 1.99 s
[181422.00,6558.50],
[140752.00,32265.00],
[155099.00,12739.00],
[150035.00,20927.00],
[149833.00,25791.00],
[168870.00,10890.50],
[150447.00,20031.00],
[172297.00,9757.00],
[230032.00,4815.50],
*****************************t=20*****************************
21 generation time: 2.09 s
[181422.00,6558.50],
[140752.00,32265.00],
[155099.00,12739.00],
[150035.00,20927.00],
[149833.00,25791.00],
[168870.00,10890.50],
[150447.00,20031.00],
[172297.00,9757.00],
[230032.00,4815.50],
*****************************t=21*****************************
22 generation time: 2.19 s
[181422.00,6558.50],
[140752.00,32265.00],
[155099.00,12739.00],
[150035.00,20927.00],
[149833.00,25791.00],
[168870.00,10890.50],
[150447.00,20031.00],
[172297.00,9757.00],
[230032.00,4815.50],
*****************************t=22*****************************
23 generation time: 2.28 s
[181422.00,6558.50],
[140752.00,32265.00],
[155099.00,12739.00],
[141240.00,18905.00],
[168870.00,10890.50],
[172297.00,9757.00],
[230032.00,4815.50],
*****************************t=23*****************************
24 generation time: 2.38 s
[181422.00,6558.50],
[140752.00,32265.00],
[155099.00,12739.00],
[141240.00,18905.00],
[168870.00,10890.50],
[172297.00,9757.00],
[195324.00,4355.50],
*****************************t=24*****************************
25 generation time: 2.50 s
[181422.00,6558.50],
[140752.00,32265.00],
[143700.00,11862.50],
[141240.00,18905.00],
[168870.00,10890.50],
[172297.00,9757.00],
[195324.00,4355.50],
*****************************t=25*****************************
time to convergence: 2.58 s	
26 generation time: 2.62 s
[181422.00,6558.50],
[140752.00,32265.00],
[143700.00,11862.50],
[141240.00,18905.00],
[168870.00,10890.50],
[172297.00,9757.00],
[195324.00,4355.50],
[174626.00,7428.50],
*****************************t=26*****************************
27 generation time: 2.73 s
[181422.00,6558.50],
[140752.00,32265.00],
[143700.00,11862.50],
[141240.00,18905.00],
[168870.00,10890.50],
[172297.00,9757.00],
[194486.00,3572.50],
[174626.00,7428.50],
*****************************t=27*****************************
time to convergence: 2.81 s	
28 generation time: 2.85 s
[181422.00,6558.50],
[140752.00,32265.00],
[143700.00,11862.50],
[141240.00,18905.00],
[168870.00,10890.50],
[172297.00,9757.00],
[194486.00,3572.50],
[174626.00,7428.50],
[140364.00,46543.00],
*****************************t=28*****************************
29 generation time: 2.96 s
[181422.00,6558.50],
[140752.00,32265.00],
[143700.00,11862.50],
[141240.00,18905.00],
[168870.00,10890.50],
[172297.00,9757.00],
[194486.00,3572.50],
[174626.00,7428.50],
[140364.00,46543.00],
*****************************t=29*****************************
30 generation time: 3.09 s
[181422.00,6558.50],
[140752.00,32265.00],
[143700.00,11862.50],
[141240.00,18905.00],
[168870.00,10890.50],
[172297.00,9757.00],
[194486.00,3572.50],
[174626.00,7428.50],
[140364.00,46543.00],
*****************************t=30*****************************
31 generation time: 3.20 s
[181422.00,6558.50],
[140752.00,32265.00],
[143700.00,11862.50],
[141240.00,18905.00],
[168870.00,10890.50],
[172297.00,9757.00],
[194486.00,3572.50],
[174626.00,7428.50],
[140364.00,46543.00],
*****************************t=31*****************************
time to convergence: 3.28 s	
32 generation time: 3.32 s
[181422.00,6558.50],
[140752.00,32265.00],
[143700.00,11862.50],
[141240.00,18905.00],
[168870.00,10890.50],
[172297.00,9757.00],
[194486.00,3572.50],
[174626.00,7428.50],
[140364.00,46543.00],
[154557.00,11026.50],
*****************************t=32*****************************
33 generation time: 3.43 s
[181422.00,6558.50],
[140752.00,32265.00],
[143700.00,11862.50],
[141240.00,18905.00],
[168870.00,10890.50],
[172297.00,9757.00],
[194486.00,3572.50],
[174626.00,7428.50],
[140364.00,46543.00],
[154557.00,11026.50],
*****************************t=33*****************************
34 generation time: 3.55 s
[181422.00,6558.50],
[140752.00,32265.00],
[143700.00,11862.50],
[141240.00,18905.00],
[168870.00,10890.50],
[172297.00,9757.00],
[194486.00,3572.50],
[174626.00,7428.50],
[140364.00,46543.00],
[154557.00,11026.50],
*****************************t=34*****************************
35 generation time: 3.66 s
[181422.00,6558.50],
[140752.00,32265.00],
[143700.00,11862.50],
[141240.00,18905.00],
[168870.00,10890.50],
[172297.00,9757.00],
[194486.00,3572.50],
[174626.00,7428.50],
[140364.00,46543.00],
[154557.00,11026.50],
*****************************t=35*****************************
36 generation time: 3.76 s
[181422.00,6558.50],
[140752.00,32265.00],
[143700.00,11862.50],
[141240.00,18905.00],
[168870.00,10890.50],
[172297.00,9757.00],
[194486.00,3572.50],
[174626.00,7428.50],
[140364.00,46543.00],
[154557.00,11026.50],
*****************************t=36*****************************
time to convergence: 3.83 s	
37 generation time: 3.86 s
[181422.00,6558.50],
[140752.00,32265.00],
[143700.00,11862.50],
[141240.00,18905.00],
[159547.00,7152.50],
[194486.00,3572.50],
[140364.00,46543.00],
[154557.00,11026.50],
[140584.00,35349.00],
*****************************t=37*****************************
38 generation time: 3.96 s
[181422.00,6558.50],
[140752.00,32265.00],
[143700.00,11862.50],
[141240.00,18905.00],
[159547.00,7152.50],
[194486.00,3572.50],
[140364.00,46543.00],
[154557.00,11026.50],
[140584.00,35349.00],
*****************************t=38*****************************
39 generation time: 4.07 s
[181422.00,6558.50],
[140752.00,32265.00],
[143700.00,11862.50],
[141240.00,18905.00],
[159547.00,7152.50],
[194486.00,3572.50],
[140364.00,46543.00],
[154557.00,11026.50],
[140584.00,35349.00],
*****************************t=39*****************************
40 generation time: 4.18 s
[181422.00,6558.50],
[140752.00,32265.00],
[143700.00,11862.50],
[141240.00,18905.00],
[159547.00,7152.50],
[194486.00,3572.50],
[140364.00,46543.00],
[154557.00,11026.50],
[140584.00,35349.00],
*****************************t=40*****************************
41 generation time: 4.29 s
[181422.00,6558.50],
[140752.00,32265.00],
[143700.00,11862.50],
[141240.00,18905.00],
[159547.00,7152.50],
[194486.00,3572.50],
[140364.00,46543.00],
[154557.00,11026.50],
[140584.00,35349.00],
*****************************t=41*****************************
time to convergence: 4.36 s	
42 generation time: 4.40 s
[181422.00,6558.50],
[140752.00,32265.00],
[143700.00,11862.50],
[141240.00,18905.00],
[159547.00,7152.50],
[194486.00,3572.50],
[140364.00,46543.00],
[154557.00,11026.50],
[140584.00,35349.00],
[140392.00,43918.50],
*****************************t=42*****************************
43 generation time: 4.51 s
[181422.00,6558.50],
[140752.00,32265.00],
[143700.00,11862.50],
[141240.00,18905.00],
[159547.00,7152.50],
[194486.00,3572.50],
[140364.00,46543.00],
[154557.00,11026.50],
[140584.00,35349.00],
[140392.00,43918.50],
*****************************t=43*****************************
44 generation time: 4.61 s
[181422.00,6558.50],
[140752.00,32265.00],
[143700.00,11862.50],
[141240.00,18905.00],
[159547.00,7152.50],
[194486.00,3572.50],
[140364.00,46543.00],
[154557.00,11026.50],
[140584.00,35349.00],
[140392.00,43918.50],
*****************************t=44*****************************
45 generation time: 4.73 s
[181422.00,6558.50],
[140752.00,32265.00],
[143700.00,11862.50],
[141240.00,18905.00],
[159547.00,7152.50],
[194486.00,3572.50],
[140364.00,46543.00],
[154557.00,11026.50],
[140584.00,35349.00],
[140392.00,43918.50],
*****************************t=45*****************************
46 generation time: 4.84 s
[181422.00,6558.50],
[140752.00,32265.00],
[143700.00,11862.50],
[141240.00,18905.00],
[159547.00,7152.50],
[194486.00,3572.50],
[140364.00,46543.00],
[154557.00,11026.50],
[140584.00,35349.00],
[140392.00,43918.50],
*****************************t=46*****************************
47 generation time: 4.94 s
[181422.00,6558.50],
[140752.00,32265.00],
[143700.00,11862.50],
[141240.00,18905.00],
[159547.00,7152.50],
[194486.00,3572.50],
[140364.00,46543.00],
[154557.00,11026.50],
[140584.00,35349.00],
[140392.00,43918.50],
*****************************t=47*****************************
48 generation time: 5.05 s
[181422.00,6558.50],
[140752.00,32265.00],
[143700.00,11862.50],
[141240.00,18905.00],
[159547.00,7152.50],
[194486.00,3572.50],
[140364.00,46543.00],
[154557.00,11026.50],
[140584.00,35349.00],
[140392.00,43918.50],
*****************************t=48*****************************
49 generation time: 5.15 s
[181422.00,6558.50],
[140752.00,32265.00],
[143700.00,11862.50],
[141240.00,18905.00],
[159547.00,7152.50],
[194486.00,3572.50],
[140364.00,46543.00],
[154557.00,11026.50],
[140584.00,35349.00],
[140392.00,43918.50],
*****************************t=49*****************************
time to convergence: 5.22 s	
50 generation time: 5.25 s
[181422.00,6558.50],
[140752.00,32265.00],
[143700.00,11862.50],
[141240.00,18905.00],
[159547.00,7152.50],
[194486.00,3572.50],
[140364.00,46543.00],
[154557.00,11026.50],
[140584.00,35349.00],
[140392.00,43918.50],
[140978.00,32241.00],
*****************************t=50*****************************
51 generation time: 5.34 s
[181422.00,6558.50],
[140752.00,32265.00],
[143700.00,11862.50],
[141240.00,18905.00],
[159547.00,7152.50],
[194486.00,3572.50],
[140364.00,46543.00],
[154557.00,11026.50],
[140584.00,35349.00],
[140392.00,43918.50],
[140978.00,32241.00],
*****************************t=51*****************************
52 generation time: 5.44 s
[181422.00,6558.50],
[140752.00,32265.00],
[143700.00,11862.50],
[141240.00,18905.00],
[159547.00,7152.50],
[194486.00,3572.50],
[140364.00,46543.00],
[154557.00,11026.50],
[140584.00,35349.00],
[140392.00,43918.50],
[140978.00,32241.00],
*****************************t=52*****************************
53 generation time: 5.53 s
[181422.00,6558.50],
[140752.00,32265.00],
[143700.00,11862.50],
[141240.00,18905.00],
[159547.00,7152.50],
[194486.00,3572.50],
[140364.00,46543.00],
[154557.00,11026.50],
[140584.00,35349.00],
[140392.00,43918.50],
[140978.00,32241.00],
*****************************t=53*****************************
54 generation time: 5.62 s
[181422.00,6558.50],
[140752.00,32265.00],
[143700.00,11862.50],
[141240.00,18905.00],
[159547.00,7152.50],
[194486.00,3572.50],
[140364.00,46543.00],
[154557.00,11026.50],
[140584.00,35349.00],
[140392.00,43918.50],
[140978.00,32241.00],
*****************************t=54*****************************
55 generation time: 5.72 s
[181422.00,6558.50],
[139550.00,22288.50],
[143700.00,11862.50],
[141240.00,18905.00],
[159547.00,7152.50],
[194486.00,3572.50],
[154557.00,11026.50],
*****************************t=55*****************************
56 generation time: 5.82 s
[181422.00,6558.50],
[139550.00,22288.50],
[143700.00,11862.50],
[141240.00,18905.00],
[159547.00,7152.50],
[194486.00,3572.50],
[154557.00,11026.50],
*****************************t=56*****************************
time to convergence: 5.88 s	
57 generation time: 5.91 s
[181422.00,6558.50],
[139550.00,22288.50],
[143700.00,11862.50],
[141240.00,18905.00],
[159547.00,7152.50],
[194486.00,3572.50],
[154557.00,11026.50],
[200048.00,3390.50],
*****************************t=57*****************************
58 generation time: 6.01 s
[181422.00,6558.50],
[139550.00,22288.50],
[143700.00,11862.50],
[141240.00,18905.00],
[159547.00,7152.50],
[194486.00,3572.50],
[154557.00,11026.50],
[200048.00,3390.50],
*****************************t=58*****************************
59 generation time: 6.12 s
[181422.00,6558.50],
[139550.00,22288.50],
[143700.00,11862.50],
[141240.00,18905.00],
[159547.00,7152.50],
[194486.00,3572.50],
[154557.00,11026.50],
[200048.00,3390.50],
*****************************t=59*****************************
60 generation time: 6.21 s
[181422.00,6558.50],
[139550.00,22288.50],
[143700.00,11862.50],
[141240.00,18905.00],
[159547.00,7152.50],
[194486.00,3572.50],
[154557.00,11026.50],
[200048.00,3390.50],
*****************************t=60*****************************
61 generation time: 6.31 s
[181422.00,6558.50],
[139550.00,22288.50],
[143700.00,11862.50],
[141240.00,18905.00],
[159547.00,7152.50],
[194486.00,3572.50],
[154557.00,11026.50],
[200048.00,3390.50],
*****************************t=61*****************************
62 generation time: 6.42 s
[181422.00,6558.50],
[139550.00,22288.50],
[143700.00,11862.50],
[141240.00,18905.00],
[159547.00,7152.50],
[194486.00,3572.50],
[154557.00,11026.50],
[200048.00,3390.50],
*****************************t=62*****************************
63 generation time: 6.52 s
[181422.00,6558.50],
[139550.00,22288.50],
[143700.00,11862.50],
[141240.00,18905.00],
[159547.00,7152.50],
[194486.00,3572.50],
[154557.00,11026.50],
[200048.00,3390.50],
*****************************t=63*****************************
64 generation time: 6.61 s
[181422.00,6558.50],
[139550.00,22288.50],
[143700.00,11862.50],
[141240.00,18905.00],
[159547.00,7152.50],
[194486.00,3572.50],
[154557.00,11026.50],
[200048.00,3390.50],
*****************************t=64*****************************
65 generation time: 6.71 s
[169532.00,5701.00],
[139550.00,22288.50],
[143700.00,11862.50],
[141240.00,18905.00],
[159547.00,7152.50],
[194486.00,3572.50],
[154557.00,11026.50],
[200048.00,3390.50],
*****************************t=65*****************************
66 generation time: 6.81 s
[169532.00,5701.00],
[139550.00,22288.50],
[143700.00,11862.50],
[141240.00,18905.00],
[159547.00,7152.50],
[194486.00,3572.50],
[154557.00,11026.50],
[200048.00,3390.50],
*****************************t=66*****************************
67 generation time: 6.90 s
[169532.00,5701.00],
[139550.00,22288.50],
[143700.00,11862.50],
[141240.00,18905.00],
[159547.00,7152.50],
[194486.00,3572.50],
[154557.00,11026.50],
[200048.00,3390.50],
*****************************t=67*****************************
time to convergence: 6.97 s	
68 generation time: 7.00 s
[169532.00,5701.00],
[139550.00,22288.50],
[143700.00,11862.50],
[141240.00,18905.00],
[159547.00,7152.50],
[194486.00,3572.50],
[154557.00,11026.50],
[200048.00,3390.50],
[139272.00,32323.00],
*****************************t=68*****************************
69 generation time: 7.10 s
[169532.00,5701.00],
[139550.00,22288.50],
[143700.00,11862.50],
[141240.00,18905.00],
[159547.00,7152.50],
[194486.00,3572.50],
[154557.00,11026.50],
[200048.00,3390.50],
[139272.00,32323.00],
*****************************t=69*****************************
70 generation time: 7.20 s
[169532.00,5701.00],
[139550.00,22288.50],
[143700.00,11862.50],
[140326.00,15539.00],
[159547.00,7152.50],
[194486.00,3572.50],
[154557.00,11026.50],
[200048.00,3390.50],
[139272.00,32323.00],
*****************************t=70*****************************
71 generation time: 7.30 s
[169532.00,5701.00],
[139550.00,22288.50],
[143700.00,11862.50],
[140326.00,15539.00],
[159547.00,7152.50],
[194486.00,3572.50],
[154557.00,11026.50],
[200048.00,3390.50],
[139272.00,32323.00],
*****************************t=71*****************************
72 generation time: 7.40 s
[169532.00,5701.00],
[139550.00,22288.50],
[143700.00,11862.50],
[140326.00,15539.00],
[159547.00,7152.50],
[194486.00,3572.50],
[154557.00,11026.50],
[200048.00,3390.50],
[139272.00,32323.00],
*****************************t=72*****************************
73 generation time: 7.50 s
[169532.00,5701.00],
[139550.00,22288.50],
[143700.00,11862.50],
[140326.00,15539.00],
[159547.00,7152.50],
[194486.00,3572.50],
[154527.00,11026.50],
[200048.00,3390.50],
[139272.00,32323.00],
*****************************t=73*****************************
74 generation time: 7.59 s
[169532.00,5701.00],
[139550.00,22288.50],
[143700.00,11862.50],
[140326.00,15539.00],
[159547.00,7152.50],
[194486.00,3572.50],
[154527.00,11026.50],
[200048.00,3390.50],
[139272.00,32323.00],
*****************************t=74*****************************
time to convergence: 7.66 s	
75 generation time: 7.70 s
[169532.00,5701.00],
[139550.00,22288.50],
[143700.00,11862.50],
[140326.00,15539.00],
[159547.00,7152.50],
[194486.00,3572.50],
[154527.00,11026.50],
[200048.00,3390.50],
[139272.00,32323.00],
[139630.00,21917.00],
*****************************t=75*****************************
76 generation time: 7.79 s
[169532.00,5701.00],
[139550.00,22288.50],
[143700.00,11862.50],
[140326.00,15539.00],
[159547.00,7152.50],
[194486.00,3572.50],
[154527.00,11026.50],
[200048.00,3390.50],
[139272.00,32323.00],
[139630.00,21917.00],
*****************************t=76*****************************
77 generation time: 7.89 s
[169532.00,5701.00],
[139550.00,22288.50],
[143700.00,11862.50],
[140326.00,15539.00],
[159547.00,7152.50],
[194486.00,3572.50],
[154527.00,11026.50],
[200048.00,3390.50],
[139272.00,32323.00],
[139630.00,21917.00],
*****************************t=77*****************************
78 generation time: 7.99 s
[169532.00,5701.00],
[139550.00,22288.50],
[143700.00,11862.50],
[140326.00,15539.00],
[159547.00,7152.50],
[194486.00,3572.50],
[154527.00,11026.50],
[200048.00,3390.50],
[139272.00,32323.00],
[139630.00,21917.00],
*****************************t=78*****************************
79 generation time: 8.10 s
[169532.00,5701.00],
[139550.00,22288.50],
[143700.00,11862.50],
[140326.00,15539.00],
[159547.00,7152.50],
[194486.00,3572.50],
[154527.00,11026.50],
[200048.00,3390.50],
[139272.00,32323.00],
[139630.00,21917.00],
*****************************t=79*****************************
80 generation time: 8.22 s
[169532.00,5701.00],
[139550.00,22288.50],
[143700.00,11862.50],
[140326.00,15539.00],
[159547.00,7152.50],
[194486.00,3572.50],
[154527.00,11026.50],
[200048.00,3390.50],
[139272.00,32323.00],
[139630.00,21917.00],
*****************************t=80*****************************
81 generation time: 8.34 s
[169532.00,5701.00],
[139550.00,22288.50],
[143700.00,11862.50],
[140326.00,15539.00],
[159547.00,7152.50],
[194486.00,3572.50],
[154527.00,11026.50],
[200048.00,3390.50],
[139272.00,32323.00],
[139630.00,21917.00],
*****************************t=81*****************************
82 generation time: 8.47 s
[169532.00,5701.00],
[139550.00,22288.50],
[143700.00,11862.50],
[140326.00,15539.00],
[159547.00,7152.50],
[194486.00,3572.50],
[154527.00,11026.50],
[200048.00,3390.50],
[139272.00,32323.00],
[139630.00,21917.00],
*****************************t=82*****************************
83 generation time: 8.60 s
[169532.00,5701.00],
[139550.00,22288.50],
[143700.00,11862.50],
[140326.00,15539.00],
[159547.00,7152.50],
[194486.00,3572.50],
[154527.00,11026.50],
[200048.00,3390.50],
[139272.00,32323.00],
[139630.00,21917.00],
*****************************t=83*****************************
84 generation time: 8.69 s
[169532.00,5701.00],
[139550.00,22288.50],
[143700.00,11862.50],
[140326.00,15539.00],
[159547.00,7152.50],
[194486.00,3572.50],
[154527.00,11026.50],
[200048.00,3390.50],
[139272.00,32323.00],
[139630.00,21917.00],
*****************************t=84*****************************
85 generation time: 8.79 s
[169532.00,5701.00],
[139550.00,22288.50],
[143700.00,11862.50],
[140326.00,15539.00],
[159547.00,7152.50],
[194486.00,3572.50],
[154527.00,11026.50],
[200048.00,3390.50],
[139272.00,32323.00],
[139630.00,21917.00],
*****************************t=85*****************************
86 generation time: 8.89 s
[169532.00,5701.00],
[139550.00,22288.50],
[143700.00,11862.50],
[140326.00,15539.00],
[159547.00,7152.50],
[194486.00,3572.50],
[154527.00,11026.50],
[200048.00,3390.50],
[139272.00,32323.00],
[139630.00,21917.00],
*****************************t=86*****************************
time to convergence: 8.96 s	
87 generation time: 8.98 s
[169532.00,5701.00],
[139550.00,22288.50],
[143700.00,11862.50],
[140326.00,15539.00],
[159547.00,7152.50],
[194486.00,3572.50],
[154527.00,11026.50],
[200048.00,3390.50],
[139272.00,32323.00],
[139630.00,21917.00],
[151209.00,11665.00],
*****************************t=87*****************************
88 generation time: 9.08 s
[169532.00,5701.00],
[139550.00,22288.50],
[143700.00,11862.50],
[140326.00,15539.00],
[159547.00,7152.50],
[194486.00,3572.50],
[154527.00,11026.50],
[200048.00,3390.50],
[139272.00,32323.00],
[139630.00,21917.00],
[151209.00,11665.00],
*****************************t=88*****************************
89 generation time: 9.18 s
[169532.00,5701.00],
[139550.00,22288.50],
[143700.00,11862.50],
[140326.00,15539.00],
[159547.00,7152.50],
[194486.00,3572.50],
[154527.00,11026.50],
[200048.00,3390.50],
[139272.00,32323.00],
[139630.00,21917.00],
[151209.00,11665.00],
*****************************t=89*****************************
90 generation time: 9.27 s
[169532.00,5701.00],
[139550.00,22288.50],
[143700.00,11862.50],
[140326.00,15539.00],
[159547.00,7152.50],
[194486.00,3572.50],
[154527.00,11026.50],
[200048.00,3390.50],
[139272.00,32323.00],
[139630.00,21917.00],
[151209.00,11665.00],
*****************************t=90*****************************
91 generation time: 9.37 s
[169532.00,5701.00],
[139550.00,22288.50],
[142637.00,10747.00],
[140326.00,15539.00],
[159547.00,7152.50],
[194486.00,3572.50],
[200048.00,3390.50],
[139272.00,32323.00],
[139630.00,21917.00],
*****************************t=91*****************************
92 generation time: 9.48 s
[169532.00,5701.00],
[139550.00,22288.50],
[142637.00,10747.00],
[140326.00,15539.00],
[159547.00,7152.50],
[194486.00,3572.50],
[200048.00,3390.50],
[139272.00,32323.00],
[139630.00,21917.00],
*****************************t=92*****************************
93 generation time: 9.57 s
[169532.00,5701.00],
[139550.00,22288.50],
[142637.00,10747.00],
[140326.00,15539.00],
[159547.00,7152.50],
[194486.00,3572.50],
[200048.00,3390.50],
[139272.00,32323.00],
[139630.00,21917.00],
*****************************t=93*****************************
94 generation time: 9.67 s
[169532.00,5701.00],
[139550.00,22288.50],
[142637.00,10747.00],
[140326.00,15539.00],
[159547.00,7152.50],
[194486.00,3572.50],
[200048.00,3390.50],
[139272.00,32323.00],
[139630.00,21917.00],
*****************************t=94*****************************
95 generation time: 9.77 s
[169532.00,5701.00],
[139550.00,22288.50],
[142637.00,10747.00],
[140326.00,15539.00],
[159547.00,7152.50],
[194486.00,3572.50],
[200048.00,3390.50],
[139272.00,32323.00],
[139630.00,21917.00],
*****************************t=95*****************************
96 generation time: 9.87 s
[169532.00,5701.00],
[139550.00,22288.50],
[142637.00,10747.00],
[140326.00,15539.00],
[159547.00,7152.50],
[194486.00,3572.50],
[200048.00,3390.50],
[139272.00,32323.00],
[139630.00,21917.00],
*****************************t=96*****************************
97 generation time: 9.96 s
[169532.00,5701.00],
[139550.00,22288.50],
[142637.00,10747.00],
[140326.00,15539.00],
[159547.00,7152.50],
[194486.00,3572.50],
[200048.00,3390.50],
[139272.00,32323.00],
[139630.00,21917.00],
*****************************t=97*****************************
98 generation time: 10.06 s
[169532.00,5701.00],
[139550.00,22288.50],
[142637.00,10747.00],
[140326.00,15539.00],
[159547.00,7152.50],
[194486.00,3572.50],
[200048.00,3390.50],
[139272.00,32323.00],
[139630.00,21917.00],
*****************************t=98*****************************
99 generation time: 10.16 s
[169532.00,5701.00],
[139550.00,22288.50],
[142637.00,10747.00],
[140326.00,15539.00],
[159547.00,7152.50],
[190488.00,2532.50],
[139272.00,32323.00],
[139630.00,21917.00],
*****************************t=99*****************************
time to convergence: 10.23 s	
100 generation time: 10.26 s
[169532.00,5701.00],
[139550.00,22288.50],
[142637.00,10747.00],
[140326.00,15539.00],
[159547.00,7152.50],
[190488.00,2532.50],
[139272.00,32323.00],
[139630.00,21917.00],
[140808.00,14870.50],
[169532.00,5701.00],
[139550.00,22288.50],
[142637.00,10747.00],
[140326.00,15539.00],
[159547.00,7152.50],
[190488.00,2532.50],
[139272.00,32323.00],
[139630.00,21917.00],
[140808.00,14870.50],
tot = 9
total time: 10.31 s
