m = 2 n = 16
pop = 30 gen = 500
init...begin
init...done
*****************************t=0*****************************
time to convergence: 0.05 s	
time to convergence: 0.05 s	
1 generation time: 0.08 s
[64617.00,2263.00],
[68877.00,173.00],
[65303.00,575.00],
*****************************t=1*****************************
time to convergence: 0.13 s	
2 generation time: 0.16 s
[63638.00,575.00],
[68877.00,33.00],
[68154.00,43.00],
*****************************t=2*****************************
3 generation time: 0.24 s
[63638.00,575.00],
[68237.00,33.00],
[68154.00,43.00],
*****************************t=3*****************************
4 generation time: 0.32 s
[63638.00,575.00],
[68237.00,33.00],
[68154.00,43.00],
*****************************t=4*****************************
time to convergence: 0.37 s	
5 generation time: 0.40 s
[63638.00,575.00],
[68237.00,33.00],
[68154.00,43.00],
[65220.00,417.00],
*****************************t=5*****************************
time to convergence: 0.45 s	
time to convergence: 0.45 s	
6 generation time: 0.47 s
[63638.00,575.00],
[68237.00,33.00],
[68154.00,43.00],
[65220.00,417.00],
[67794.00,115.00],
[63050.00,1129.00],
*****************************t=6*****************************
time to convergence: 0.52 s	
7 generation time: 0.55 s
[63638.00,575.00],
[68237.00,5.00],
[68154.00,43.00],
[65220.00,417.00],
[67794.00,115.00],
[63050.00,1129.00],
[65157.00,455.00],
*****************************t=7*****************************
8 generation time: 0.63 s
[63638.00,575.00],
[68237.00,5.00],
[68154.00,43.00],
[65220.00,417.00],
[67794.00,115.00],
[63050.00,1129.00],
[65157.00,455.00],
*****************************t=8*****************************
time to convergence: 0.69 s	
9 generation time: 0.72 s
[63335.00,575.00],
[68237.00,5.00],
[68154.00,43.00],
[65220.00,417.00],
[67794.00,115.00],
[63050.00,1129.00],
[65157.00,455.00],
[62792.00,1373.00],
*****************************t=9*****************************
time to convergence: 0.77 s	
10 generation time: 0.80 s
[63335.00,575.00],
[68237.00,5.00],
[68154.00,43.00],
[65220.00,417.00],
[67794.00,115.00],
[63050.00,1129.00],
[65157.00,455.00],
[62792.00,1373.00],
[63107.00,961.00],
*****************************t=10*****************************
time to convergence: 0.85 s	
11 generation time: 0.88 s
[63335.00,575.00],
[68237.00,5.00],
[68154.00,43.00],
[65220.00,417.00],
[67794.00,115.00],
[62904.00,1043.00],
[65157.00,455.00],
[62792.00,1373.00],
[63107.00,961.00],
[63392.00,537.00],
*****************************t=11*****************************
12 generation time: 0.97 s
[63335.00,575.00],
[68237.00,5.00],
[68097.00,33.00],
[63386.00,331.00],
[67794.00,115.00],
[62904.00,1043.00],
[62792.00,1373.00],
[63050.00,923.00],
*****************************t=12*****************************
13 generation time: 1.06 s
[63335.00,575.00],
[68237.00,5.00],
[68097.00,33.00],
[63386.00,331.00],
[67794.00,115.00],
[62904.00,1043.00],
[62792.00,1373.00],
[63050.00,923.00],
*****************************t=13*****************************
14 generation time: 1.16 s
[63335.00,575.00],
[68237.00,5.00],
[68097.00,33.00],
[63386.00,331.00],
[67794.00,115.00],
[62904.00,1043.00],
[62792.00,1373.00],
[63050.00,923.00],
*****************************t=14*****************************
15 generation time: 1.25 s
[63335.00,575.00],
[68237.00,5.00],
[68097.00,33.00],
[63386.00,331.00],
[67794.00,115.00],
[62904.00,1043.00],
[62792.00,1373.00],
[63050.00,923.00],
*****************************t=15*****************************
16 generation time: 1.35 s
[63335.00,575.00],
[68237.00,5.00],
[68097.00,33.00],
[63386.00,331.00],
[67794.00,115.00],
[62904.00,1043.00],
[62062.00,1129.00],
[63050.00,923.00],
*****************************t=16*****************************
17 generation time: 1.45 s
[63335.00,575.00],
[68237.00,5.00],
[67323.00,33.00],
[63386.00,331.00],
[62904.00,1043.00],
[62062.00,1129.00],
[63050.00,923.00],
*****************************t=17*****************************
18 generation time: 1.55 s
[63335.00,575.00],
[68237.00,5.00],
[67323.00,33.00],
[63386.00,331.00],
[62904.00,1043.00],
[62062.00,1129.00],
[63050.00,923.00],
*****************************t=18*****************************
19 generation time: 1.64 s
[63329.00,369.00],
[68097.00,5.00],
[67323.00,33.00],
[63386.00,331.00],
[62904.00,1043.00],
[62062.00,1129.00],
[63050.00,923.00],
*****************************t=19*****************************
20 generation time: 1.72 s
[63329.00,369.00],
[68097.00,5.00],
[67323.00,33.00],
[63386.00,331.00],
[62904.00,1043.00],
[62062.00,1129.00],
[63050.00,923.00],
*****************************t=20*****************************
21 generation time: 1.80 s
[63329.00,369.00],
[68097.00,5.00],
[67323.00,33.00],
[63386.00,331.00],
[62904.00,1043.00],
[62062.00,1129.00],
[63050.00,923.00],
*****************************t=21*****************************
time to convergence: 1.86 s	
22 generation time: 1.89 s
[63329.00,369.00],
[68097.00,5.00],
[67323.00,33.00],
[63386.00,331.00],
[62904.00,1043.00],
[62062.00,1129.00],
[63050.00,923.00],
[62967.00,961.00],
*****************************t=22*****************************
23 generation time: 1.99 s
[63329.00,369.00],
[68097.00,5.00],
[67323.00,33.00],
[63386.00,331.00],
[62904.00,1043.00],
[62062.00,1129.00],
[63050.00,923.00],
[62967.00,961.00],
*****************************t=23*****************************
24 generation time: 2.08 s
[63329.00,369.00],
[68097.00,5.00],
[67323.00,33.00],
[63386.00,331.00],
[62904.00,1043.00],
[62062.00,1129.00],
[63050.00,923.00],
[62967.00,961.00],
*****************************t=24*****************************
25 generation time: 2.17 s
[63329.00,369.00],
[68097.00,5.00],
[67323.00,33.00],
[63386.00,331.00],
[62904.00,1043.00],
[62062.00,1129.00],
[63050.00,923.00],
[62967.00,961.00],
*****************************t=25*****************************
26 generation time: 2.26 s
[63329.00,369.00],
[68097.00,5.00],
[67323.00,33.00],
[63386.00,331.00],
[62904.00,1043.00],
[62062.00,1129.00],
[63050.00,923.00],
[62967.00,961.00],
*****************************t=26*****************************
27 generation time: 2.35 s
[63329.00,369.00],
[68097.00,5.00],
[67323.00,33.00],
[63386.00,331.00],
[62904.00,1043.00],
[62062.00,1129.00],
[63050.00,923.00],
[62967.00,961.00],
*****************************t=27*****************************
28 generation time: 2.44 s
[63329.00,369.00],
[68097.00,5.00],
[67323.00,33.00],
[63386.00,331.00],
[62904.00,1043.00],
[62062.00,1129.00],
[63050.00,923.00],
[62967.00,961.00],
*****************************t=28*****************************
29 generation time: 2.54 s
[63329.00,369.00],
[68097.00,5.00],
[67323.00,33.00],
[63386.00,331.00],
[62904.00,1043.00],
[62062.00,1129.00],
[63050.00,923.00],
[62967.00,961.00],
*****************************t=29*****************************
30 generation time: 2.63 s
[63329.00,369.00],
[68097.00,5.00],
[67323.00,33.00],
[63386.00,331.00],
[62904.00,1043.00],
[62062.00,1129.00],
[63050.00,923.00],
[62967.00,961.00],
*****************************t=30*****************************
31 generation time: 2.73 s
[63329.00,369.00],
[68097.00,5.00],
[67323.00,33.00],
[63386.00,331.00],
[62904.00,1043.00],
[62062.00,1129.00],
[63050.00,923.00],
[62967.00,961.00],
*****************************t=31*****************************
32 generation time: 2.83 s
[63329.00,369.00],
[68097.00,5.00],
[67323.00,33.00],
[63386.00,331.00],
[62904.00,1043.00],
[62062.00,1129.00],
[63050.00,923.00],
[62967.00,961.00],
*****************************t=32*****************************
33 generation time: 2.92 s
[63329.00,369.00],
[68097.00,5.00],
[67323.00,33.00],
[63386.00,331.00],
[62904.00,1043.00],
[62062.00,1129.00],
[62910.00,923.00],
*****************************t=33*****************************
34 generation time: 3.02 s
[63329.00,369.00],
[68097.00,5.00],
[67323.00,33.00],
[63386.00,331.00],
[62792.00,961.00],
[62062.00,1129.00],
[62910.00,923.00],
*****************************t=34*****************************
35 generation time: 3.11 s
[63329.00,369.00],
[68097.00,5.00],
[67323.00,33.00],
[63386.00,331.00],
[62792.00,961.00],
[62062.00,1129.00],
[62910.00,923.00],
*****************************t=35*****************************
36 generation time: 3.21 s
[63329.00,369.00],
[67361.00,5.00],
[67323.00,33.00],
[63386.00,331.00],
[62792.00,961.00],
[62062.00,1129.00],
[62910.00,923.00],
*****************************t=36*****************************
37 generation time: 3.30 s
[63329.00,369.00],
[67361.00,5.00],
[67323.00,33.00],
[63386.00,331.00],
[62792.00,961.00],
[62062.00,1129.00],
[62910.00,923.00],
*****************************t=37*****************************
38 generation time: 3.40 s
[63329.00,369.00],
[67361.00,5.00],
[67323.00,33.00],
[63386.00,331.00],
[62792.00,961.00],
[62062.00,1129.00],
[62910.00,923.00],
*****************************t=38*****************************
39 generation time: 3.49 s
[63329.00,369.00],
[67361.00,5.00],
[67323.00,33.00],
[63386.00,331.00],
[62792.00,961.00],
[62062.00,1129.00],
[62910.00,923.00],
*****************************t=39*****************************
40 generation time: 3.59 s
[63329.00,369.00],
[67361.00,5.00],
[67323.00,33.00],
[63386.00,331.00],
[62735.00,923.00],
[62062.00,1129.00],
*****************************t=40*****************************
41 generation time: 3.68 s
[63329.00,369.00],
[67361.00,5.00],
[67323.00,33.00],
[63386.00,331.00],
[62735.00,923.00],
[62062.00,1129.00],
*****************************t=41*****************************
42 generation time: 3.77 s
[63329.00,369.00],
[67361.00,5.00],
[67323.00,33.00],
[63386.00,331.00],
[62735.00,923.00],
[62062.00,1129.00],
*****************************t=42*****************************
43 generation time: 3.87 s
[63329.00,369.00],
[67361.00,5.00],
[67323.00,33.00],
[63386.00,331.00],
[62735.00,923.00],
[62062.00,1129.00],
*****************************t=43*****************************
44 generation time: 3.96 s
[63329.00,369.00],
[67361.00,5.00],
[67323.00,33.00],
[63386.00,331.00],
[62735.00,923.00],
[62062.00,1129.00],
*****************************t=44*****************************
45 generation time: 4.06 s
[63329.00,369.00],
[67361.00,5.00],
[67323.00,33.00],
[63386.00,331.00],
[62735.00,923.00],
[62062.00,1129.00],
*****************************t=45*****************************
46 generation time: 4.16 s
[63329.00,369.00],
[67361.00,5.00],
[67323.00,33.00],
[63386.00,331.00],
[62735.00,923.00],
[62062.00,1129.00],
*****************************t=46*****************************
47 generation time: 4.25 s
[63329.00,369.00],
[67361.00,5.00],
[67323.00,33.00],
[63386.00,331.00],
[62735.00,923.00],
[62062.00,1129.00],
*****************************t=47*****************************
48 generation time: 4.35 s
[63329.00,369.00],
[67361.00,5.00],
[67323.00,33.00],
[63386.00,331.00],
[62735.00,923.00],
[62062.00,1129.00],
*****************************t=48*****************************
49 generation time: 4.45 s
[63329.00,369.00],
[67361.00,5.00],
[67323.00,33.00],
[63386.00,331.00],
[62735.00,923.00],
[62062.00,1129.00],
*****************************t=49*****************************
50 generation time: 4.54 s
[63329.00,369.00],
[67361.00,5.00],
[67323.00,33.00],
[63386.00,331.00],
[62735.00,923.00],
[62062.00,1129.00],
*****************************t=50*****************************
51 generation time: 4.64 s
[63329.00,369.00],
[67361.00,5.00],
[67323.00,33.00],
[63386.00,331.00],
[62735.00,923.00],
[62062.00,1129.00],
*****************************t=51*****************************
52 generation time: 4.73 s
[63329.00,369.00],
[67361.00,5.00],
[67323.00,33.00],
[63386.00,331.00],
[62735.00,923.00],
[62062.00,1129.00],
*****************************t=52*****************************
53 generation time: 4.83 s
[63329.00,369.00],
[67361.00,5.00],
[67323.00,33.00],
[63386.00,331.00],
[62735.00,923.00],
[62062.00,1129.00],
*****************************t=53*****************************
time to convergence: 4.89 s	
54 generation time: 4.92 s
[63329.00,369.00],
[67361.00,5.00],
[67323.00,33.00],
[63386.00,331.00],
[62735.00,923.00],
[62062.00,1129.00],
[63881.00,43.00],
*****************************t=54*****************************
55 generation time: 5.01 s
[63329.00,369.00],
[67361.00,5.00],
[67323.00,33.00],
[63386.00,331.00],
[62735.00,923.00],
[62062.00,1129.00],
[63881.00,43.00],
*****************************t=55*****************************
56 generation time: 5.11 s
[63329.00,369.00],
[67361.00,5.00],
[67323.00,33.00],
[63386.00,331.00],
[62735.00,923.00],
[62062.00,1129.00],
[63881.00,43.00],
*****************************t=56*****************************
57 generation time: 5.21 s
[63329.00,369.00],
[67361.00,5.00],
[67323.00,33.00],
[63386.00,331.00],
[62735.00,923.00],
[62062.00,1129.00],
[63881.00,43.00],
*****************************t=57*****************************
58 generation time: 5.30 s
[63329.00,369.00],
[67361.00,5.00],
[67323.00,33.00],
[63386.00,331.00],
[62735.00,923.00],
[62062.00,1129.00],
[63881.00,43.00],
*****************************t=58*****************************
59 generation time: 5.40 s
[63329.00,369.00],
[67361.00,5.00],
[67323.00,33.00],
[63386.00,331.00],
[62735.00,923.00],
[62062.00,1129.00],
[63881.00,43.00],
*****************************t=59*****************************
60 generation time: 5.49 s
[63329.00,369.00],
[67361.00,5.00],
[67323.00,33.00],
[63386.00,331.00],
[62735.00,923.00],
[62062.00,1129.00],
[63881.00,43.00],
*****************************t=60*****************************
61 generation time: 5.59 s
[63329.00,369.00],
[67361.00,5.00],
[67323.00,33.00],
[63386.00,331.00],
[62735.00,923.00],
[62062.00,1129.00],
[63881.00,43.00],
*****************************t=61*****************************
62 generation time: 5.68 s
[63329.00,369.00],
[67361.00,5.00],
[67323.00,33.00],
[63386.00,331.00],
[62735.00,923.00],
[62062.00,1129.00],
[63881.00,43.00],
*****************************t=62*****************************
63 generation time: 5.77 s
[63329.00,369.00],
[67361.00,5.00],
[67323.00,33.00],
[63386.00,331.00],
[62735.00,923.00],
[62062.00,1129.00],
[63881.00,43.00],
*****************************t=63*****************************
64 generation time: 5.87 s
[63329.00,369.00],
[67361.00,5.00],
[67323.00,33.00],
[63386.00,331.00],
[62735.00,923.00],
[62062.00,1129.00],
[63881.00,43.00],
*****************************t=64*****************************
65 generation time: 5.96 s
[63329.00,369.00],
[67361.00,5.00],
[67323.00,33.00],
[63386.00,331.00],
[62735.00,923.00],
[62062.00,1129.00],
[63881.00,43.00],
*****************************t=65*****************************
66 generation time: 6.05 s
[63329.00,369.00],
[67361.00,5.00],
[67323.00,33.00],
[63386.00,331.00],
[62735.00,923.00],
[62062.00,1129.00],
[63881.00,43.00],
*****************************t=66*****************************
67 generation time: 6.15 s
[63329.00,369.00],
[67361.00,5.00],
[67323.00,33.00],
[63386.00,331.00],
[62735.00,923.00],
[62062.00,1129.00],
[63881.00,43.00],
*****************************t=67*****************************
68 generation time: 6.24 s
[63329.00,369.00],
[67361.00,5.00],
[67323.00,33.00],
[63386.00,331.00],
[62735.00,923.00],
[62062.00,1129.00],
[63881.00,43.00],
*****************************t=68*****************************
69 generation time: 6.33 s
[63329.00,369.00],
[67361.00,5.00],
[67323.00,33.00],
[63386.00,331.00],
[62735.00,923.00],
[62062.00,1129.00],
[63881.00,43.00],
*****************************t=69*****************************
70 generation time: 6.43 s
[63329.00,369.00],
[67361.00,5.00],
[67323.00,33.00],
[63386.00,331.00],
[62735.00,923.00],
[62062.00,1129.00],
[63881.00,43.00],
*****************************t=70*****************************
71 generation time: 6.52 s
[63329.00,369.00],
[67361.00,5.00],
[67323.00,33.00],
[63386.00,331.00],
[62735.00,923.00],
[62062.00,1129.00],
[63881.00,43.00],
*****************************t=71*****************************
72 generation time: 6.62 s
[63329.00,369.00],
[67361.00,5.00],
[67323.00,33.00],
[63386.00,331.00],
[62735.00,923.00],
[62062.00,1129.00],
[63881.00,43.00],
*****************************t=72*****************************
73 generation time: 6.72 s
[63329.00,369.00],
[67361.00,5.00],
[67323.00,33.00],
[63386.00,331.00],
[62735.00,923.00],
[62062.00,1129.00],
[63881.00,43.00],
*****************************t=73*****************************
74 generation time: 6.81 s
[63329.00,369.00],
[67361.00,5.00],
[67323.00,33.00],
[63386.00,331.00],
[62735.00,923.00],
[62062.00,1129.00],
[63881.00,43.00],
*****************************t=74*****************************
time to convergence: 6.87 s	
75 generation time: 6.91 s
[63329.00,369.00],
[67361.00,5.00],
[67323.00,33.00],
[63386.00,331.00],
[62735.00,923.00],
[62062.00,1129.00],
[63881.00,43.00],
[63830.00,211.00],
*****************************t=75*****************************
76 generation time: 7.00 s
[63329.00,369.00],
[67361.00,5.00],
[67323.00,33.00],
[63386.00,331.00],
[62735.00,923.00],
[62062.00,1129.00],
[63881.00,43.00],
[63830.00,211.00],
*****************************t=76*****************************
77 generation time: 7.10 s
[63329.00,369.00],
[67361.00,5.00],
[67323.00,33.00],
[63386.00,331.00],
[62735.00,923.00],
[62062.00,1129.00],
[63881.00,43.00],
[63830.00,211.00],
*****************************t=77*****************************
78 generation time: 7.19 s
[63329.00,369.00],
[67361.00,5.00],
[67323.00,33.00],
[63386.00,331.00],
[62735.00,923.00],
[62062.00,1129.00],
[63881.00,43.00],
[63830.00,211.00],
*****************************t=78*****************************
79 generation time: 7.29 s
[63329.00,369.00],
[67361.00,5.00],
[67323.00,33.00],
[63386.00,331.00],
[62735.00,923.00],
[62062.00,1129.00],
[63881.00,43.00],
[63830.00,211.00],
*****************************t=79*****************************
80 generation time: 7.38 s
[63329.00,369.00],
[67361.00,5.00],
[67323.00,33.00],
[63386.00,331.00],
[62735.00,923.00],
[62062.00,1129.00],
[63881.00,43.00],
[63830.00,211.00],
*****************************t=80*****************************
81 generation time: 7.48 s
[63329.00,369.00],
[67361.00,5.00],
[67323.00,33.00],
[63386.00,331.00],
[62735.00,923.00],
[62062.00,1129.00],
[63881.00,43.00],
[63830.00,211.00],
*****************************t=81*****************************
82 generation time: 7.58 s
[63329.00,369.00],
[67361.00,5.00],
[67323.00,33.00],
[63386.00,331.00],
[62735.00,923.00],
[62062.00,1129.00],
[63881.00,43.00],
[63830.00,211.00],
*****************************t=82*****************************
83 generation time: 7.67 s
[63329.00,369.00],
[67361.00,5.00],
[67323.00,33.00],
[63386.00,331.00],
[62735.00,923.00],
[62062.00,1129.00],
[63881.00,43.00],
[63830.00,211.00],
*****************************t=83*****************************
84 generation time: 7.76 s
[63329.00,369.00],
[67361.00,5.00],
[67323.00,33.00],
[63386.00,331.00],
[62735.00,923.00],
[62062.00,1129.00],
[63881.00,43.00],
[63830.00,211.00],
*****************************t=84*****************************
85 generation time: 7.86 s
[63329.00,369.00],
[67361.00,5.00],
[67323.00,33.00],
[63386.00,331.00],
[62735.00,923.00],
[62062.00,1129.00],
[63881.00,43.00],
[63830.00,211.00],
*****************************t=85*****************************
86 generation time: 7.95 s
[63329.00,369.00],
[67361.00,5.00],
[67323.00,33.00],
[63386.00,331.00],
[62735.00,923.00],
[62062.00,1129.00],
[63881.00,43.00],
[63830.00,211.00],
*****************************t=86*****************************
87 generation time: 8.05 s
[63329.00,369.00],
[67361.00,5.00],
[67323.00,33.00],
[63386.00,331.00],
[62735.00,923.00],
[62062.00,1129.00],
[63881.00,43.00],
[63830.00,211.00],
*****************************t=87*****************************
88 generation time: 8.14 s
[63329.00,369.00],
[67361.00,5.00],
[67323.00,33.00],
[63386.00,331.00],
[62735.00,923.00],
[62062.00,1129.00],
[63881.00,43.00],
[63830.00,211.00],
*****************************t=88*****************************
89 generation time: 8.23 s
[63329.00,369.00],
[67361.00,5.00],
[67323.00,33.00],
[63386.00,331.00],
[62735.00,923.00],
[62062.00,1129.00],
[63881.00,43.00],
[63830.00,211.00],
*****************************t=89*****************************
90 generation time: 8.33 s
[63329.00,369.00],
[67361.00,5.00],
[67323.00,33.00],
[63386.00,331.00],
[62735.00,923.00],
[62062.00,1129.00],
[63881.00,43.00],
[63830.00,211.00],
*****************************t=90*****************************
91 generation time: 8.42 s
[63329.00,369.00],
[67361.00,5.00],
[67323.00,33.00],
[63386.00,331.00],
[62735.00,923.00],
[62062.00,1129.00],
[63881.00,43.00],
[63830.00,211.00],
*****************************t=91*****************************
92 generation time: 8.51 s
[63329.00,369.00],
[67361.00,5.00],
[67323.00,33.00],
[63386.00,331.00],
[62735.00,923.00],
[62062.00,1129.00],
[63881.00,43.00],
[63830.00,211.00],
*****************************t=92*****************************
93 generation time: 8.61 s
[63329.00,369.00],
[67361.00,5.00],
[67323.00,33.00],
[63386.00,331.00],
[62735.00,923.00],
[62062.00,1129.00],
[63881.00,43.00],
[63830.00,211.00],
*****************************t=93*****************************
94 generation time: 8.70 s
[63329.00,369.00],
[67361.00,5.00],
[67323.00,33.00],
[63386.00,331.00],
[62735.00,923.00],
[62062.00,1129.00],
[63881.00,43.00],
[63830.00,211.00],
*****************************t=94*****************************
95 generation time: 8.79 s
[63329.00,369.00],
[67361.00,5.00],
[67323.00,33.00],
[63386.00,331.00],
[62735.00,923.00],
[62062.00,1129.00],
[63881.00,43.00],
[63830.00,211.00],
*****************************t=95*****************************
96 generation time: 8.89 s
[63329.00,369.00],
[67361.00,5.00],
[67323.00,33.00],
[63386.00,331.00],
[62735.00,923.00],
[62062.00,1129.00],
[63881.00,43.00],
[63830.00,211.00],
*****************************t=96*****************************
97 generation time: 8.98 s
[63329.00,369.00],
[67361.00,5.00],
[67323.00,33.00],
[63386.00,331.00],
[62735.00,923.00],
[62062.00,1129.00],
[63881.00,43.00],
[63830.00,211.00],
*****************************t=97*****************************
98 generation time: 9.08 s
[63329.00,369.00],
[67361.00,5.00],
[67323.00,33.00],
[63386.00,331.00],
[62735.00,923.00],
[62062.00,1129.00],
[63881.00,43.00],
[63830.00,211.00],
*****************************t=98*****************************
99 generation time: 9.17 s
[63329.00,369.00],
[67361.00,5.00],
[67323.00,33.00],
[63386.00,331.00],
[62735.00,923.00],
[62062.00,1129.00],
[63881.00,43.00],
[63830.00,211.00],
*****************************t=99*****************************
100 generation time: 9.27 s
[63329.00,369.00],
[67361.00,5.00],
[67323.00,33.00],
[63386.00,331.00],
[62735.00,923.00],
[62062.00,1129.00],
[63881.00,43.00],
[63830.00,211.00],
*****************************t=100*****************************
101 generation time: 9.36 s
[63329.00,369.00],
[67361.00,5.00],
[67323.00,33.00],
[63386.00,331.00],
[62735.00,923.00],
[62062.00,1129.00],
[63881.00,43.00],
[63830.00,211.00],
*****************************t=101*****************************
102 generation time: 9.45 s
[63329.00,369.00],
[67361.00,5.00],
[67323.00,33.00],
[63386.00,331.00],
[62735.00,923.00],
[62062.00,1129.00],
[63881.00,43.00],
[63830.00,211.00],
*****************************t=102*****************************
103 generation time: 9.54 s
[63329.00,369.00],
[67361.00,5.00],
[67323.00,33.00],
[63386.00,331.00],
[62735.00,923.00],
[62062.00,1129.00],
[63881.00,43.00],
[63830.00,211.00],
*****************************t=103*****************************
104 generation time: 9.64 s
[63329.00,369.00],
[67361.00,5.00],
[67323.00,33.00],
[63386.00,331.00],
[62735.00,923.00],
[62062.00,1129.00],
[63881.00,43.00],
[63830.00,211.00],
*****************************t=104*****************************
105 generation time: 9.73 s
[63329.00,369.00],
[67361.00,5.00],
[67323.00,33.00],
[63386.00,331.00],
[62735.00,923.00],
[62062.00,1129.00],
[63881.00,43.00],
[63830.00,211.00],
*****************************t=105*****************************
106 generation time: 9.83 s
[63329.00,369.00],
[67361.00,5.00],
[67323.00,33.00],
[63386.00,331.00],
[62735.00,923.00],
[62062.00,1129.00],
[63881.00,43.00],
[63830.00,211.00],
*****************************t=106*****************************
107 generation time: 9.92 s
[63329.00,369.00],
[67361.00,5.00],
[67323.00,33.00],
[63386.00,331.00],
[62735.00,923.00],
[62062.00,1129.00],
[63881.00,43.00],
[63830.00,211.00],
*****************************t=107*****************************
108 generation time: 10.02 s
[63329.00,369.00],
[67361.00,5.00],
[67323.00,33.00],
[63386.00,331.00],
[62735.00,923.00],
[62062.00,1129.00],
[63881.00,43.00],
[63830.00,211.00],
*****************************t=108*****************************
109 generation time: 10.11 s
[63329.00,369.00],
[67361.00,5.00],
[67323.00,33.00],
[63386.00,331.00],
[62735.00,923.00],
[62062.00,1129.00],
[63881.00,43.00],
[63830.00,211.00],
*****************************t=109*****************************
110 generation time: 10.20 s
[63329.00,369.00],
[67361.00,5.00],
[67323.00,33.00],
[63386.00,331.00],
[62735.00,923.00],
[62062.00,1129.00],
[63881.00,43.00],
[63830.00,211.00],
*****************************t=110*****************************
111 generation time: 10.30 s
[63329.00,369.00],
[67361.00,5.00],
[67323.00,33.00],
[63386.00,331.00],
[62735.00,923.00],
[62062.00,1129.00],
[63881.00,43.00],
[63830.00,211.00],
*****************************t=111*****************************
112 generation time: 10.40 s
[63329.00,369.00],
[67361.00,5.00],
[67323.00,33.00],
[63386.00,331.00],
[62735.00,923.00],
[62062.00,1129.00],
[63881.00,43.00],
[63830.00,211.00],
*****************************t=112*****************************
113 generation time: 10.49 s
[63329.00,369.00],
[67361.00,5.00],
[67323.00,33.00],
[63386.00,331.00],
[62735.00,923.00],
[62062.00,1129.00],
[63881.00,43.00],
[63830.00,211.00],
*****************************t=113*****************************
114 generation time: 10.58 s
[63329.00,369.00],
[67361.00,5.00],
[67323.00,33.00],
[63386.00,331.00],
[62735.00,923.00],
[62062.00,1129.00],
[63881.00,43.00],
[63830.00,211.00],
*****************************t=114*****************************
115 generation time: 10.68 s
[63329.00,369.00],
[67361.00,5.00],
[67323.00,33.00],
[63386.00,331.00],
[62735.00,923.00],
[62062.00,1129.00],
[63881.00,43.00],
[63830.00,211.00],
*****************************t=115*****************************
116 generation time: 10.77 s
[63329.00,369.00],
[67361.00,5.00],
[67323.00,33.00],
[63386.00,331.00],
[62735.00,923.00],
[62062.00,1129.00],
[63881.00,43.00],
[63830.00,211.00],
*****************************t=116*****************************
117 generation time: 10.86 s
[63329.00,369.00],
[67361.00,5.00],
[67323.00,33.00],
[63386.00,331.00],
[62735.00,923.00],
[62062.00,1129.00],
[63881.00,43.00],
[63830.00,211.00],
*****************************t=117*****************************
118 generation time: 10.96 s
[63329.00,369.00],
[67361.00,5.00],
[67323.00,33.00],
[63386.00,331.00],
[62735.00,923.00],
[62062.00,1129.00],
[63881.00,43.00],
[63830.00,211.00],
*****************************t=118*****************************
119 generation time: 11.05 s
[63329.00,369.00],
[67361.00,5.00],
[67323.00,33.00],
[63386.00,331.00],
[62735.00,923.00],
[62062.00,1129.00],
[63881.00,43.00],
[63830.00,211.00],
*****************************t=119*****************************
120 generation time: 11.15 s
[63329.00,369.00],
[67361.00,5.00],
[67323.00,33.00],
[63386.00,331.00],
[62735.00,923.00],
[62062.00,1129.00],
[63881.00,43.00],
[63830.00,211.00],
*****************************t=120*****************************
121 generation time: 11.24 s
[63329.00,369.00],
[67361.00,5.00],
[67323.00,33.00],
[63386.00,331.00],
[62735.00,923.00],
[62062.00,1129.00],
[63881.00,43.00],
[63830.00,211.00],
*****************************t=121*****************************
122 generation time: 11.34 s
[63329.00,369.00],
[67361.00,5.00],
[67323.00,33.00],
[63386.00,331.00],
[62735.00,923.00],
[62062.00,1129.00],
[63881.00,43.00],
[63830.00,211.00],
*****************************t=122*****************************
123 generation time: 11.43 s
[63329.00,369.00],
[67361.00,5.00],
[67323.00,33.00],
[63386.00,331.00],
[62735.00,923.00],
[62062.00,1129.00],
[63881.00,43.00],
[63830.00,211.00],
*****************************t=123*****************************
124 generation time: 11.52 s
[63329.00,369.00],
[67361.00,5.00],
[67323.00,33.00],
[63386.00,331.00],
[62735.00,923.00],
[62062.00,1129.00],
[63881.00,43.00],
[63830.00,211.00],
*****************************t=124*****************************
125 generation time: 11.62 s
[63329.00,369.00],
[63824.00,5.00],
[63386.00,331.00],
[62735.00,923.00],
[62062.00,1129.00],
*****************************t=125*****************************
126 generation time: 11.71 s
[63329.00,369.00],
[63824.00,5.00],
[63386.00,331.00],
[62735.00,923.00],
[62062.00,1129.00],
*****************************t=126*****************************
127 generation time: 11.80 s
[63329.00,369.00],
[63824.00,5.00],
[63386.00,331.00],
[62735.00,923.00],
[62062.00,1129.00],
*****************************t=127*****************************
128 generation time: 11.91 s
[63329.00,369.00],
[63824.00,5.00],
[63386.00,331.00],
[62735.00,923.00],
[62062.00,1129.00],
*****************************t=128*****************************
129 generation time: 12.00 s
[63329.00,369.00],
[63824.00,5.00],
[63386.00,331.00],
[62735.00,923.00],
[62062.00,1129.00],
*****************************t=129*****************************
130 generation time: 12.10 s
[63329.00,369.00],
[63824.00,5.00],
[63386.00,331.00],
[62735.00,923.00],
[62062.00,1129.00],
*****************************t=130*****************************
131 generation time: 12.19 s
[63329.00,369.00],
[63824.00,5.00],
[63386.00,331.00],
[62735.00,923.00],
[62062.00,1129.00],
*****************************t=131*****************************
132 generation time: 12.29 s
[63329.00,369.00],
[63824.00,5.00],
[63386.00,331.00],
[62735.00,923.00],
[62062.00,1129.00],
*****************************t=132*****************************
133 generation time: 12.39 s
[63329.00,369.00],
[63824.00,5.00],
[63386.00,331.00],
[62735.00,923.00],
[62062.00,1129.00],
*****************************t=133*****************************
134 generation time: 12.48 s
[62912.00,5.00],
[62735.00,923.00],
[62062.00,1129.00],
*****************************t=134*****************************
135 generation time: 12.58 s
[62912.00,5.00],
[62735.00,923.00],
[62062.00,1129.00],
*****************************t=135*****************************
136 generation time: 12.67 s
[62912.00,5.00],
[62735.00,923.00],
[62062.00,1129.00],
*****************************t=136*****************************
137 generation time: 12.77 s
[62912.00,5.00],
[62735.00,923.00],
[62062.00,1129.00],
*****************************t=137*****************************
138 generation time: 12.86 s
[62912.00,5.00],
[62735.00,923.00],
[62062.00,1129.00],
*****************************t=138*****************************
139 generation time: 12.96 s
[62912.00,5.00],
[62735.00,923.00],
[62062.00,1129.00],
*****************************t=139*****************************
140 generation time: 13.05 s
[62912.00,5.00],
[62735.00,923.00],
[62062.00,1129.00],
*****************************t=140*****************************
141 generation time: 13.14 s
[62912.00,5.00],
[62735.00,923.00],
[62062.00,1129.00],
*****************************t=141*****************************
142 generation time: 13.24 s
[62912.00,5.00],
[62735.00,923.00],
[62062.00,1129.00],
*****************************t=142*****************************
143 generation time: 13.33 s
[62912.00,5.00],
[62735.00,923.00],
[62062.00,1129.00],
*****************************t=143*****************************
144 generation time: 13.43 s
[62912.00,5.00],
[62735.00,923.00],
[62062.00,1129.00],
*****************************t=144*****************************
145 generation time: 13.52 s
[62912.00,5.00],
[62735.00,923.00],
[62062.00,1129.00],
*****************************t=145*****************************
146 generation time: 13.62 s
[62912.00,5.00],
[62735.00,923.00],
[62062.00,1129.00],
*****************************t=146*****************************
147 generation time: 13.71 s
[62912.00,5.00],
[62735.00,923.00],
[62062.00,1129.00],
*****************************t=147*****************************
148 generation time: 13.81 s
[62912.00,5.00],
[62735.00,923.00],
[62062.00,1129.00],
*****************************t=148*****************************
149 generation time: 13.90 s
[62912.00,5.00],
[62735.00,923.00],
[62062.00,1129.00],
*****************************t=149*****************************
150 generation time: 14.00 s
[62912.00,5.00],
[62735.00,923.00],
[62062.00,1129.00],
*****************************t=150*****************************
151 generation time: 14.09 s
[62912.00,5.00],
[62735.00,923.00],
[62062.00,1129.00],
*****************************t=151*****************************
152 generation time: 14.19 s
[62912.00,5.00],
[62735.00,923.00],
[62062.00,1129.00],
*****************************t=152*****************************
153 generation time: 14.28 s
[62912.00,5.00],
[62735.00,923.00],
[62062.00,1129.00],
*****************************t=153*****************************
154 generation time: 14.38 s
[62912.00,5.00],
[62735.00,923.00],
[62062.00,1129.00],
*****************************t=154*****************************
155 generation time: 14.47 s
[62912.00,5.00],
[62735.00,923.00],
[62062.00,1129.00],
*****************************t=155*****************************
156 generation time: 14.56 s
[62912.00,5.00],
[62735.00,923.00],
[62062.00,1129.00],
*****************************t=156*****************************
157 generation time: 14.66 s
[62912.00,5.00],
[62735.00,923.00],
[62062.00,1129.00],
*****************************t=157*****************************
158 generation time: 14.75 s
[62912.00,5.00],
[62735.00,923.00],
[62062.00,1129.00],
*****************************t=158*****************************
159 generation time: 14.84 s
[62912.00,5.00],
[62735.00,923.00],
[62062.00,1129.00],
*****************************t=159*****************************
160 generation time: 14.93 s
[62912.00,5.00],
[62735.00,923.00],
[62062.00,1129.00],
*****************************t=160*****************************
161 generation time: 15.02 s
[62912.00,5.00],
[62735.00,923.00],
[62062.00,1129.00],
*****************************t=161*****************************
162 generation time: 15.12 s
[62912.00,5.00],
[62735.00,923.00],
[62062.00,1129.00],
*****************************t=162*****************************
163 generation time: 15.22 s
[62912.00,5.00],
[62735.00,923.00],
[62062.00,1129.00],
*****************************t=163*****************************
164 generation time: 15.32 s
[62912.00,5.00],
[62735.00,923.00],
[62062.00,1129.00],
*****************************t=164*****************************
165 generation time: 15.41 s
[62912.00,5.00],
[62735.00,923.00],
[62062.00,1129.00],
*****************************t=165*****************************
166 generation time: 15.51 s
[62912.00,5.00],
[62735.00,923.00],
[62062.00,1129.00],
*****************************t=166*****************************
167 generation time: 15.61 s
[62912.00,5.00],
[62735.00,923.00],
[62062.00,1129.00],
*****************************t=167*****************************
168 generation time: 15.70 s
[62912.00,5.00],
[62735.00,923.00],
[62062.00,1129.00],
*****************************t=168*****************************
169 generation time: 15.79 s
[62912.00,5.00],
[62735.00,923.00],
[62062.00,1129.00],
*****************************t=169*****************************
170 generation time: 15.89 s
[62912.00,5.00],
[62735.00,923.00],
[62062.00,1129.00],
*****************************t=170*****************************
171 generation time: 15.99 s
[62912.00,5.00],
[62735.00,923.00],
[62062.00,1129.00],
*****************************t=171*****************************
172 generation time: 16.08 s
[62912.00,5.00],
[62735.00,923.00],
[62062.00,1129.00],
*****************************t=172*****************************
173 generation time: 16.18 s
[62912.00,5.00],
[62735.00,923.00],
[62062.00,1129.00],
*****************************t=173*****************************
174 generation time: 16.27 s
[62912.00,5.00],
[62735.00,923.00],
[62062.00,1129.00],
*****************************t=174*****************************
175 generation time: 16.37 s
[62912.00,5.00],
[62735.00,923.00],
[62062.00,1129.00],
*****************************t=175*****************************
176 generation time: 16.46 s
[62912.00,5.00],
[62735.00,923.00],
[62062.00,1129.00],
*****************************t=176*****************************
177 generation time: 16.56 s
[62912.00,5.00],
[62735.00,923.00],
[62062.00,1129.00],
*****************************t=177*****************************
178 generation time: 16.65 s
[62912.00,5.00],
[62735.00,923.00],
[62062.00,1129.00],
*****************************t=178*****************************
179 generation time: 16.74 s
[62912.00,5.00],
[62735.00,923.00],
[62062.00,1129.00],
*****************************t=179*****************************
180 generation time: 16.84 s
[62912.00,5.00],
[62735.00,923.00],
[62062.00,1129.00],
*****************************t=180*****************************
181 generation time: 16.93 s
[62912.00,5.00],
[62735.00,923.00],
[62062.00,1129.00],
*****************************t=181*****************************
182 generation time: 17.02 s
[62912.00,5.00],
[62735.00,923.00],
[62062.00,1129.00],
*****************************t=182*****************************
183 generation time: 17.11 s
[62912.00,5.00],
[62735.00,923.00],
[62062.00,1129.00],
*****************************t=183*****************************
184 generation time: 17.20 s
[62912.00,5.00],
[62735.00,923.00],
[62062.00,1129.00],
*****************************t=184*****************************
185 generation time: 17.30 s
[62912.00,5.00],
[62735.00,923.00],
[62062.00,1129.00],
*****************************t=185*****************************
186 generation time: 17.39 s
[62912.00,5.00],
[62735.00,923.00],
[62062.00,1129.00],
*****************************t=186*****************************
187 generation time: 17.49 s
[62912.00,5.00],
[62735.00,923.00],
[62062.00,1129.00],
*****************************t=187*****************************
188 generation time: 17.58 s
[62912.00,5.00],
[62735.00,923.00],
[62062.00,1129.00],
*****************************t=188*****************************
189 generation time: 17.67 s
[62912.00,5.00],
[62735.00,923.00],
[62062.00,1129.00],
*****************************t=189*****************************
190 generation time: 17.76 s
[62912.00,5.00],
[62735.00,923.00],
[62062.00,1129.00],
*****************************t=190*****************************
191 generation time: 17.85 s
[62912.00,5.00],
[62735.00,923.00],
[62062.00,1129.00],
*****************************t=191*****************************
192 generation time: 17.95 s
[62912.00,5.00],
[62735.00,923.00],
[62062.00,1129.00],
*****************************t=192*****************************
193 generation time: 18.04 s
[62912.00,5.00],
[62735.00,923.00],
[62062.00,1129.00],
*****************************t=193*****************************
194 generation time: 18.13 s
[62912.00,5.00],
[62735.00,923.00],
[62062.00,1129.00],
*****************************t=194*****************************
195 generation time: 18.23 s
[62912.00,5.00],
[62735.00,923.00],
[62062.00,1129.00],
*****************************t=195*****************************
196 generation time: 18.32 s
[62912.00,5.00],
[62735.00,923.00],
[62062.00,1129.00],
*****************************t=196*****************************
197 generation time: 18.41 s
[62912.00,5.00],
[62735.00,923.00],
[62062.00,1129.00],
*****************************t=197*****************************
198 generation time: 18.50 s
[62912.00,5.00],
[62735.00,923.00],
[62062.00,1129.00],
*****************************t=198*****************************
199 generation time: 18.59 s
[62912.00,5.00],
[62735.00,923.00],
[62062.00,1129.00],
*****************************t=199*****************************
200 generation time: 18.68 s
[62912.00,5.00],
[62735.00,923.00],
[62062.00,1129.00],
*****************************t=200*****************************
201 generation time: 18.78 s
[62912.00,5.00],
[62735.00,923.00],
[62062.00,1129.00],
*****************************t=201*****************************
202 generation time: 18.87 s
[62912.00,5.00],
[62735.00,923.00],
[62062.00,1129.00],
*****************************t=202*****************************
203 generation time: 18.96 s
[62912.00,5.00],
[62735.00,923.00],
[62062.00,1129.00],
*****************************t=203*****************************
204 generation time: 19.05 s
[62912.00,5.00],
[62735.00,923.00],
[62062.00,1129.00],
*****************************t=204*****************************
205 generation time: 19.14 s
[62912.00,5.00],
[62735.00,923.00],
[62062.00,1129.00],
*****************************t=205*****************************
206 generation time: 19.23 s
[62912.00,5.00],
[62735.00,923.00],
[62062.00,1129.00],
*****************************t=206*****************************
207 generation time: 19.32 s
[62912.00,5.00],
[62735.00,923.00],
[62062.00,1129.00],
*****************************t=207*****************************
208 generation time: 19.42 s
[62912.00,5.00],
[62735.00,923.00],
[62062.00,1129.00],
*****************************t=208*****************************
209 generation time: 19.51 s
[62912.00,5.00],
[62735.00,923.00],
[62062.00,1129.00],
*****************************t=209*****************************
210 generation time: 19.60 s
[62912.00,5.00],
[62735.00,923.00],
[62062.00,1129.00],
*****************************t=210*****************************
211 generation time: 19.69 s
[62912.00,5.00],
[62735.00,923.00],
[62062.00,1129.00],
*****************************t=211*****************************
212 generation time: 19.79 s
[62912.00,5.00],
[62735.00,923.00],
[62062.00,1129.00],
*****************************t=212*****************************
213 generation time: 19.88 s
[62912.00,5.00],
[62735.00,923.00],
[62062.00,1129.00],
*****************************t=213*****************************
214 generation time: 19.97 s
[62912.00,5.00],
[62735.00,923.00],
[62062.00,1129.00],
*****************************t=214*****************************
215 generation time: 20.06 s
[62912.00,5.00],
[62735.00,923.00],
[62062.00,1129.00],
*****************************t=215*****************************
216 generation time: 20.16 s
[62912.00,5.00],
[62735.00,923.00],
[62062.00,1129.00],
*****************************t=216*****************************
217 generation time: 20.25 s
[62912.00,5.00],
[62735.00,923.00],
[62062.00,1129.00],
*****************************t=217*****************************
218 generation time: 20.34 s
[62912.00,5.00],
[62735.00,923.00],
[62062.00,1129.00],
*****************************t=218*****************************
219 generation time: 20.43 s
[62912.00,5.00],
[62735.00,923.00],
[62062.00,1129.00],
*****************************t=219*****************************
220 generation time: 20.53 s
[62912.00,5.00],
[62735.00,923.00],
[62062.00,1129.00],
*****************************t=220*****************************
221 generation time: 20.62 s
[62912.00,5.00],
[62735.00,923.00],
[62062.00,1129.00],
*****************************t=221*****************************
222 generation time: 20.71 s
[62912.00,5.00],
[62735.00,923.00],
[62062.00,1129.00],
*****************************t=222*****************************
223 generation time: 20.81 s
[62912.00,5.00],
[62735.00,923.00],
[62062.00,1129.00],
*****************************t=223*****************************
224 generation time: 20.90 s
[62912.00,5.00],
[62735.00,923.00],
[62062.00,1129.00],
*****************************t=224*****************************
225 generation time: 20.99 s
[62912.00,5.00],
[62735.00,923.00],
[62062.00,1129.00],
*****************************t=225*****************************
226 generation time: 21.09 s
[62912.00,5.00],
[62735.00,923.00],
[62062.00,1129.00],
*****************************t=226*****************************
227 generation time: 21.18 s
[62912.00,5.00],
[62735.00,923.00],
[62062.00,1129.00],
*****************************t=227*****************************
228 generation time: 21.27 s
[62912.00,5.00],
[62735.00,923.00],
[62062.00,1129.00],
*****************************t=228*****************************
229 generation time: 21.36 s
[62912.00,5.00],
[62735.00,923.00],
[62062.00,1129.00],
*****************************t=229*****************************
230 generation time: 21.46 s
[62912.00,5.00],
[62735.00,923.00],
[62062.00,1129.00],
*****************************t=230*****************************
231 generation time: 21.55 s
[62912.00,5.00],
[62735.00,923.00],
[62062.00,1129.00],
*****************************t=231*****************************
232 generation time: 21.65 s
[62912.00,5.00],
[62735.00,923.00],
[62062.00,1129.00],
*****************************t=232*****************************
233 generation time: 21.74 s
[62912.00,5.00],
[62735.00,923.00],
[62062.00,1129.00],
*****************************t=233*****************************
234 generation time: 21.83 s
[62912.00,5.00],
[62735.00,923.00],
[62062.00,1129.00],
*****************************t=234*****************************
235 generation time: 21.92 s
[62912.00,5.00],
[62735.00,923.00],
[62062.00,1129.00],
*****************************t=235*****************************
236 generation time: 22.02 s
[62912.00,5.00],
[62735.00,923.00],
[62062.00,1129.00],
*****************************t=236*****************************
237 generation time: 22.11 s
[62912.00,5.00],
[62735.00,923.00],
[62062.00,1129.00],
*****************************t=237*****************************
238 generation time: 22.20 s
[62912.00,5.00],
[62735.00,923.00],
[62062.00,1129.00],
*****************************t=238*****************************
239 generation time: 22.30 s
[62912.00,5.00],
[62735.00,923.00],
[62062.00,1129.00],
*****************************t=239*****************************
240 generation time: 22.40 s
[62912.00,5.00],
[62735.00,923.00],
[62062.00,1129.00],
*****************************t=240*****************************
241 generation time: 22.49 s
[62912.00,5.00],
[62735.00,923.00],
[62062.00,1129.00],
*****************************t=241*****************************
242 generation time: 22.59 s
[62912.00,5.00],
[62735.00,923.00],
[62062.00,1129.00],
*****************************t=242*****************************
243 generation time: 22.68 s
[62912.00,5.00],
[62735.00,923.00],
[62062.00,1129.00],
*****************************t=243*****************************
244 generation time: 22.77 s
[62912.00,5.00],
[62735.00,923.00],
[62062.00,1129.00],
*****************************t=244*****************************
245 generation time: 22.86 s
[62912.00,5.00],
[62735.00,923.00],
[62062.00,1129.00],
*****************************t=245*****************************
246 generation time: 22.96 s
[62912.00,5.00],
[62735.00,923.00],
[62062.00,1129.00],
*****************************t=246*****************************
247 generation time: 23.05 s
[62912.00,5.00],
[62735.00,923.00],
[62062.00,1129.00],
*****************************t=247*****************************
248 generation time: 23.14 s
[62912.00,5.00],
[62735.00,923.00],
[62062.00,1129.00],
*****************************t=248*****************************
249 generation time: 23.24 s
[62912.00,5.00],
[62735.00,923.00],
[62062.00,1129.00],
*****************************t=249*****************************
250 generation time: 23.33 s
[62912.00,5.00],
[62735.00,923.00],
[62062.00,1129.00],
*****************************t=250*****************************
251 generation time: 23.43 s
[62912.00,5.00],
[62735.00,923.00],
[62062.00,1129.00],
*****************************t=251*****************************
252 generation time: 23.52 s
[62912.00,5.00],
[62735.00,923.00],
[62062.00,1129.00],
*****************************t=252*****************************
253 generation time: 23.62 s
[62912.00,5.00],
[62735.00,923.00],
[62062.00,1129.00],
*****************************t=253*****************************
254 generation time: 23.71 s
[62912.00,5.00],
[62735.00,923.00],
[62062.00,1129.00],
*****************************t=254*****************************
255 generation time: 23.80 s
[62912.00,5.00],
[62735.00,923.00],
[62062.00,1129.00],
*****************************t=255*****************************
256 generation time: 23.89 s
[62912.00,5.00],
[62735.00,923.00],
[62062.00,1129.00],
*****************************t=256*****************************
257 generation time: 23.98 s
[62912.00,5.00],
[62735.00,923.00],
[62062.00,1129.00],
*****************************t=257*****************************
258 generation time: 24.08 s
[62912.00,5.00],
[62735.00,923.00],
[62062.00,1129.00],
*****************************t=258*****************************
259 generation time: 24.17 s
[62912.00,5.00],
[62735.00,923.00],
[62062.00,1129.00],
*****************************t=259*****************************
260 generation time: 24.26 s
[62912.00,5.00],
[62735.00,923.00],
[62062.00,1129.00],
*****************************t=260*****************************
261 generation time: 24.36 s
[62912.00,5.00],
[62735.00,923.00],
[62062.00,1129.00],
*****************************t=261*****************************
262 generation time: 24.46 s
[62912.00,5.00],
[62735.00,923.00],
[62062.00,1129.00],
*****************************t=262*****************************
263 generation time: 24.55 s
[62912.00,5.00],
[62735.00,923.00],
[62062.00,1129.00],
*****************************t=263*****************************
264 generation time: 24.64 s
[62912.00,5.00],
[62735.00,923.00],
[62062.00,1129.00],
*****************************t=264*****************************
265 generation time: 24.73 s
[62912.00,5.00],
[62735.00,923.00],
[62062.00,1129.00],
*****************************t=265*****************************
266 generation time: 24.82 s
[62912.00,5.00],
[62735.00,923.00],
[62062.00,1129.00],
*****************************t=266*****************************
267 generation time: 24.91 s
[62912.00,5.00],
[62735.00,923.00],
[62062.00,1129.00],
*****************************t=267*****************************
268 generation time: 25.00 s
[62912.00,5.00],
[62735.00,923.00],
[62062.00,1129.00],
*****************************t=268*****************************
269 generation time: 25.10 s
[62912.00,5.00],
[62735.00,923.00],
[62062.00,1129.00],
*****************************t=269*****************************
270 generation time: 25.19 s
[62912.00,5.00],
[62735.00,923.00],
[62062.00,1129.00],
*****************************t=270*****************************
271 generation time: 25.29 s
[62912.00,5.00],
[62735.00,923.00],
[62062.00,1129.00],
*****************************t=271*****************************
272 generation time: 25.38 s
[62912.00,5.00],
[62735.00,923.00],
[62062.00,1129.00],
*****************************t=272*****************************
273 generation time: 25.47 s
[62912.00,5.00],
[62735.00,923.00],
[62062.00,1129.00],
*****************************t=273*****************************
274 generation time: 25.56 s
[62912.00,5.00],
[62735.00,923.00],
[62062.00,1129.00],
*****************************t=274*****************************
275 generation time: 25.65 s
[62912.00,5.00],
[62735.00,923.00],
[62062.00,1129.00],
*****************************t=275*****************************
276 generation time: 25.75 s
[62912.00,5.00],
[62735.00,923.00],
[62062.00,1129.00],
*****************************t=276*****************************
277 generation time: 25.84 s
[62912.00,5.00],
[62735.00,923.00],
[62062.00,1129.00],
*****************************t=277*****************************
278 generation time: 25.94 s
[62912.00,5.00],
[62735.00,923.00],
[62062.00,1129.00],
*****************************t=278*****************************
279 generation time: 26.03 s
[62912.00,5.00],
[62735.00,923.00],
[62062.00,1129.00],
*****************************t=279*****************************
280 generation time: 26.12 s
[62912.00,5.00],
[62735.00,923.00],
[62062.00,1129.00],
*****************************t=280*****************************
281 generation time: 26.21 s
[62912.00,5.00],
[62735.00,923.00],
[62062.00,1129.00],
*****************************t=281*****************************
282 generation time: 26.31 s
[62912.00,5.00],
[62735.00,923.00],
[62062.00,1129.00],
*****************************t=282*****************************
283 generation time: 26.40 s
[62912.00,5.00],
[62735.00,923.00],
[62062.00,1129.00],
*****************************t=283*****************************
284 generation time: 26.49 s
[62912.00,5.00],
[62735.00,923.00],
[62062.00,1129.00],
*****************************t=284*****************************
285 generation time: 26.58 s
[62912.00,5.00],
[62735.00,923.00],
[62062.00,1129.00],
*****************************t=285*****************************
286 generation time: 26.67 s
[62912.00,5.00],
[62735.00,923.00],
[62062.00,1129.00],
*****************************t=286*****************************
287 generation time: 26.77 s
[62912.00,5.00],
[62735.00,923.00],
[62062.00,1129.00],
*****************************t=287*****************************
288 generation time: 26.86 s
[62912.00,5.00],
[62735.00,923.00],
[62062.00,1129.00],
*****************************t=288*****************************
289 generation time: 26.95 s
[62912.00,5.00],
[62735.00,923.00],
[62062.00,1129.00],
*****************************t=289*****************************
290 generation time: 27.04 s
[62912.00,5.00],
[62735.00,923.00],
[62062.00,1129.00],
*****************************t=290*****************************
291 generation time: 27.13 s
[62912.00,5.00],
[62735.00,923.00],
[62062.00,1129.00],
*****************************t=291*****************************
292 generation time: 27.22 s
[62912.00,5.00],
[62735.00,923.00],
[62062.00,1129.00],
*****************************t=292*****************************
293 generation time: 27.32 s
[62912.00,5.00],
[62735.00,923.00],
[62062.00,1129.00],
*****************************t=293*****************************
294 generation time: 27.41 s
[62912.00,5.00],
[62735.00,923.00],
[62062.00,1129.00],
*****************************t=294*****************************
295 generation time: 27.50 s
[62912.00,5.00],
[62735.00,923.00],
[62062.00,1129.00],
*****************************t=295*****************************
296 generation time: 27.59 s
[62912.00,5.00],
[62735.00,923.00],
[62062.00,1129.00],
*****************************t=296*****************************
297 generation time: 27.69 s
[62912.00,5.00],
[62735.00,923.00],
[62062.00,1129.00],
*****************************t=297*****************************
298 generation time: 27.78 s
[62912.00,5.00],
[62735.00,923.00],
[62062.00,1129.00],
*****************************t=298*****************************
299 generation time: 27.87 s
[62912.00,5.00],
[62735.00,923.00],
[62062.00,1129.00],
*****************************t=299*****************************
300 generation time: 27.96 s
[62912.00,5.00],
[62735.00,923.00],
[62062.00,1129.00],
*****************************t=300*****************************
301 generation time: 28.06 s
[62912.00,5.00],
[62735.00,923.00],
[62062.00,1129.00],
*****************************t=301*****************************
302 generation time: 28.15 s
[62912.00,5.00],
[62735.00,923.00],
[62062.00,1129.00],
*****************************t=302*****************************
303 generation time: 28.24 s
[62912.00,5.00],
[62735.00,923.00],
[62062.00,1129.00],
*****************************t=303*****************************
304 generation time: 28.34 s
[62912.00,5.00],
[62735.00,923.00],
[62062.00,1129.00],
*****************************t=304*****************************
305 generation time: 28.43 s
[62912.00,5.00],
[62735.00,923.00],
[62062.00,1129.00],
*****************************t=305*****************************
306 generation time: 28.52 s
[62912.00,5.00],
[62735.00,923.00],
[62062.00,1129.00],
*****************************t=306*****************************
307 generation time: 28.62 s
[62912.00,5.00],
[62735.00,923.00],
[62062.00,1129.00],
*****************************t=307*****************************
308 generation time: 28.71 s
[62912.00,5.00],
[62735.00,923.00],
[62062.00,1129.00],
*****************************t=308*****************************
309 generation time: 28.80 s
[62912.00,5.00],
[62735.00,923.00],
[62062.00,1129.00],
*****************************t=309*****************************
310 generation time: 28.90 s
[62912.00,5.00],
[62735.00,923.00],
[62062.00,1129.00],
*****************************t=310*****************************
311 generation time: 28.99 s
[62912.00,5.00],
[62735.00,923.00],
[62062.00,1129.00],
*****************************t=311*****************************
312 generation time: 29.08 s
[62912.00,5.00],
[62735.00,923.00],
[62062.00,1129.00],
*****************************t=312*****************************
313 generation time: 29.17 s
[62912.00,5.00],
[62735.00,923.00],
[62062.00,1129.00],
*****************************t=313*****************************
314 generation time: 29.26 s
[62912.00,5.00],
[62735.00,923.00],
[62062.00,1129.00],
*****************************t=314*****************************
315 generation time: 29.35 s
[62912.00,5.00],
[62735.00,923.00],
[62062.00,1129.00],
*****************************t=315*****************************
316 generation time: 29.44 s
[62912.00,5.00],
[62735.00,923.00],
[62062.00,1129.00],
*****************************t=316*****************************
317 generation time: 29.53 s
[62912.00,5.00],
[62735.00,923.00],
[62062.00,1129.00],
*****************************t=317*****************************
318 generation time: 29.63 s
[62912.00,5.00],
[62735.00,923.00],
[62062.00,1129.00],
*****************************t=318*****************************
319 generation time: 29.72 s
[62912.00,5.00],
[62735.00,923.00],
[62062.00,1129.00],
*****************************t=319*****************************
320 generation time: 29.82 s
[62912.00,5.00],
[62735.00,923.00],
[62062.00,1129.00],
*****************************t=320*****************************
321 generation time: 29.91 s
[62912.00,5.00],
[62735.00,923.00],
[62062.00,1129.00],
*****************************t=321*****************************
322 generation time: 30.00 s
[62912.00,5.00],
[62735.00,923.00],
[62062.00,1129.00],
*****************************t=322*****************************
323 generation time: 30.09 s
[62912.00,5.00],
[62735.00,923.00],
[62062.00,1129.00],
*****************************t=323*****************************
324 generation time: 30.18 s
[62912.00,5.00],
[62735.00,923.00],
[62062.00,1129.00],
*****************************t=324*****************************
325 generation time: 30.27 s
[62912.00,5.00],
[62735.00,923.00],
[62062.00,1129.00],
*****************************t=325*****************************
326 generation time: 30.36 s
[62912.00,5.00],
[62735.00,923.00],
[62062.00,1129.00],
*****************************t=326*****************************
327 generation time: 30.46 s
[62912.00,5.00],
[62735.00,923.00],
[62062.00,1129.00],
*****************************t=327*****************************
328 generation time: 30.55 s
[62912.00,5.00],
[62735.00,923.00],
[62062.00,1129.00],
*****************************t=328*****************************
329 generation time: 30.64 s
[62912.00,5.00],
[62735.00,923.00],
[62062.00,1129.00],
*****************************t=329*****************************
330 generation time: 30.73 s
[62912.00,5.00],
[62735.00,923.00],
[62062.00,1129.00],
*****************************t=330*****************************
331 generation time: 30.83 s
[62912.00,5.00],
[62735.00,923.00],
[62062.00,1129.00],
*****************************t=331*****************************
332 generation time: 30.92 s
[62912.00,5.00],
[62735.00,923.00],
[62062.00,1129.00],
*****************************t=332*****************************
333 generation time: 31.01 s
[62912.00,5.00],
[62735.00,923.00],
[62062.00,1129.00],
*****************************t=333*****************************
334 generation time: 31.11 s
[62912.00,5.00],
[62735.00,923.00],
[62062.00,1129.00],
*****************************t=334*****************************
335 generation time: 31.20 s
[62912.00,5.00],
[62735.00,923.00],
[62062.00,1129.00],
*****************************t=335*****************************
336 generation time: 31.29 s
[62912.00,5.00],
[62735.00,923.00],
[62062.00,1129.00],
*****************************t=336*****************************
337 generation time: 31.38 s
[62912.00,5.00],
[62735.00,923.00],
[62062.00,1129.00],
*****************************t=337*****************************
338 generation time: 31.47 s
[62912.00,5.00],
[62735.00,923.00],
[62062.00,1129.00],
*****************************t=338*****************************
339 generation time: 31.57 s
[62912.00,5.00],
[62735.00,923.00],
[62062.00,1129.00],
*****************************t=339*****************************
340 generation time: 31.66 s
[62912.00,5.00],
[62735.00,923.00],
[62062.00,1129.00],
*****************************t=340*****************************
341 generation time: 31.75 s
[62912.00,5.00],
[62735.00,923.00],
[62062.00,1129.00],
*****************************t=341*****************************
342 generation time: 31.84 s
[62912.00,5.00],
[62735.00,923.00],
[62062.00,1129.00],
*****************************t=342*****************************
343 generation time: 31.94 s
[62912.00,5.00],
[62735.00,923.00],
[62062.00,1129.00],
*****************************t=343*****************************
344 generation time: 32.03 s
[62912.00,5.00],
[62735.00,923.00],
[62062.00,1129.00],
*****************************t=344*****************************
345 generation time: 32.12 s
[62912.00,5.00],
[62735.00,923.00],
[62062.00,1129.00],
*****************************t=345*****************************
346 generation time: 32.22 s
[62912.00,5.00],
[62735.00,923.00],
[62062.00,1129.00],
*****************************t=346*****************************
347 generation time: 32.31 s
[62912.00,5.00],
[62735.00,923.00],
[62062.00,1129.00],
*****************************t=347*****************************
348 generation time: 32.41 s
[62912.00,5.00],
[62735.00,923.00],
[62062.00,1129.00],
*****************************t=348*****************************
349 generation time: 32.50 s
[62912.00,5.00],
[62735.00,923.00],
[62062.00,1129.00],
*****************************t=349*****************************
350 generation time: 32.59 s
[62912.00,5.00],
[62735.00,923.00],
[62062.00,1129.00],
*****************************t=350*****************************
351 generation time: 32.69 s
[62912.00,5.00],
[62735.00,923.00],
[62062.00,1129.00],
*****************************t=351*****************************
352 generation time: 32.78 s
[62912.00,5.00],
[62735.00,923.00],
[62062.00,1129.00],
*****************************t=352*****************************
353 generation time: 32.87 s
[62912.00,5.00],
[62735.00,923.00],
[62062.00,1129.00],
*****************************t=353*****************************
354 generation time: 32.96 s
[62912.00,5.00],
[62735.00,923.00],
[62062.00,1129.00],
*****************************t=354*****************************
355 generation time: 33.05 s
[62912.00,5.00],
[62735.00,923.00],
[62062.00,1129.00],
*****************************t=355*****************************
356 generation time: 33.15 s
[62912.00,5.00],
[62735.00,923.00],
[62062.00,1129.00],
*****************************t=356*****************************
357 generation time: 33.24 s
[62912.00,5.00],
[62735.00,923.00],
[62062.00,1129.00],
*****************************t=357*****************************
358 generation time: 33.34 s
[62912.00,5.00],
[62735.00,923.00],
[62062.00,1129.00],
*****************************t=358*****************************
359 generation time: 33.44 s
[62912.00,5.00],
[62735.00,923.00],
[62062.00,1129.00],
*****************************t=359*****************************
360 generation time: 33.52 s
[62912.00,5.00],
[62735.00,923.00],
[62062.00,1129.00],
*****************************t=360*****************************
361 generation time: 33.62 s
[62912.00,5.00],
[62735.00,923.00],
[62062.00,1129.00],
*****************************t=361*****************************
362 generation time: 33.71 s
[62912.00,5.00],
[62735.00,923.00],
[62062.00,1129.00],
*****************************t=362*****************************
363 generation time: 33.80 s
[62912.00,5.00],
[62735.00,923.00],
[62062.00,1129.00],
*****************************t=363*****************************
364 generation time: 33.89 s
[62912.00,5.00],
[62735.00,923.00],
[62062.00,1129.00],
*****************************t=364*****************************
365 generation time: 33.98 s
[62912.00,5.00],
[62735.00,923.00],
[62062.00,1129.00],
*****************************t=365*****************************
366 generation time: 34.08 s
[62912.00,5.00],
[62735.00,923.00],
[62062.00,1129.00],
*****************************t=366*****************************
367 generation time: 34.17 s
[62912.00,5.00],
[62735.00,923.00],
[62062.00,1129.00],
*****************************t=367*****************************
368 generation time: 34.26 s
[62912.00,5.00],
[62735.00,923.00],
[62062.00,1129.00],
*****************************t=368*****************************
369 generation time: 34.35 s
[62912.00,5.00],
[62735.00,923.00],
[62062.00,1129.00],
*****************************t=369*****************************
370 generation time: 34.45 s
[62912.00,5.00],
[62735.00,923.00],
[62062.00,1129.00],
*****************************t=370*****************************
371 generation time: 34.54 s
[62912.00,5.00],
[62735.00,923.00],
[62062.00,1129.00],
*****************************t=371*****************************
372 generation time: 34.63 s
[62912.00,5.00],
[62735.00,923.00],
[62062.00,1129.00],
*****************************t=372*****************************
373 generation time: 34.72 s
[62912.00,5.00],
[62735.00,923.00],
[62062.00,1129.00],
*****************************t=373*****************************
374 generation time: 34.81 s
[62912.00,5.00],
[62735.00,923.00],
[62062.00,1129.00],
*****************************t=374*****************************
375 generation time: 34.90 s
[62912.00,5.00],
[62735.00,923.00],
[62062.00,1129.00],
*****************************t=375*****************************
376 generation time: 34.99 s
[62912.00,5.00],
[62735.00,923.00],
[62062.00,1129.00],
*****************************t=376*****************************
377 generation time: 35.09 s
[62912.00,5.00],
[62735.00,923.00],
[62062.00,1129.00],
*****************************t=377*****************************
378 generation time: 35.18 s
[62912.00,5.00],
[62735.00,923.00],
[62062.00,1129.00],
*****************************t=378*****************************
379 generation time: 35.27 s
[62912.00,5.00],
[62735.00,923.00],
[62062.00,1129.00],
*****************************t=379*****************************
380 generation time: 35.36 s
[62912.00,5.00],
[62735.00,923.00],
[62062.00,1129.00],
*****************************t=380*****************************
381 generation time: 35.46 s
[62912.00,5.00],
[62735.00,923.00],
[62062.00,1129.00],
*****************************t=381*****************************
382 generation time: 35.55 s
[62912.00,5.00],
[62735.00,923.00],
[62062.00,1129.00],
*****************************t=382*****************************
383 generation time: 35.64 s
[62912.00,5.00],
[62735.00,923.00],
[62062.00,1129.00],
*****************************t=383*****************************
384 generation time: 35.73 s
[62912.00,5.00],
[62735.00,923.00],
[62062.00,1129.00],
*****************************t=384*****************************
385 generation time: 35.83 s
[62912.00,5.00],
[62735.00,923.00],
[62062.00,1129.00],
*****************************t=385*****************************
386 generation time: 35.92 s
[62912.00,5.00],
[62735.00,923.00],
[62062.00,1129.00],
*****************************t=386*****************************
387 generation time: 36.01 s
[62912.00,5.00],
[62735.00,923.00],
[62062.00,1129.00],
*****************************t=387*****************************
388 generation time: 36.11 s
[62912.00,5.00],
[62735.00,923.00],
[62062.00,1129.00],
*****************************t=388*****************************
389 generation time: 36.20 s
[62912.00,5.00],
[62735.00,923.00],
[62062.00,1129.00],
*****************************t=389*****************************
390 generation time: 36.29 s
[62912.00,5.00],
[62735.00,923.00],
[62062.00,1129.00],
*****************************t=390*****************************
391 generation time: 36.39 s
[62912.00,5.00],
[62735.00,923.00],
[62062.00,1129.00],
*****************************t=391*****************************
392 generation time: 36.48 s
[62912.00,5.00],
[62735.00,923.00],
[62062.00,1129.00],
*****************************t=392*****************************
393 generation time: 36.57 s
[62912.00,5.00],
[62735.00,923.00],
[62062.00,1129.00],
*****************************t=393*****************************
394 generation time: 36.66 s
[62912.00,5.00],
[62735.00,923.00],
[62062.00,1129.00],
*****************************t=394*****************************
395 generation time: 36.76 s
[62912.00,5.00],
[62735.00,923.00],
[62062.00,1129.00],
*****************************t=395*****************************
396 generation time: 36.85 s
[62912.00,5.00],
[62735.00,923.00],
[62062.00,1129.00],
*****************************t=396*****************************
397 generation time: 36.94 s
[62912.00,5.00],
[62735.00,923.00],
[62062.00,1129.00],
*****************************t=397*****************************
398 generation time: 37.03 s
[62912.00,5.00],
[62735.00,923.00],
[62062.00,1129.00],
*****************************t=398*****************************
399 generation time: 37.13 s
[62912.00,5.00],
[62735.00,923.00],
[62062.00,1129.00],
*****************************t=399*****************************
400 generation time: 37.22 s
[62912.00,5.00],
[62735.00,923.00],
[62062.00,1129.00],
*****************************t=400*****************************
401 generation time: 37.32 s
[62912.00,5.00],
[62735.00,923.00],
[62062.00,1129.00],
*****************************t=401*****************************
402 generation time: 37.41 s
[62912.00,5.00],
[62735.00,923.00],
[62062.00,1129.00],
*****************************t=402*****************************
403 generation time: 37.51 s
[62912.00,5.00],
[62735.00,923.00],
[62062.00,1129.00],
*****************************t=403*****************************
404 generation time: 37.60 s
[62912.00,5.00],
[62735.00,923.00],
[62062.00,1129.00],
*****************************t=404*****************************
405 generation time: 37.70 s
[62912.00,5.00],
[62735.00,923.00],
[62062.00,1129.00],
*****************************t=405*****************************
406 generation time: 37.79 s
[62912.00,5.00],
[62735.00,923.00],
[62062.00,1129.00],
*****************************t=406*****************************
407 generation time: 37.89 s
[62912.00,5.00],
[62735.00,923.00],
[62062.00,1129.00],
*****************************t=407*****************************
408 generation time: 37.98 s
[62912.00,5.00],
[62735.00,923.00],
[62062.00,1129.00],
*****************************t=408*****************************
409 generation time: 38.08 s
[62912.00,5.00],
[62735.00,923.00],
[62062.00,1129.00],
*****************************t=409*****************************
410 generation time: 38.17 s
[62912.00,5.00],
[62735.00,923.00],
[62062.00,1129.00],
*****************************t=410*****************************
411 generation time: 38.26 s
[62912.00,5.00],
[62735.00,923.00],
[62062.00,1129.00],
*****************************t=411*****************************
412 generation time: 38.35 s
[62912.00,5.00],
[62735.00,923.00],
[62062.00,1129.00],
*****************************t=412*****************************
413 generation time: 38.45 s
[62912.00,5.00],
[62735.00,923.00],
[62062.00,1129.00],
*****************************t=413*****************************
414 generation time: 38.54 s
[62912.00,5.00],
[62735.00,923.00],
[62062.00,1129.00],
*****************************t=414*****************************
415 generation time: 38.63 s
[62912.00,5.00],
[62735.00,923.00],
[62062.00,1129.00],
*****************************t=415*****************************
416 generation time: 38.72 s
[62912.00,5.00],
[62735.00,923.00],
[62062.00,1129.00],
*****************************t=416*****************************
417 generation time: 38.82 s
[62912.00,5.00],
[62735.00,923.00],
[62062.00,1129.00],
*****************************t=417*****************************
418 generation time: 38.91 s
[62912.00,5.00],
[62735.00,923.00],
[62062.00,1129.00],
*****************************t=418*****************************
419 generation time: 39.00 s
[62912.00,5.00],
[62735.00,923.00],
[62062.00,1129.00],
*****************************t=419*****************************
420 generation time: 39.09 s
[62912.00,5.00],
[62735.00,923.00],
[62062.00,1129.00],
*****************************t=420*****************************
421 generation time: 39.19 s
[62912.00,5.00],
[62735.00,923.00],
[62062.00,1129.00],
*****************************t=421*****************************
422 generation time: 39.28 s
[62912.00,5.00],
[62735.00,923.00],
[62062.00,1129.00],
*****************************t=422*****************************
423 generation time: 39.37 s
[62912.00,5.00],
[62735.00,923.00],
[62062.00,1129.00],
*****************************t=423*****************************
424 generation time: 39.46 s
[62912.00,5.00],
[62735.00,923.00],
[62062.00,1129.00],
*****************************t=424*****************************
425 generation time: 39.56 s
[62912.00,5.00],
[62735.00,923.00],
[62062.00,1129.00],
*****************************t=425*****************************
426 generation time: 39.65 s
[62912.00,5.00],
[62735.00,923.00],
[62062.00,1129.00],
*****************************t=426*****************************
427 generation time: 39.74 s
[62912.00,5.00],
[62735.00,923.00],
[62062.00,1129.00],
*****************************t=427*****************************
428 generation time: 39.83 s
[62912.00,5.00],
[62735.00,923.00],
[62062.00,1129.00],
*****************************t=428*****************************
429 generation time: 39.93 s
[62912.00,5.00],
[62735.00,923.00],
[62062.00,1129.00],
*****************************t=429*****************************
430 generation time: 40.02 s
[62912.00,5.00],
[62735.00,923.00],
[62062.00,1129.00],
*****************************t=430*****************************
431 generation time: 40.11 s
[62912.00,5.00],
[62735.00,923.00],
[62062.00,1129.00],
*****************************t=431*****************************
432 generation time: 40.21 s
[62912.00,5.00],
[62735.00,923.00],
[62062.00,1129.00],
*****************************t=432*****************************
433 generation time: 40.30 s
[62912.00,5.00],
[62735.00,923.00],
[62062.00,1129.00],
*****************************t=433*****************************
434 generation time: 40.39 s
[62912.00,5.00],
[62735.00,923.00],
[62062.00,1129.00],
*****************************t=434*****************************
435 generation time: 40.49 s
[62912.00,5.00],
[62735.00,923.00],
[62062.00,1129.00],
*****************************t=435*****************************
436 generation time: 40.58 s
[62912.00,5.00],
[62735.00,923.00],
[62062.00,1129.00],
*****************************t=436*****************************
437 generation time: 40.67 s
[62912.00,5.00],
[62735.00,923.00],
[62062.00,1129.00],
*****************************t=437*****************************
438 generation time: 40.77 s
[62912.00,5.00],
[62735.00,923.00],
[62062.00,1129.00],
*****************************t=438*****************************
439 generation time: 40.86 s
[62912.00,5.00],
[62735.00,923.00],
[62062.00,1129.00],
*****************************t=439*****************************
440 generation time: 40.95 s
[62912.00,5.00],
[62735.00,923.00],
[62062.00,1129.00],
*****************************t=440*****************************
441 generation time: 41.04 s
[62912.00,5.00],
[62735.00,923.00],
[62062.00,1129.00],
*****************************t=441*****************************
442 generation time: 41.13 s
[62912.00,5.00],
[62735.00,923.00],
[62062.00,1129.00],
*****************************t=442*****************************
443 generation time: 41.23 s
[62912.00,5.00],
[62735.00,923.00],
[62062.00,1129.00],
*****************************t=443*****************************
444 generation time: 41.32 s
[62912.00,5.00],
[62735.00,923.00],
[62062.00,1129.00],
*****************************t=444*****************************
445 generation time: 41.41 s
[62912.00,5.00],
[62735.00,923.00],
[62062.00,1129.00],
*****************************t=445*****************************
446 generation time: 41.50 s
[62912.00,5.00],
[62735.00,923.00],
[62062.00,1129.00],
*****************************t=446*****************************
447 generation time: 41.59 s
[62912.00,5.00],
[62735.00,923.00],
[62062.00,1129.00],
*****************************t=447*****************************
448 generation time: 41.69 s
[62912.00,5.00],
[62735.00,923.00],
[62062.00,1129.00],
*****************************t=448*****************************
449 generation time: 41.78 s
[62912.00,5.00],
[62735.00,923.00],
[62062.00,1129.00],
*****************************t=449*****************************
450 generation time: 41.87 s
[62912.00,5.00],
[62735.00,923.00],
[62062.00,1129.00],
*****************************t=450*****************************
451 generation time: 41.97 s
[62912.00,5.00],
[62735.00,923.00],
[62062.00,1129.00],
*****************************t=451*****************************
452 generation time: 42.06 s
[62912.00,5.00],
[62735.00,923.00],
[62062.00,1129.00],
*****************************t=452*****************************
453 generation time: 42.15 s
[62912.00,5.00],
[62735.00,923.00],
[62062.00,1129.00],
*****************************t=453*****************************
454 generation time: 42.24 s
[62912.00,5.00],
[62735.00,923.00],
[62062.00,1129.00],
*****************************t=454*****************************
455 generation time: 42.34 s
[62912.00,5.00],
[62735.00,923.00],
[62062.00,1129.00],
*****************************t=455*****************************
456 generation time: 42.44 s
[62912.00,5.00],
[62735.00,923.00],
[62062.00,1129.00],
*****************************t=456*****************************
457 generation time: 42.53 s
[62912.00,5.00],
[62735.00,923.00],
[62062.00,1129.00],
*****************************t=457*****************************
458 generation time: 42.62 s
[62912.00,5.00],
[62735.00,923.00],
[62062.00,1129.00],
*****************************t=458*****************************
459 generation time: 42.71 s
[62912.00,5.00],
[62735.00,923.00],
[62062.00,1129.00],
*****************************t=459*****************************
460 generation time: 42.80 s
[62912.00,5.00],
[62735.00,923.00],
[62062.00,1129.00],
*****************************t=460*****************************
461 generation time: 42.90 s
[62912.00,5.00],
[62735.00,923.00],
[62062.00,1129.00],
*****************************t=461*****************************
462 generation time: 42.99 s
[62912.00,5.00],
[62735.00,923.00],
[62062.00,1129.00],
*****************************t=462*****************************
463 generation time: 43.09 s
[62912.00,5.00],
[62735.00,923.00],
[62062.00,1129.00],
*****************************t=463*****************************
464 generation time: 43.18 s
[62912.00,5.00],
[62735.00,923.00],
[62062.00,1129.00],
*****************************t=464*****************************
465 generation time: 43.27 s
[62912.00,5.00],
[62735.00,923.00],
[62062.00,1129.00],
*****************************t=465*****************************
466 generation time: 43.37 s
[62912.00,5.00],
[62735.00,923.00],
[62062.00,1129.00],
*****************************t=466*****************************
467 generation time: 43.46 s
[62912.00,5.00],
[62735.00,923.00],
[62062.00,1129.00],
*****************************t=467*****************************
468 generation time: 43.55 s
[62912.00,5.00],
[62735.00,923.00],
[62062.00,1129.00],
*****************************t=468*****************************
469 generation time: 43.64 s
[62912.00,5.00],
[62735.00,923.00],
[62062.00,1129.00],
*****************************t=469*****************************
470 generation time: 43.73 s
[62912.00,5.00],
[62735.00,923.00],
[62062.00,1129.00],
*****************************t=470*****************************
471 generation time: 43.83 s
[62912.00,5.00],
[62735.00,923.00],
[62062.00,1129.00],
*****************************t=471*****************************
472 generation time: 43.92 s
[62912.00,5.00],
[62735.00,923.00],
[62062.00,1129.00],
*****************************t=472*****************************
473 generation time: 44.02 s
[62912.00,5.00],
[62735.00,923.00],
[62062.00,1129.00],
*****************************t=473*****************************
474 generation time: 44.11 s
[62912.00,5.00],
[62735.00,923.00],
[62062.00,1129.00],
*****************************t=474*****************************
475 generation time: 44.20 s
[62912.00,5.00],
[62735.00,923.00],
[62062.00,1129.00],
*****************************t=475*****************************
476 generation time: 44.29 s
[62912.00,5.00],
[62735.00,923.00],
[62062.00,1129.00],
*****************************t=476*****************************
477 generation time: 44.39 s
[62912.00,5.00],
[62735.00,923.00],
[62062.00,1129.00],
*****************************t=477*****************************
478 generation time: 44.48 s
[62912.00,5.00],
[62735.00,923.00],
[62062.00,1129.00],
*****************************t=478*****************************
479 generation time: 44.57 s
[62912.00,5.00],
[62735.00,923.00],
[62062.00,1129.00],
*****************************t=479*****************************
480 generation time: 44.66 s
[62912.00,5.00],
[62735.00,923.00],
[62062.00,1129.00],
*****************************t=480*****************************
481 generation time: 44.75 s
[62912.00,5.00],
[62735.00,923.00],
[62062.00,1129.00],
*****************************t=481*****************************
482 generation time: 44.84 s
[62912.00,5.00],
[62735.00,923.00],
[62062.00,1129.00],
*****************************t=482*****************************
483 generation time: 44.93 s
[62912.00,5.00],
[62735.00,923.00],
[62062.00,1129.00],
*****************************t=483*****************************
484 generation time: 45.02 s
[62912.00,5.00],
[62735.00,923.00],
[62062.00,1129.00],
*****************************t=484*****************************
485 generation time: 45.12 s
[62912.00,5.00],
[62735.00,923.00],
[62062.00,1129.00],
*****************************t=485*****************************
486 generation time: 45.21 s
[62912.00,5.00],
[62735.00,923.00],
[62062.00,1129.00],
*****************************t=486*****************************
487 generation time: 45.31 s
[62912.00,5.00],
[62735.00,923.00],
[62062.00,1129.00],
*****************************t=487*****************************
488 generation time: 45.40 s
[62912.00,5.00],
[62735.00,923.00],
[62062.00,1129.00],
*****************************t=488*****************************
489 generation time: 45.49 s
[62912.00,5.00],
[62735.00,923.00],
[62062.00,1129.00],
*****************************t=489*****************************
490 generation time: 45.59 s
[62912.00,5.00],
[62735.00,923.00],
[62062.00,1129.00],
*****************************t=490*****************************
491 generation time: 45.68 s
[62912.00,5.00],
[62735.00,923.00],
[62062.00,1129.00],
*****************************t=491*****************************
492 generation time: 45.78 s
[62912.00,5.00],
[62735.00,923.00],
[62062.00,1129.00],
*****************************t=492*****************************
493 generation time: 45.87 s
[62912.00,5.00],
[62735.00,923.00],
[62062.00,1129.00],
*****************************t=493*****************************
494 generation time: 45.97 s
[62912.00,5.00],
[62735.00,923.00],
[62062.00,1129.00],
*****************************t=494*****************************
495 generation time: 46.06 s
[62912.00,5.00],
[62735.00,923.00],
[62062.00,1129.00],
*****************************t=495*****************************
496 generation time: 46.15 s
[62912.00,5.00],
[62735.00,923.00],
[62062.00,1129.00],
*****************************t=496*****************************
497 generation time: 46.24 s
[62912.00,5.00],
[62735.00,923.00],
[62062.00,1129.00],
*****************************t=497*****************************
498 generation time: 46.33 s
[62912.00,5.00],
[62735.00,923.00],
[62062.00,1129.00],
*****************************t=498*****************************
499 generation time: 46.43 s
[62912.00,5.00],
[62735.00,923.00],
[62062.00,1129.00],
*****************************t=499*****************************
500 generation time: 46.52 s
[62912.00,5.00],
[62735.00,923.00],
[62062.00,1129.00],
[62912.00,5.00],
[62735.00,923.00],
[62062.00,1129.00],
tot = 3
total time: 46.59 s
