m = 4 n = 14
pop = 30 gen = 100
init...begin
init...done
*****************************t=0*****************************
time to convergence: 0.07 s	
time to convergence: 0.07 s	
time to convergence: 0.07 s	
time to convergence: 0.07 s	
1 generation time: 0.10 s
[2986.00,844.00],
[3742.00,162.00],
[3224.00,542.00],
[3264.00,354.00],
[3496.00,212.00],
*****************************t=1*****************************
2 generation time: 0.19 s
[2778.00,604.00],
[3742.00,162.00],
[3224.00,542.00],
[3264.00,354.00],
[3496.00,212.00],
*****************************t=2*****************************
time to convergence: 0.26 s	
3 generation time: 0.29 s
[2778.00,604.00],
[3742.00,162.00],
[3166.00,428.00],
[3264.00,354.00],
[3496.00,212.00],
[4184.00,134.00],
*****************************t=3*****************************
4 generation time: 0.39 s
[2756.00,476.00],
[3742.00,162.00],
[3166.00,428.00],
[3264.00,354.00],
[3496.00,212.00],
[4184.00,134.00],
*****************************t=4*****************************
time to convergence: 0.45 s	
time to convergence: 0.45 s	
time to convergence: 0.45 s	
5 generation time: 0.49 s
[2756.00,476.00],
[3742.00,162.00],
[3166.00,428.00],
[3264.00,354.00],
[3496.00,212.00],
[4184.00,134.00],
[3318.00,254.00],
[3298.00,350.00],
[2614.00,810.00],
*****************************t=5*****************************
6 generation time: 0.58 s
[2756.00,476.00],
[3688.00,76.00],
[3166.00,428.00],
[3264.00,354.00],
[3460.00,148.00],
[3318.00,254.00],
[3298.00,350.00],
[2614.00,810.00],
*****************************t=6*****************************
time to convergence: 0.65 s	
7 generation time: 0.68 s
[2756.00,476.00],
[3688.00,76.00],
[3166.00,428.00],
[3264.00,354.00],
[3460.00,148.00],
[3318.00,254.00],
[3298.00,350.00],
[2614.00,810.00],
[3510.00,140.00],
*****************************t=7*****************************
8 generation time: 0.78 s
[2756.00,476.00],
[3688.00,76.00],
[3166.00,428.00],
[3264.00,354.00],
[3298.00,148.00],
[2614.00,810.00],
[3510.00,140.00],
*****************************t=8*****************************
time to convergence: 0.84 s	
9 generation time: 0.88 s
[2756.00,476.00],
[3688.00,76.00],
[3134.00,244.00],
[3298.00,148.00],
[2614.00,810.00],
[3510.00,140.00],
[3120.00,388.00],
*****************************t=9*****************************
time to convergence: 0.95 s	
10 generation time: 0.98 s
[2756.00,476.00],
[3688.00,76.00],
[3134.00,244.00],
[3298.00,148.00],
[2614.00,810.00],
[3510.00,140.00],
[3054.00,366.00],
[2734.00,748.00],
*****************************t=10*****************************
time to convergence: 1.06 s	
11 generation time: 1.09 s
[2756.00,476.00],
[3688.00,76.00],
[3134.00,244.00],
[3298.00,148.00],
[2614.00,810.00],
[3510.00,140.00],
[3054.00,366.00],
[2734.00,748.00],
[2846.00,430.00],
*****************************t=11*****************************
12 generation time: 1.20 s
[2756.00,476.00],
[3688.00,76.00],
[3134.00,244.00],
[3298.00,148.00],
[2614.00,810.00],
[3510.00,140.00],
[3054.00,366.00],
[2734.00,748.00],
[2846.00,430.00],
*****************************t=12*****************************
time to convergence: 1.27 s	
13 generation time: 1.30 s
[2466.00,476.00],
[3688.00,76.00],
[3134.00,244.00],
[3298.00,148.00],
[3510.00,140.00],
[3054.00,366.00],
[2846.00,430.00],
[3230.00,194.00],
*****************************t=13*****************************
14 generation time: 1.41 s
[2466.00,476.00],
[3688.00,76.00],
[3134.00,244.00],
[3298.00,148.00],
[3510.00,140.00],
[3054.00,366.00],
[2846.00,430.00],
[3230.00,194.00],
*****************************t=14*****************************
time to convergence: 1.48 s	
15 generation time: 1.52 s
[2466.00,476.00],
[3688.00,76.00],
[3134.00,244.00],
[3298.00,148.00],
[3510.00,140.00],
[3054.00,366.00],
[2846.00,430.00],
[3230.00,194.00],
[3108.00,252.00],
*****************************t=15*****************************
16 generation time: 1.64 s
[2466.00,476.00],
[3688.00,76.00],
[3134.00,244.00],
[3298.00,148.00],
[3510.00,140.00],
[3022.00,308.00],
[2846.00,430.00],
[3230.00,194.00],
[3108.00,252.00],
*****************************t=16*****************************
time to convergence: 1.71 s	
17 generation time: 1.74 s
[2466.00,476.00],
[3688.00,76.00],
[3134.00,244.00],
[3298.00,148.00],
[3510.00,140.00],
[3022.00,308.00],
[2846.00,430.00],
[3230.00,194.00],
[3108.00,252.00],
[2974.00,428.00],
*****************************t=17*****************************
18 generation time: 1.84 s
[2466.00,476.00],
[3688.00,76.00],
[3134.00,244.00],
[3298.00,148.00],
[3510.00,140.00],
[3022.00,308.00],
[2846.00,430.00],
[3230.00,194.00],
[3108.00,252.00],
[2974.00,428.00],
*****************************t=18*****************************
19 generation time: 1.94 s
[2466.00,476.00],
[3688.00,76.00],
[2572.00,238.00],
[3298.00,148.00],
[3510.00,140.00],
[3230.00,194.00],
*****************************t=19*****************************
time to convergence: 1.99 s	
20 generation time: 2.03 s
[2466.00,476.00],
[3688.00,76.00],
[2572.00,238.00],
[3298.00,148.00],
[3432.00,110.00],
[3230.00,194.00],
[2882.00,220.00],
*****************************t=20*****************************
21 generation time: 2.14 s
[2466.00,476.00],
[3688.00,76.00],
[2572.00,238.00],
[3298.00,148.00],
[3432.00,110.00],
[3230.00,194.00],
[2882.00,220.00],
*****************************t=21*****************************
22 generation time: 2.24 s
[2466.00,476.00],
[3688.00,76.00],
[2572.00,238.00],
[2876.00,78.00],
[2792.00,188.00],
*****************************t=22*****************************
23 generation time: 2.34 s
[2466.00,476.00],
[3688.00,76.00],
[2572.00,238.00],
[2876.00,78.00],
[2792.00,188.00],
*****************************t=23*****************************
time to convergence: 2.41 s	
24 generation time: 2.44 s
[2466.00,476.00],
[3688.00,76.00],
[2572.00,238.00],
[2876.00,78.00],
[2792.00,188.00],
[2752.00,212.00],
*****************************t=24*****************************
25 generation time: 2.55 s
[2466.00,476.00],
[3688.00,76.00],
[2572.00,238.00],
[2876.00,78.00],
[2792.00,188.00],
[2752.00,212.00],
*****************************t=25*****************************
26 generation time: 2.65 s
[2466.00,476.00],
[3688.00,76.00],
[2572.00,238.00],
[2876.00,78.00],
[2792.00,188.00],
[2752.00,212.00],
*****************************t=26*****************************
27 generation time: 2.75 s
[2466.00,476.00],
[3688.00,76.00],
[2572.00,238.00],
[2876.00,78.00],
[2792.00,188.00],
[2752.00,212.00],
*****************************t=27*****************************
28 generation time: 2.85 s
[2462.00,412.00],
[3688.00,76.00],
[2572.00,238.00],
[2876.00,78.00],
[2792.00,188.00],
[2752.00,212.00],
*****************************t=28*****************************
29 generation time: 2.97 s
[2462.00,412.00],
[3688.00,76.00],
[2518.00,226.00],
[2876.00,78.00],
[2792.00,188.00],
[2752.00,212.00],
*****************************t=29*****************************
30 generation time: 3.08 s
[2462.00,412.00],
[3688.00,76.00],
[2518.00,226.00],
[2876.00,78.00],
[2792.00,188.00],
[2752.00,212.00],
*****************************t=30*****************************
31 generation time: 3.18 s
[2462.00,412.00],
[3688.00,76.00],
[2518.00,226.00],
[2876.00,78.00],
[2792.00,188.00],
[2752.00,212.00],
*****************************t=31*****************************
32 generation time: 3.28 s
[2462.00,412.00],
[3688.00,76.00],
[2518.00,226.00],
[2876.00,78.00],
[2792.00,188.00],
[2752.00,212.00],
*****************************t=32*****************************
33 generation time: 3.38 s
[2462.00,412.00],
[3688.00,76.00],
[2518.00,226.00],
[2876.00,78.00],
[2568.00,182.00],
*****************************t=33*****************************
time to convergence: 3.46 s	
34 generation time: 3.50 s
[2462.00,412.00],
[3688.00,76.00],
[2518.00,226.00],
[2876.00,78.00],
[2568.00,182.00],
[2442.00,482.00],
*****************************t=34*****************************
time to convergence: 3.58 s	
35 generation time: 3.61 s
[2462.00,412.00],
[3688.00,76.00],
[2518.00,226.00],
[2876.00,78.00],
[2568.00,182.00],
[2442.00,482.00],
[2464.00,322.00],
*****************************t=35*****************************
36 generation time: 3.72 s
[2462.00,412.00],
[3688.00,76.00],
[2518.00,226.00],
[2876.00,78.00],
[2568.00,182.00],
[2442.00,482.00],
[2464.00,322.00],
*****************************t=36*****************************
37 generation time: 3.84 s
[2462.00,412.00],
[3688.00,76.00],
[2518.00,226.00],
[2876.00,78.00],
[2568.00,182.00],
[2442.00,482.00],
[2464.00,322.00],
*****************************t=37*****************************
38 generation time: 3.95 s
[2462.00,412.00],
[3688.00,76.00],
[2518.00,226.00],
[2876.00,78.00],
[2568.00,182.00],
[2442.00,482.00],
[2464.00,322.00],
*****************************t=38*****************************
39 generation time: 4.07 s
[2462.00,238.00],
[3688.00,76.00],
[2518.00,226.00],
[2876.00,78.00],
[2568.00,182.00],
[2442.00,482.00],
*****************************t=39*****************************
40 generation time: 4.18 s
[2462.00,238.00],
[3496.00,22.00],
[2518.00,226.00],
[2876.00,78.00],
[2568.00,182.00],
[2442.00,482.00],
*****************************t=40*****************************
41 generation time: 4.29 s
[2462.00,238.00],
[3496.00,22.00],
[2518.00,226.00],
[2876.00,78.00],
[2568.00,182.00],
[2442.00,482.00],
*****************************t=41*****************************
42 generation time: 4.41 s
[2462.00,238.00],
[3496.00,22.00],
[2518.00,226.00],
[2876.00,78.00],
[2568.00,182.00],
[2442.00,482.00],
*****************************t=42*****************************
43 generation time: 4.53 s
[2462.00,238.00],
[3496.00,22.00],
[2518.00,226.00],
[2876.00,78.00],
[2568.00,182.00],
[2442.00,482.00],
*****************************t=43*****************************
44 generation time: 4.65 s
[2462.00,238.00],
[3496.00,22.00],
[2518.00,226.00],
[2876.00,78.00],
[2568.00,182.00],
[2442.00,482.00],
*****************************t=44*****************************
45 generation time: 4.77 s
[2462.00,238.00],
[3496.00,22.00],
[2518.00,226.00],
[2876.00,78.00],
[2568.00,182.00],
[2442.00,482.00],
*****************************t=45*****************************
46 generation time: 4.88 s
[2462.00,238.00],
[3496.00,22.00],
[2518.00,226.00],
[2876.00,78.00],
[2568.00,182.00],
[2442.00,482.00],
*****************************t=46*****************************
time to convergence: 4.96 s	
47 generation time: 5.00 s
[2462.00,238.00],
[3496.00,22.00],
[2518.00,226.00],
[2876.00,78.00],
[2568.00,182.00],
[2442.00,482.00],
[3248.00,36.00],
*****************************t=47*****************************
48 generation time: 5.11 s
[2462.00,238.00],
[3496.00,22.00],
[2518.00,226.00],
[2876.00,78.00],
[2568.00,182.00],
[2442.00,482.00],
[3248.00,36.00],
*****************************t=48*****************************
time to convergence: 5.18 s	
49 generation time: 5.22 s
[2462.00,238.00],
[3496.00,22.00],
[2518.00,226.00],
[2876.00,78.00],
[2568.00,182.00],
[2442.00,482.00],
[3248.00,36.00],
[2854.00,180.00],
*****************************t=49*****************************
50 generation time: 5.33 s
[2462.00,238.00],
[3496.00,22.00],
[2518.00,226.00],
[2876.00,78.00],
[2568.00,182.00],
[2442.00,482.00],
[3248.00,36.00],
[2854.00,180.00],
*****************************t=50*****************************
51 generation time: 5.44 s
[2462.00,238.00],
[3496.00,22.00],
[2518.00,226.00],
[2876.00,78.00],
[2568.00,182.00],
[2442.00,482.00],
[3248.00,36.00],
[2854.00,180.00],
*****************************t=51*****************************
52 generation time: 5.54 s
[2462.00,238.00],
[3496.00,22.00],
[2518.00,226.00],
[2876.00,78.00],
[2568.00,182.00],
[2420.00,244.00],
[3248.00,36.00],
[2854.00,180.00],
*****************************t=52*****************************
53 generation time: 5.66 s
[2462.00,238.00],
[3496.00,22.00],
[2518.00,226.00],
[2876.00,78.00],
[2568.00,182.00],
[2420.00,244.00],
[3248.00,36.00],
[2854.00,180.00],
*****************************t=53*****************************
54 generation time: 5.77 s
[2462.00,238.00],
[3496.00,22.00],
[2518.00,226.00],
[2876.00,78.00],
[2568.00,182.00],
[2420.00,244.00],
[3248.00,36.00],
[2854.00,180.00],
*****************************t=54*****************************
55 generation time: 5.89 s
[2462.00,238.00],
[3496.00,22.00],
[2518.00,226.00],
[2876.00,78.00],
[2568.00,182.00],
[2420.00,244.00],
[3248.00,36.00],
[2652.00,92.00],
*****************************t=55*****************************
56 generation time: 6.00 s
[2462.00,238.00],
[3496.00,22.00],
[2518.00,226.00],
[2876.00,78.00],
[2568.00,182.00],
[2420.00,244.00],
[3248.00,36.00],
[2652.00,92.00],
*****************************t=56*****************************
57 generation time: 6.12 s
[2462.00,238.00],
[3496.00,22.00],
[2518.00,226.00],
[2876.00,78.00],
[2568.00,182.00],
[2420.00,244.00],
[3248.00,36.00],
[2652.00,92.00],
*****************************t=57*****************************
58 generation time: 6.25 s
[2462.00,238.00],
[3496.00,22.00],
[2518.00,226.00],
[2876.00,78.00],
[2568.00,182.00],
[2420.00,244.00],
[3248.00,36.00],
[2652.00,92.00],
*****************************t=58*****************************
59 generation time: 6.37 s
[2462.00,238.00],
[3496.00,22.00],
[2518.00,226.00],
[2876.00,78.00],
[2568.00,182.00],
[2420.00,244.00],
[3248.00,36.00],
[2652.00,92.00],
*****************************t=59*****************************
60 generation time: 6.48 s
[2462.00,238.00],
[3496.00,22.00],
[2518.00,226.00],
[2876.00,78.00],
[2568.00,182.00],
[2420.00,244.00],
[3248.00,36.00],
[2652.00,92.00],
*****************************t=60*****************************
61 generation time: 6.60 s
[2462.00,238.00],
[3496.00,22.00],
[2518.00,226.00],
[2876.00,78.00],
[2568.00,182.00],
[2420.00,244.00],
[3248.00,36.00],
[2652.00,92.00],
*****************************t=61*****************************
62 generation time: 6.71 s
[2462.00,238.00],
[3496.00,22.00],
[2518.00,226.00],
[2876.00,78.00],
[2568.00,182.00],
[2420.00,244.00],
[3248.00,36.00],
[2652.00,92.00],
*****************************t=62*****************************
63 generation time: 6.83 s
[2462.00,238.00],
[3204.00,22.00],
[2518.00,226.00],
[2876.00,78.00],
[2568.00,182.00],
[2420.00,244.00],
[2652.00,92.00],
*****************************t=63*****************************
64 generation time: 6.94 s
[2462.00,238.00],
[3204.00,22.00],
[2518.00,226.00],
[2876.00,78.00],
[2568.00,182.00],
[2420.00,244.00],
[2652.00,92.00],
*****************************t=64*****************************
time to convergence: 7.01 s	
65 generation time: 7.05 s
[2462.00,238.00],
[3204.00,22.00],
[2518.00,226.00],
[2876.00,78.00],
[2568.00,182.00],
[2420.00,244.00],
[2652.00,92.00],
[2996.00,54.00],
*****************************t=65*****************************
66 generation time: 7.17 s
[2462.00,238.00],
[3204.00,22.00],
[2518.00,226.00],
[2876.00,78.00],
[2568.00,182.00],
[2420.00,244.00],
[2652.00,92.00],
[2996.00,54.00],
*****************************t=66*****************************
67 generation time: 7.28 s
[2462.00,238.00],
[3204.00,22.00],
[2518.00,226.00],
[2876.00,78.00],
[2568.00,182.00],
[2420.00,244.00],
[2652.00,92.00],
[2996.00,54.00],
*****************************t=67*****************************
68 generation time: 7.39 s
[2462.00,238.00],
[3204.00,22.00],
[2518.00,226.00],
[2876.00,78.00],
[2568.00,182.00],
[2420.00,244.00],
[2652.00,92.00],
[2996.00,54.00],
*****************************t=68*****************************
69 generation time: 7.50 s
[2462.00,238.00],
[3204.00,22.00],
[2518.00,226.00],
[2876.00,78.00],
[2568.00,182.00],
[2420.00,244.00],
[2652.00,92.00],
[2996.00,54.00],
*****************************t=69*****************************
70 generation time: 7.61 s
[2462.00,238.00],
[3204.00,22.00],
[2518.00,226.00],
[2876.00,78.00],
[2568.00,182.00],
[2420.00,244.00],
[2652.00,92.00],
[2996.00,54.00],
*****************************t=70*****************************
71 generation time: 7.72 s
[2462.00,238.00],
[3204.00,22.00],
[2518.00,226.00],
[2876.00,78.00],
[2568.00,182.00],
[2420.00,244.00],
[2652.00,92.00],
[2996.00,54.00],
*****************************t=71*****************************
72 generation time: 7.84 s
[2462.00,238.00],
[3204.00,22.00],
[2518.00,226.00],
[2876.00,78.00],
[2568.00,182.00],
[2420.00,244.00],
[2652.00,92.00],
[2996.00,54.00],
*****************************t=72*****************************
73 generation time: 7.95 s
[2462.00,238.00],
[3204.00,22.00],
[2518.00,226.00],
[2876.00,78.00],
[2568.00,182.00],
[2420.00,244.00],
[2652.00,92.00],
[2996.00,54.00],
*****************************t=73*****************************
74 generation time: 8.06 s
[2462.00,238.00],
[3204.00,22.00],
[2518.00,226.00],
[2876.00,78.00],
[2568.00,182.00],
[2420.00,244.00],
[2652.00,92.00],
[2996.00,54.00],
*****************************t=74*****************************
75 generation time: 8.18 s
[2462.00,238.00],
[3204.00,22.00],
[2518.00,226.00],
[2876.00,78.00],
[2568.00,182.00],
[2420.00,244.00],
[2652.00,92.00],
[2996.00,54.00],
*****************************t=75*****************************
76 generation time: 8.34 s
[2462.00,238.00],
[3204.00,22.00],
[2518.00,226.00],
[2876.00,78.00],
[2568.00,182.00],
[2420.00,244.00],
[2652.00,92.00],
[2996.00,54.00],
*****************************t=76*****************************
77 generation time: 8.48 s
[2462.00,238.00],
[3204.00,22.00],
[2518.00,226.00],
[2876.00,78.00],
[2568.00,182.00],
[2420.00,244.00],
[2652.00,92.00],
[2996.00,54.00],
*****************************t=77*****************************
78 generation time: 8.60 s
[2462.00,238.00],
[3204.00,22.00],
[2518.00,226.00],
[2876.00,78.00],
[2568.00,182.00],
[2420.00,244.00],
[2652.00,92.00],
[2996.00,54.00],
*****************************t=78*****************************
79 generation time: 8.72 s
[2462.00,238.00],
[3204.00,22.00],
[2518.00,226.00],
[2876.00,78.00],
[2568.00,182.00],
[2420.00,244.00],
[2652.00,92.00],
[2996.00,54.00],
*****************************t=79*****************************
80 generation time: 8.85 s
[2462.00,238.00],
[3204.00,22.00],
[2518.00,226.00],
[2876.00,78.00],
[2568.00,182.00],
[2420.00,244.00],
[2652.00,92.00],
[2996.00,54.00],
*****************************t=80*****************************
81 generation time: 8.98 s
[2462.00,238.00],
[3204.00,22.00],
[2518.00,226.00],
[2876.00,78.00],
[2568.00,182.00],
[2420.00,244.00],
[2652.00,92.00],
[2996.00,54.00],
*****************************t=81*****************************
82 generation time: 9.10 s
[2462.00,238.00],
[3204.00,22.00],
[2518.00,226.00],
[2876.00,78.00],
[2568.00,182.00],
[2420.00,244.00],
[2652.00,92.00],
[2996.00,54.00],
*****************************t=82*****************************
83 generation time: 9.21 s
[2462.00,238.00],
[3204.00,22.00],
[2518.00,226.00],
[2876.00,78.00],
[2568.00,182.00],
[2420.00,244.00],
[2652.00,92.00],
[2996.00,54.00],
*****************************t=83*****************************
84 generation time: 9.34 s
[2462.00,238.00],
[3204.00,22.00],
[2494.00,226.00],
[2876.00,78.00],
[2568.00,182.00],
[2420.00,244.00],
[2652.00,92.00],
[2996.00,54.00],
*****************************t=84*****************************
85 generation time: 9.47 s
[2462.00,238.00],
[3204.00,22.00],
[2494.00,226.00],
[2876.00,78.00],
[2568.00,182.00],
[2420.00,244.00],
[2652.00,92.00],
[2996.00,54.00],
*****************************t=85*****************************
time to convergence: 9.55 s	
86 generation time: 9.61 s
[2462.00,238.00],
[3204.00,22.00],
[2494.00,226.00],
[2876.00,78.00],
[2568.00,182.00],
[2420.00,244.00],
[2652.00,92.00],
[2996.00,54.00],
[2418.00,372.00],
*****************************t=86*****************************
87 generation time: 9.72 s
[2400.00,182.00],
[3204.00,22.00],
[2876.00,78.00],
[2652.00,92.00],
[2996.00,54.00],
*****************************t=87*****************************
88 generation time: 9.83 s
[2400.00,182.00],
[3204.00,22.00],
[2876.00,78.00],
[2652.00,92.00],
[2996.00,54.00],
*****************************t=88*****************************
89 generation time: 9.94 s
[2400.00,182.00],
[3204.00,22.00],
[2876.00,78.00],
[2652.00,92.00],
[2996.00,54.00],
*****************************t=89*****************************
90 generation time: 10.05 s
[2400.00,182.00],
[3204.00,22.00],
[2876.00,78.00],
[2652.00,92.00],
[2996.00,54.00],
*****************************t=90*****************************
91 generation time: 10.16 s
[2400.00,182.00],
[3204.00,22.00],
[2876.00,78.00],
[2652.00,92.00],
[2996.00,54.00],
*****************************t=91*****************************
92 generation time: 10.28 s
[2400.00,182.00],
[3204.00,22.00],
[2876.00,78.00],
[2652.00,92.00],
[2996.00,54.00],
*****************************t=92*****************************
93 generation time: 10.40 s
[2400.00,182.00],
[3204.00,22.00],
[2876.00,78.00],
[2652.00,92.00],
[2996.00,52.00],
*****************************t=93*****************************
94 generation time: 10.52 s
[2400.00,182.00],
[3204.00,22.00],
[2876.00,78.00],
[2652.00,92.00],
[2996.00,52.00],
*****************************t=94*****************************
95 generation time: 10.64 s
[2400.00,182.00],
[3204.00,22.00],
[2876.00,78.00],
[2652.00,92.00],
[2996.00,52.00],
*****************************t=95*****************************
96 generation time: 10.75 s
[2400.00,182.00],
[3204.00,22.00],
[2876.00,78.00],
[2652.00,92.00],
[2996.00,52.00],
*****************************t=96*****************************
97 generation time: 10.87 s
[2400.00,182.00],
[3204.00,22.00],
[2876.00,78.00],
[2652.00,92.00],
[2996.00,52.00],
*****************************t=97*****************************
98 generation time: 10.98 s
[2400.00,182.00],
[3204.00,22.00],
[2876.00,78.00],
[2652.00,92.00],
[2996.00,52.00],
*****************************t=98*****************************
99 generation time: 11.09 s
[2400.00,182.00],
[3204.00,22.00],
[2876.00,78.00],
[2652.00,92.00],
[2996.00,52.00],
*****************************t=99*****************************
100 generation time: 11.20 s
[2400.00,182.00],
[3204.00,22.00],
[2876.00,78.00],
[2652.00,92.00],
[2996.00,52.00],
[2400.00,182.00],
[3204.00,22.00],
[2876.00,78.00],
[2652.00,92.00],
[2996.00,52.00],
tot = 5
total time: 11.27 s
