m = 4 n = 14
pop = 30 gen = 100
init...begin
init...done
*****************************t=0*****************************
time to convergence: 0.07 s	
time to convergence: 0.07 s	
1 generation time: 0.09 s
[3684.00,188.00],
[3438.00,622.00],
[3496.00,236.00],
*****************************t=1*****************************
time to convergence: 0.16 s	
2 generation time: 0.19 s
[3684.00,188.00],
[3378.00,370.00],
[3496.00,236.00],
[3894.00,180.00],
*****************************t=2*****************************
3 generation time: 0.29 s
[3684.00,188.00],
[3378.00,370.00],
[3496.00,236.00],
[3894.00,180.00],
*****************************t=3*****************************
4 generation time: 0.38 s
[3464.00,140.00],
[3378.00,370.00],
*****************************t=4*****************************
time to convergence: 0.44 s	
5 generation time: 0.48 s
[3464.00,140.00],
[3378.00,370.00],
[2900.00,388.00],
*****************************t=5*****************************
6 generation time: 0.57 s
[3464.00,140.00],
[3378.00,370.00],
[2900.00,388.00],
*****************************t=6*****************************
7 generation time: 0.66 s
[3464.00,140.00],
[3378.00,370.00],
[2900.00,388.00],
*****************************t=7*****************************
time to convergence: 0.72 s	
time to convergence: 0.73 s	
8 generation time: 0.76 s
[3450.00,30.00],
[3180.00,292.00],
[2900.00,388.00],
[3096.00,356.00],
[3418.00,110.00],
*****************************t=8*****************************
time to convergence: 0.82 s	
9 generation time: 0.85 s
[3450.00,30.00],
[3180.00,292.00],
[2900.00,388.00],
[3096.00,356.00],
[3418.00,110.00],
[3354.00,238.00],
*****************************t=9*****************************
10 generation time: 0.95 s
[3450.00,30.00],
[3180.00,292.00],
[2900.00,388.00],
[3096.00,356.00],
[3418.00,110.00],
[3354.00,238.00],
*****************************t=10*****************************
time to convergence: 1.02 s	
11 generation time: 1.05 s
[3450.00,30.00],
[3180.00,292.00],
[2900.00,388.00],
[3096.00,356.00],
[3418.00,110.00],
[3190.00,204.00],
[4358.00,22.00],
*****************************t=11*****************************
12 generation time: 1.14 s
[3450.00,30.00],
[3180.00,292.00],
[2900.00,388.00],
[3010.00,306.00],
[3418.00,110.00],
[3190.00,204.00],
[4358.00,22.00],
*****************************t=12*****************************
time to convergence: 1.20 s	
13 generation time: 1.24 s
[3450.00,30.00],
[2982.00,236.00],
[2900.00,388.00],
[3418.00,110.00],
[3190.00,204.00],
[4358.00,22.00],
[2794.00,476.00],
*****************************t=13*****************************
time to convergence: 1.30 s	
14 generation time: 1.34 s
[3450.00,30.00],
[2982.00,236.00],
[2900.00,388.00],
[3418.00,110.00],
[3022.00,134.00],
[4024.00,22.00],
[2794.00,476.00],
[3192.00,132.00],
*****************************t=14*****************************
15 generation time: 1.43 s
[3450.00,30.00],
[2982.00,236.00],
[2900.00,388.00],
[3418.00,110.00],
[3022.00,134.00],
[4024.00,22.00],
[2794.00,476.00],
[3192.00,132.00],
*****************************t=15*****************************
16 generation time: 1.53 s
[3450.00,30.00],
[2770.00,236.00],
[3418.00,110.00],
[3022.00,134.00],
[4024.00,22.00],
[3192.00,132.00],
*****************************t=16*****************************
time to convergence: 1.61 s	
17 generation time: 1.65 s
[3450.00,30.00],
[2770.00,236.00],
[3418.00,110.00],
[3022.00,134.00],
[4024.00,22.00],
[3192.00,132.00],
[3010.00,196.00],
*****************************t=17*****************************
18 generation time: 1.75 s
[3450.00,30.00],
[2770.00,236.00],
[3418.00,110.00],
[3022.00,134.00],
[4024.00,22.00],
[3192.00,132.00],
[3010.00,196.00],
*****************************t=18*****************************
19 generation time: 1.85 s
[3450.00,30.00],
[2770.00,236.00],
[3418.00,110.00],
[3022.00,134.00],
[4024.00,22.00],
[3192.00,132.00],
[3010.00,196.00],
*****************************t=19*****************************
20 generation time: 1.95 s
[3450.00,30.00],
[2770.00,236.00],
[3418.00,110.00],
[3022.00,134.00],
[4024.00,22.00],
[3192.00,132.00],
[3010.00,196.00],
*****************************t=20*****************************
21 generation time: 2.05 s
[3450.00,30.00],
[2770.00,236.00],
[3370.00,62.00],
[3022.00,134.00],
[4024.00,22.00],
[3192.00,132.00],
[3010.00,196.00],
*****************************t=21*****************************
22 generation time: 2.15 s
[3450.00,30.00],
[2770.00,236.00],
[3370.00,62.00],
[3022.00,134.00],
[4024.00,22.00],
[3192.00,132.00],
[3010.00,196.00],
*****************************t=22*****************************
time to convergence: 2.22 s	
23 generation time: 2.25 s
[3450.00,30.00],
[2770.00,236.00],
[3370.00,62.00],
[3022.00,134.00],
[4024.00,22.00],
[3050.00,78.00],
[3010.00,196.00],
[2772.00,204.00],
*****************************t=23*****************************
time to convergence: 2.32 s	
24 generation time: 2.35 s
[3450.00,30.00],
[2770.00,236.00],
[3370.00,62.00],
[3022.00,134.00],
[4024.00,22.00],
[3050.00,78.00],
[3010.00,196.00],
[2772.00,204.00],
[2710.00,836.00],
*****************************t=24*****************************
25 generation time: 2.44 s
[3450.00,30.00],
[2770.00,236.00],
[3370.00,62.00],
[3022.00,134.00],
[4024.00,22.00],
[3050.00,78.00],
[3010.00,196.00],
[2772.00,204.00],
[2710.00,836.00],
*****************************t=25*****************************
26 generation time: 2.53 s
[3450.00,30.00],
[2770.00,236.00],
[3370.00,62.00],
[3022.00,134.00],
[4024.00,22.00],
[3050.00,78.00],
[3010.00,196.00],
[2772.00,204.00],
[2710.00,836.00],
*****************************t=26*****************************
27 generation time: 2.62 s
[3450.00,30.00],
[2770.00,236.00],
[3370.00,62.00],
[3022.00,134.00],
[4024.00,22.00],
[3050.00,78.00],
[3010.00,196.00],
[2772.00,204.00],
[2710.00,836.00],
*****************************t=27*****************************
time to convergence: 2.68 s	
28 generation time: 2.71 s
[3450.00,30.00],
[2770.00,236.00],
[3370.00,62.00],
[3022.00,134.00],
[4024.00,22.00],
[3050.00,78.00],
[3010.00,196.00],
[2772.00,204.00],
[2710.00,836.00],
[2748.00,260.00],
*****************************t=28*****************************
29 generation time: 2.82 s
[3450.00,30.00],
[2770.00,236.00],
[3370.00,62.00],
[3022.00,134.00],
[4024.00,22.00],
[3050.00,78.00],
[3010.00,196.00],
[2772.00,204.00],
[2652.00,394.00],
[2748.00,260.00],
*****************************t=29*****************************
time to convergence: 2.90 s	
30 generation time: 2.93 s
[3450.00,30.00],
[2770.00,236.00],
[3370.00,62.00],
[3022.00,134.00],
[4024.00,22.00],
[3050.00,78.00],
[3010.00,196.00],
[2772.00,204.00],
[2652.00,394.00],
[2748.00,260.00],
[2712.00,308.00],
*****************************t=30*****************************
31 generation time: 3.03 s
[3450.00,30.00],
[2770.00,236.00],
[3370.00,62.00],
[3022.00,134.00],
[4024.00,22.00],
[3050.00,78.00],
[3010.00,196.00],
[2772.00,204.00],
[2652.00,394.00],
[2748.00,260.00],
[2712.00,308.00],
*****************************t=31*****************************
32 generation time: 3.13 s
[3450.00,30.00],
[2770.00,236.00],
[3370.00,62.00],
[3022.00,134.00],
[4008.00,22.00],
[3050.00,78.00],
[3010.00,196.00],
[2772.00,204.00],
[2652.00,394.00],
[2748.00,260.00],
[2712.00,308.00],
*****************************t=32*****************************
time to convergence: 3.20 s	
33 generation time: 3.23 s
[3450.00,30.00],
[2770.00,236.00],
[3370.00,62.00],
[3022.00,134.00],
[4008.00,22.00],
[3050.00,78.00],
[2792.00,196.00],
[2772.00,204.00],
[2652.00,394.00],
[2748.00,260.00],
[2712.00,308.00],
[2568.00,594.00],
*****************************t=33*****************************
time to convergence: 3.30 s	
34 generation time: 3.33 s
[3450.00,30.00],
[2770.00,236.00],
[3370.00,62.00],
[3022.00,134.00],
[4008.00,22.00],
[3050.00,78.00],
[2792.00,196.00],
[2772.00,204.00],
[2652.00,394.00],
[2748.00,260.00],
[2712.00,308.00],
[2568.00,594.00],
[3400.00,46.00],
*****************************t=34*****************************
time to convergence: 3.40 s	
35 generation time: 3.43 s
[3450.00,30.00],
[2770.00,236.00],
[3370.00,62.00],
[3022.00,134.00],
[4008.00,22.00],
[3050.00,78.00],
[2792.00,196.00],
[2772.00,204.00],
[2652.00,394.00],
[2748.00,260.00],
[2712.00,308.00],
[2568.00,594.00],
[3400.00,46.00],
[2630.00,412.00],
*****************************t=35*****************************
36 generation time: 3.53 s
[3450.00,30.00],
[2770.00,236.00],
[3370.00,62.00],
[3022.00,134.00],
[4008.00,22.00],
[3050.00,78.00],
[2792.00,196.00],
[2772.00,204.00],
[2608.00,242.00],
[2568.00,594.00],
[3400.00,46.00],
*****************************t=36*****************************
time to convergence: 3.61 s	
time to convergence: 3.61 s	
37 generation time: 3.65 s
[3450.00,30.00],
[2770.00,236.00],
[3370.00,62.00],
[3022.00,134.00],
[4008.00,22.00],
[3050.00,78.00],
[2792.00,196.00],
[2772.00,204.00],
[2608.00,242.00],
[2568.00,594.00],
[3400.00,46.00],
[2586.00,482.00],
[3432.00,38.00],
*****************************t=37*****************************
time to convergence: 3.71 s	
38 generation time: 3.74 s
[3450.00,30.00],
[2770.00,236.00],
[3370.00,62.00],
[3022.00,134.00],
[4008.00,22.00],
[3050.00,78.00],
[2792.00,196.00],
[2772.00,204.00],
[2608.00,242.00],
[2568.00,594.00],
[3400.00,46.00],
[2586.00,482.00],
[3432.00,38.00],
[2606.00,420.00],
*****************************t=38*****************************
time to convergence: 3.80 s	
39 generation time: 3.84 s
[3450.00,30.00],
[2770.00,236.00],
[3370.00,62.00],
[3022.00,134.00],
[4008.00,22.00],
[3050.00,78.00],
[2792.00,196.00],
[2772.00,204.00],
[2608.00,242.00],
[2568.00,594.00],
[3400.00,46.00],
[2586.00,482.00],
[3432.00,38.00],
[2606.00,420.00],
[2886.00,174.00],
*****************************t=39*****************************
40 generation time: 3.95 s
[2984.00,22.00],
[2770.00,236.00],
[2792.00,196.00],
[2772.00,204.00],
[2608.00,242.00],
[2470.00,484.00],
[2586.00,482.00],
[2606.00,420.00],
[2886.00,174.00],
*****************************t=40*****************************
41 generation time: 4.07 s
[2984.00,22.00],
[2770.00,236.00],
[2792.00,196.00],
[2772.00,204.00],
[2608.00,242.00],
[2470.00,484.00],
[2586.00,482.00],
[2606.00,420.00],
[2832.00,110.00],
*****************************t=41*****************************
42 generation time: 4.18 s
[2984.00,22.00],
[2610.00,180.00],
[2608.00,242.00],
[2470.00,484.00],
[2586.00,482.00],
[2606.00,420.00],
[2832.00,110.00],
*****************************t=42*****************************
43 generation time: 4.28 s
[2984.00,22.00],
[2610.00,180.00],
[2608.00,242.00],
[2470.00,484.00],
[2586.00,482.00],
[2606.00,420.00],
[2832.00,110.00],
*****************************t=43*****************************
44 generation time: 4.38 s
[2984.00,22.00],
[2610.00,180.00],
[2608.00,242.00],
[2470.00,484.00],
[2586.00,482.00],
[2606.00,420.00],
[2832.00,110.00],
*****************************t=44*****************************
45 generation time: 4.49 s
[2984.00,22.00],
[2610.00,180.00],
[2608.00,242.00],
[2470.00,484.00],
[2586.00,482.00],
[2606.00,420.00],
[2832.00,110.00],
*****************************t=45*****************************
46 generation time: 4.60 s
[2984.00,22.00],
[2610.00,180.00],
[2608.00,242.00],
[2462.00,308.00],
[2832.00,110.00],
*****************************t=46*****************************
47 generation time: 4.71 s
[2984.00,22.00],
[2610.00,180.00],
[2608.00,242.00],
[2462.00,308.00],
[2832.00,110.00],
*****************************t=47*****************************
48 generation time: 4.81 s
[2984.00,22.00],
[2610.00,180.00],
[2608.00,242.00],
[2462.00,308.00],
[2832.00,110.00],
*****************************t=48*****************************
49 generation time: 4.91 s
[2984.00,22.00],
[2610.00,180.00],
[2608.00,242.00],
[2462.00,308.00],
[2832.00,110.00],
*****************************t=49*****************************
time to convergence: 4.98 s	
50 generation time: 5.02 s
[2984.00,22.00],
[2610.00,180.00],
[2608.00,242.00],
[2462.00,308.00],
[2832.00,110.00],
[2416.00,324.00],
*****************************t=50*****************************
51 generation time: 5.12 s
[2984.00,22.00],
[2610.00,180.00],
[2608.00,242.00],
[2462.00,308.00],
[2832.00,110.00],
[2416.00,324.00],
*****************************t=51*****************************
52 generation time: 5.22 s
[2984.00,22.00],
[2610.00,180.00],
[2608.00,242.00],
[2462.00,308.00],
[2832.00,110.00],
[2416.00,324.00],
*****************************t=52*****************************
53 generation time: 5.32 s
[2984.00,22.00],
[2610.00,180.00],
[2608.00,242.00],
[2462.00,308.00],
[2832.00,110.00],
[2416.00,324.00],
*****************************t=53*****************************
54 generation time: 5.44 s
[2984.00,22.00],
[2610.00,180.00],
[2608.00,242.00],
[2462.00,308.00],
[2832.00,110.00],
[2416.00,324.00],
*****************************t=54*****************************
55 generation time: 5.55 s
[2984.00,22.00],
[2610.00,180.00],
[2608.00,242.00],
[2462.00,308.00],
[2832.00,110.00],
[2416.00,324.00],
*****************************t=55*****************************
56 generation time: 5.67 s
[2984.00,22.00],
[2610.00,180.00],
[2608.00,242.00],
[2462.00,308.00],
[2832.00,110.00],
[2416.00,324.00],
*****************************t=56*****************************
57 generation time: 5.78 s
[2984.00,22.00],
[2610.00,180.00],
[2608.00,242.00],
[2462.00,308.00],
[2832.00,110.00],
[2416.00,324.00],
*****************************t=57*****************************
58 generation time: 5.90 s
[2984.00,22.00],
[2610.00,180.00],
[2608.00,242.00],
[2462.00,308.00],
[2832.00,110.00],
[2416.00,324.00],
*****************************t=58*****************************
59 generation time: 6.01 s
[2984.00,22.00],
[2610.00,180.00],
[2608.00,242.00],
[2462.00,308.00],
[2832.00,110.00],
[2416.00,324.00],
*****************************t=59*****************************
60 generation time: 6.14 s
[2984.00,22.00],
[2610.00,180.00],
[2608.00,242.00],
[2462.00,308.00],
[2832.00,110.00],
[2416.00,324.00],
*****************************t=60*****************************
61 generation time: 6.26 s
[2984.00,22.00],
[2610.00,180.00],
[2608.00,242.00],
[2462.00,308.00],
[2832.00,110.00],
[2416.00,324.00],
*****************************t=61*****************************
62 generation time: 6.37 s
[2984.00,22.00],
[2610.00,180.00],
[2608.00,242.00],
[2462.00,308.00],
[2832.00,110.00],
[2416.00,324.00],
*****************************t=62*****************************
63 generation time: 6.49 s
[2984.00,22.00],
[2610.00,180.00],
[2608.00,242.00],
[2462.00,308.00],
[2832.00,110.00],
[2416.00,324.00],
*****************************t=63*****************************
64 generation time: 6.60 s
[2984.00,22.00],
[2610.00,180.00],
[2608.00,242.00],
[2462.00,308.00],
[2832.00,110.00],
[2416.00,324.00],
*****************************t=64*****************************
65 generation time: 6.69 s
[2984.00,22.00],
[2610.00,180.00],
[2608.00,242.00],
[2462.00,308.00],
[2832.00,110.00],
[2416.00,324.00],
*****************************t=65*****************************
66 generation time: 6.79 s
[2984.00,22.00],
[2610.00,180.00],
[2608.00,242.00],
[2462.00,308.00],
[2832.00,110.00],
[2416.00,324.00],
*****************************t=66*****************************
67 generation time: 6.91 s
[2984.00,22.00],
[2610.00,180.00],
[2608.00,242.00],
[2462.00,308.00],
[2832.00,110.00],
[2416.00,324.00],
*****************************t=67*****************************
68 generation time: 7.02 s
[2984.00,22.00],
[2610.00,180.00],
[2608.00,242.00],
[2462.00,308.00],
[2832.00,110.00],
[2416.00,324.00],
*****************************t=68*****************************
69 generation time: 7.15 s
[2984.00,22.00],
[2610.00,180.00],
[2608.00,242.00],
[2462.00,308.00],
[2832.00,110.00],
[2416.00,324.00],
*****************************t=69*****************************
70 generation time: 7.27 s
[2984.00,22.00],
[2610.00,180.00],
[2608.00,242.00],
[2462.00,308.00],
[2832.00,110.00],
[2416.00,324.00],
*****************************t=70*****************************
71 generation time: 7.38 s
[2984.00,22.00],
[2610.00,180.00],
[2608.00,242.00],
[2462.00,308.00],
[2832.00,110.00],
[2416.00,324.00],
*****************************t=71*****************************
72 generation time: 7.49 s
[2984.00,22.00],
[2610.00,180.00],
[2608.00,242.00],
[2462.00,308.00],
[2832.00,110.00],
[2416.00,324.00],
*****************************t=72*****************************
73 generation time: 7.60 s
[2984.00,22.00],
[2610.00,180.00],
[2608.00,242.00],
[2462.00,308.00],
[2832.00,110.00],
[2416.00,324.00],
*****************************t=73*****************************
74 generation time: 7.72 s
[2984.00,22.00],
[2610.00,180.00],
[2608.00,242.00],
[2462.00,308.00],
[2832.00,110.00],
[2416.00,324.00],
*****************************t=74*****************************
75 generation time: 7.83 s
[2984.00,22.00],
[2610.00,180.00],
[2608.00,242.00],
[2462.00,308.00],
[2832.00,110.00],
[2416.00,324.00],
*****************************t=75*****************************
76 generation time: 7.93 s
[2984.00,22.00],
[2610.00,180.00],
[2608.00,242.00],
[2462.00,308.00],
[2832.00,110.00],
[2416.00,324.00],
*****************************t=76*****************************
77 generation time: 8.03 s
[2984.00,22.00],
[2610.00,180.00],
[2608.00,242.00],
[2462.00,308.00],
[2832.00,110.00],
[2416.00,324.00],
*****************************t=77*****************************
78 generation time: 8.16 s
[2984.00,22.00],
[2610.00,180.00],
[2608.00,242.00],
[2462.00,308.00],
[2832.00,110.00],
[2416.00,324.00],
*****************************t=78*****************************
79 generation time: 8.27 s
[2984.00,22.00],
[2610.00,180.00],
[2608.00,242.00],
[2462.00,308.00],
[2832.00,110.00],
[2416.00,324.00],
*****************************t=79*****************************
80 generation time: 8.36 s
[2984.00,22.00],
[2610.00,180.00],
[2608.00,242.00],
[2462.00,308.00],
[2832.00,110.00],
[2416.00,324.00],
*****************************t=80*****************************
81 generation time: 8.47 s
[2984.00,22.00],
[2610.00,180.00],
[2608.00,242.00],
[2462.00,308.00],
[2832.00,110.00],
[2416.00,324.00],
*****************************t=81*****************************
82 generation time: 8.58 s
[2984.00,22.00],
[2610.00,180.00],
[2608.00,242.00],
[2462.00,308.00],
[2832.00,110.00],
[2416.00,324.00],
*****************************t=82*****************************
time to convergence: 8.66 s	
83 generation time: 8.70 s
[2984.00,22.00],
[2610.00,180.00],
[2608.00,242.00],
[2462.00,308.00],
[2832.00,110.00],
[2416.00,324.00],
[2588.00,306.00],
*****************************t=83*****************************
84 generation time: 8.81 s
[2984.00,22.00],
[2610.00,180.00],
[2608.00,242.00],
[2462.00,308.00],
[2832.00,110.00],
[2416.00,324.00],
[2588.00,306.00],
*****************************t=84*****************************
85 generation time: 8.90 s
[2984.00,22.00],
[2610.00,180.00],
[2608.00,242.00],
[2436.00,260.00],
[2832.00,110.00],
[2416.00,324.00],
*****************************t=85*****************************
86 generation time: 9.02 s
[2984.00,22.00],
[2610.00,180.00],
[2608.00,242.00],
[2436.00,260.00],
[2832.00,110.00],
[2416.00,324.00],
*****************************t=86*****************************
87 generation time: 9.13 s
[2984.00,22.00],
[2610.00,180.00],
[2608.00,242.00],
[2436.00,260.00],
[2832.00,110.00],
[2416.00,324.00],
*****************************t=87*****************************
88 generation time: 9.24 s
[2984.00,22.00],
[2610.00,180.00],
[2608.00,242.00],
[2436.00,260.00],
[2832.00,110.00],
[2416.00,324.00],
*****************************t=88*****************************
89 generation time: 9.35 s
[2984.00,22.00],
[2610.00,180.00],
[2608.00,242.00],
[2436.00,260.00],
[2832.00,110.00],
[2416.00,324.00],
*****************************t=89*****************************
time to convergence: 9.41 s	
90 generation time: 9.45 s
[2984.00,22.00],
[2610.00,180.00],
[2608.00,242.00],
[2436.00,260.00],
[2832.00,110.00],
[2416.00,324.00],
[3356.00,20.00],
*****************************t=90*****************************
91 generation time: 9.55 s
[2984.00,22.00],
[2610.00,180.00],
[2608.00,242.00],
[2436.00,260.00],
[2832.00,110.00],
[2416.00,324.00],
[3356.00,20.00],
*****************************t=91*****************************
92 generation time: 9.65 s
[2984.00,22.00],
[2610.00,180.00],
[2608.00,242.00],
[2436.00,260.00],
[2832.00,110.00],
[2416.00,324.00],
[3356.00,20.00],
*****************************t=92*****************************
93 generation time: 9.77 s
[2984.00,22.00],
[2610.00,180.00],
[2608.00,242.00],
[2436.00,260.00],
[2832.00,110.00],
[2416.00,324.00],
[3356.00,20.00],
*****************************t=93*****************************
94 generation time: 9.87 s
[2984.00,22.00],
[2610.00,180.00],
[2608.00,242.00],
[2436.00,260.00],
[2832.00,110.00],
[2416.00,324.00],
[3356.00,20.00],
*****************************t=94*****************************
95 generation time: 9.97 s
[2984.00,22.00],
[2610.00,180.00],
[2608.00,242.00],
[2436.00,260.00],
[2832.00,110.00],
[2416.00,324.00],
[3356.00,20.00],
*****************************t=95*****************************
96 generation time: 10.07 s
[2984.00,22.00],
[2610.00,180.00],
[2608.00,242.00],
[2436.00,260.00],
[2832.00,110.00],
[2416.00,324.00],
[3356.00,20.00],
*****************************t=96*****************************
97 generation time: 10.18 s
[2984.00,22.00],
[2610.00,180.00],
[2608.00,242.00],
[2436.00,260.00],
[2832.00,110.00],
[2416.00,324.00],
[3356.00,20.00],
*****************************t=97*****************************
98 generation time: 10.28 s
[2984.00,22.00],
[2308.00,82.00],
[3356.00,20.00],
*****************************t=98*****************************
99 generation time: 10.38 s
[2984.00,22.00],
[2308.00,82.00],
[3356.00,20.00],
*****************************t=99*****************************
100 generation time: 10.48 s
[2984.00,22.00],
[2308.00,82.00],
[3356.00,20.00],
[2984.00,22.00],
[2308.00,82.00],
[3356.00,20.00],
tot = 3
total time: 10.56 s
