m = 4 n = 28
pop = 30 gen = 100
init...begin
init...done
*****************************t=0*****************************
time to convergence: 0.08 s	
time to convergence: 0.08 s	
time to convergence: 0.08 s	
time to convergence: 0.08 s	
time to convergence: 0.08 s	
1 generation time: 0.11 s
[20031.00,1664.00],
[26054.00,1000.00],
[18042.00,1836.00],
[27726.00,998.00],
[16696.00,2998.00],
[25376.00,1002.00],
*****************************t=1*****************************
2 generation time: 0.22 s
[20031.00,1664.00],
[23376.00,494.00],
[18030.00,1828.00],
[16696.00,2998.00],
*****************************t=2*****************************
time to convergence: 0.30 s	
time to convergence: 0.30 s	
3 generation time: 0.34 s
[20031.00,1664.00],
[23376.00,494.00],
[18030.00,1828.00],
[16696.00,2998.00],
[22377.00,500.00],
[16706.00,2330.00],
*****************************t=3*****************************
time to convergence: 0.41 s	
4 generation time: 0.45 s
[19364.00,1160.00],
[23376.00,494.00],
[18030.00,1828.00],
[16696.00,2998.00],
[22377.00,500.00],
[16706.00,2330.00],
[22372.00,504.00],
*****************************t=4*****************************
time to convergence: 0.53 s	
time to convergence: 0.53 s	
5 generation time: 0.56 s
[19364.00,1160.00],
[23376.00,494.00],
[18030.00,1828.00],
[16696.00,2998.00],
[22377.00,500.00],
[16706.00,2330.00],
[22372.00,504.00],
[22051.00,1000.00],
[22730.00,498.00],
*****************************t=5*****************************
6 generation time: 0.67 s
[17693.00,998.00],
[23376.00,494.00],
[16696.00,2998.00],
[22377.00,500.00],
[16706.00,2330.00],
[22372.00,504.00],
[22730.00,498.00],
*****************************t=6*****************************
7 generation time: 0.77 s
[17693.00,998.00],
[23376.00,494.00],
[16696.00,2998.00],
[22377.00,500.00],
[16699.00,2330.00],
[22372.00,504.00],
[22730.00,498.00],
*****************************t=7*****************************
8 generation time: 0.87 s
[17693.00,998.00],
[23376.00,494.00],
[16696.00,2998.00],
[22377.00,500.00],
[16699.00,2330.00],
[22372.00,504.00],
[22730.00,498.00],
*****************************t=8*****************************
time to convergence: 0.94 s	
9 generation time: 0.97 s
[17693.00,998.00],
[23376.00,494.00],
[15350.00,1662.00],
[22377.00,500.00],
[22372.00,504.00],
[22730.00,498.00],
[21037.00,994.00],
*****************************t=9*****************************
10 generation time: 1.07 s
[17024.00,998.00],
[23376.00,494.00],
[15350.00,1662.00],
[22377.00,500.00],
[22372.00,504.00],
[22730.00,498.00],
[20709.00,994.00],
*****************************t=10*****************************
11 generation time: 1.16 s
[17024.00,998.00],
[23376.00,494.00],
[15350.00,1662.00],
[22377.00,500.00],
[22372.00,504.00],
[22730.00,498.00],
[20709.00,994.00],
*****************************t=11*****************************
12 generation time: 1.28 s
[17024.00,998.00],
[23376.00,494.00],
[15350.00,1662.00],
[22377.00,500.00],
[22372.00,504.00],
[22730.00,498.00],
[20709.00,994.00],
*****************************t=12*****************************
13 generation time: 1.39 s
[17024.00,998.00],
[23376.00,494.00],
[15350.00,1662.00],
[22377.00,500.00],
[22372.00,504.00],
[22730.00,498.00],
[20709.00,994.00],
*****************************t=13*****************************
time to convergence: 1.46 s	
time to convergence: 1.46 s	
14 generation time: 1.51 s
[17024.00,998.00],
[23376.00,494.00],
[15350.00,1662.00],
[22377.00,500.00],
[22372.00,504.00],
[22730.00,498.00],
[20709.00,994.00],
[22038.00,990.00],
[13021.00,2500.00],
*****************************t=14*****************************
15 generation time: 1.61 s
[17024.00,998.00],
[23376.00,494.00],
[15350.00,1662.00],
[22377.00,500.00],
[22372.00,504.00],
[22730.00,498.00],
[20709.00,994.00],
[22038.00,990.00],
[13021.00,2500.00],
*****************************t=15*****************************
16 generation time: 1.72 s
[17024.00,998.00],
[23376.00,494.00],
[15350.00,1662.00],
[22377.00,500.00],
[22372.00,504.00],
[22730.00,498.00],
[20709.00,994.00],
[22038.00,990.00],
[13021.00,2500.00],
*****************************t=16*****************************
time to convergence: 1.80 s	
17 generation time: 1.83 s
[17024.00,998.00],
[23376.00,494.00],
[15350.00,1662.00],
[22377.00,500.00],
[22372.00,504.00],
[22730.00,498.00],
[20709.00,994.00],
[22038.00,990.00],
[13021.00,2500.00],
[20373.00,996.00],
*****************************t=17*****************************
18 generation time: 1.94 s
[17024.00,998.00],
[23376.00,494.00],
[15350.00,1662.00],
[22377.00,500.00],
[22372.00,504.00],
[22730.00,498.00],
[20698.00,990.00],
[13021.00,2500.00],
[20373.00,996.00],
*****************************t=18*****************************
time to convergence: 2.03 s	
19 generation time: 2.06 s
[17024.00,998.00],
[23376.00,494.00],
[15350.00,1662.00],
[22377.00,500.00],
[20371.00,504.00],
[22730.00,498.00],
[13021.00,2500.00],
[14014.00,2158.00],
*****************************t=19*****************************
time to convergence: 2.13 s	
20 generation time: 2.16 s
[17024.00,998.00],
[23376.00,494.00],
[15350.00,1662.00],
[22377.00,500.00],
[20371.00,504.00],
[22730.00,498.00],
[13021.00,2500.00],
[14014.00,2158.00],
[16700.00,1160.00],
*****************************t=20*****************************
21 generation time: 2.27 s
[17024.00,998.00],
[23376.00,494.00],
[15350.00,1662.00],
[22377.00,500.00],
[20371.00,504.00],
[22730.00,498.00],
[13021.00,2500.00],
[14014.00,2158.00],
[16700.00,1160.00],
*****************************t=21*****************************
22 generation time: 2.37 s
[17024.00,998.00],
[23376.00,494.00],
[15346.00,1662.00],
[22377.00,500.00],
[20371.00,504.00],
[22730.00,498.00],
[13021.00,2500.00],
[14014.00,2158.00],
[16700.00,1160.00],
*****************************t=22*****************************
time to convergence: 2.43 s	
23 generation time: 2.47 s
[17024.00,998.00],
[23376.00,494.00],
[15346.00,1662.00],
[19727.00,496.00],
[13021.00,2500.00],
[14014.00,2158.00],
[16700.00,1160.00],
[18371.00,996.00],
*****************************t=23*****************************
24 generation time: 2.58 s
[15689.00,994.00],
[23376.00,494.00],
[15346.00,1662.00],
[19035.00,496.00],
[13021.00,2500.00],
[14014.00,2158.00],
*****************************t=24*****************************
25 generation time: 2.69 s
[15689.00,994.00],
[23376.00,494.00],
[15346.00,1662.00],
[19035.00,496.00],
[13021.00,2500.00],
[14014.00,2158.00],
*****************************t=25*****************************
26 generation time: 2.81 s
[15689.00,994.00],
[23376.00,494.00],
[15346.00,1662.00],
[19035.00,496.00],
[13021.00,2500.00],
[14014.00,2158.00],
*****************************t=26*****************************
27 generation time: 2.92 s
[15689.00,994.00],
[23376.00,494.00],
[15346.00,1662.00],
[19035.00,496.00],
[13021.00,2500.00],
[14014.00,2158.00],
*****************************t=27*****************************
time to convergence: 2.99 s	
28 generation time: 3.04 s
[15689.00,994.00],
[23376.00,494.00],
[15346.00,1662.00],
[19035.00,496.00],
[13021.00,2500.00],
[14014.00,2158.00],
[18695.00,990.00],
*****************************t=28*****************************
29 generation time: 3.14 s
[15689.00,994.00],
[23376.00,494.00],
[15346.00,1662.00],
[19035.00,496.00],
[13021.00,2500.00],
[14014.00,2158.00],
[18695.00,990.00],
*****************************t=29*****************************
30 generation time: 3.24 s
[15689.00,994.00],
[23376.00,494.00],
[15346.00,1662.00],
[19035.00,496.00],
[13021.00,2500.00],
[14014.00,2158.00],
[18695.00,990.00],
*****************************t=30*****************************
31 generation time: 3.36 s
[15689.00,994.00],
[23376.00,494.00],
[15346.00,1662.00],
[19035.00,496.00],
[13021.00,2500.00],
[14014.00,2158.00],
[18695.00,990.00],
*****************************t=31*****************************
time to convergence: 3.43 s	
32 generation time: 3.46 s
[15689.00,994.00],
[23376.00,494.00],
[15346.00,1662.00],
[19035.00,496.00],
[13021.00,2500.00],
[14014.00,2158.00],
[18695.00,990.00],
[16025.00,992.00],
*****************************t=32*****************************
33 generation time: 3.56 s
[15689.00,994.00],
[23374.00,494.00],
[15346.00,1662.00],
[19035.00,496.00],
[13021.00,2500.00],
[14014.00,2158.00],
[18695.00,990.00],
[16025.00,992.00],
*****************************t=33*****************************
34 generation time: 3.67 s
[15689.00,994.00],
[23374.00,494.00],
[15346.00,1662.00],
[19035.00,496.00],
[13021.00,2500.00],
[13346.00,2156.00],
[18695.00,990.00],
[16025.00,992.00],
*****************************t=34*****************************
35 generation time: 3.79 s
[15689.00,994.00],
[23374.00,494.00],
[15346.00,1662.00],
[19035.00,496.00],
[13021.00,2500.00],
[13346.00,2156.00],
[18695.00,990.00],
[16025.00,992.00],
*****************************t=35*****************************
36 generation time: 3.90 s
[15689.00,994.00],
[23374.00,494.00],
[15346.00,1662.00],
[19035.00,496.00],
[13021.00,2500.00],
[13346.00,2156.00],
[18695.00,990.00],
[16025.00,992.00],
*****************************t=36*****************************
37 generation time: 4.01 s
[15689.00,994.00],
[20696.00,494.00],
[15346.00,1662.00],
[19035.00,496.00],
[13021.00,2500.00],
[13346.00,2156.00],
[18695.00,990.00],
[16025.00,992.00],
*****************************t=37*****************************
time to convergence: 4.09 s	
38 generation time: 4.12 s
[15689.00,994.00],
[20696.00,494.00],
[15346.00,1662.00],
[19035.00,496.00],
[13021.00,2500.00],
[13346.00,2156.00],
[18695.00,990.00],
[16025.00,992.00],
[15366.00,1660.00],
*****************************t=38*****************************
39 generation time: 4.22 s
[15689.00,994.00],
[20696.00,494.00],
[15346.00,1662.00],
[19035.00,496.00],
[13021.00,2500.00],
[13346.00,2156.00],
[18695.00,990.00],
[16025.00,992.00],
[15366.00,1660.00],
*****************************t=39*****************************
40 generation time: 4.32 s
[15689.00,994.00],
[20696.00,494.00],
[15346.00,1662.00],
[19035.00,496.00],
[13021.00,2500.00],
[13346.00,2156.00],
[18695.00,990.00],
[16025.00,992.00],
[15366.00,1660.00],
*****************************t=40*****************************
41 generation time: 4.43 s
[15689.00,994.00],
[20696.00,494.00],
[15346.00,1662.00],
[19035.00,496.00],
[13021.00,2500.00],
[13346.00,2156.00],
[18695.00,990.00],
[16025.00,992.00],
[15366.00,1660.00],
*****************************t=41*****************************
42 generation time: 4.54 s
[15689.00,994.00],
[20696.00,494.00],
[14363.00,1660.00],
[19035.00,496.00],
[13021.00,2500.00],
[13346.00,2156.00],
[18695.00,990.00],
[16025.00,992.00],
*****************************t=42*****************************
43 generation time: 4.66 s
[15689.00,994.00],
[20696.00,494.00],
[14363.00,1660.00],
[19035.00,496.00],
[13021.00,2500.00],
[13346.00,2156.00],
[18695.00,990.00],
[16025.00,992.00],
*****************************t=43*****************************
44 generation time: 4.75 s
[15689.00,994.00],
[20696.00,494.00],
[14363.00,1660.00],
[17697.00,496.00],
[13021.00,2500.00],
[13346.00,2156.00],
[16025.00,992.00],
*****************************t=44*****************************
45 generation time: 4.86 s
[15689.00,994.00],
[20696.00,494.00],
[14363.00,1660.00],
[17697.00,496.00],
[13021.00,2500.00],
[13346.00,2156.00],
[16025.00,992.00],
*****************************t=45*****************************
46 generation time: 4.96 s
[15689.00,994.00],
[20696.00,494.00],
[14363.00,1660.00],
[17697.00,496.00],
[13021.00,2500.00],
[13346.00,2156.00],
[16025.00,992.00],
*****************************t=46*****************************
47 generation time: 5.07 s
[15689.00,994.00],
[20696.00,494.00],
[14363.00,1660.00],
[17697.00,496.00],
[13021.00,2500.00],
[13346.00,2156.00],
[16025.00,992.00],
*****************************t=47*****************************
48 generation time: 5.17 s
[15689.00,994.00],
[20696.00,494.00],
[14363.00,1660.00],
[17697.00,496.00],
[13021.00,2500.00],
[13346.00,2156.00],
[16025.00,992.00],
*****************************t=48*****************************
49 generation time: 5.28 s
[15689.00,994.00],
[20696.00,494.00],
[14363.00,1660.00],
[17697.00,496.00],
[13021.00,2500.00],
[13346.00,2156.00],
[16025.00,992.00],
*****************************t=49*****************************
50 generation time: 5.39 s
[15689.00,994.00],
[20696.00,494.00],
[14363.00,1660.00],
[17697.00,496.00],
[13021.00,2500.00],
[13346.00,2156.00],
[16025.00,992.00],
*****************************t=50*****************************
51 generation time: 5.49 s
[15689.00,994.00],
[20696.00,494.00],
[14363.00,1660.00],
[17697.00,496.00],
[13021.00,2500.00],
[13346.00,2156.00],
[16025.00,992.00],
*****************************t=51*****************************
52 generation time: 5.60 s
[15689.00,994.00],
[20696.00,494.00],
[14363.00,1660.00],
[17697.00,496.00],
[13021.00,2500.00],
[13346.00,2156.00],
[16025.00,992.00],
*****************************t=52*****************************
53 generation time: 5.70 s
[15689.00,994.00],
[20696.00,494.00],
[14363.00,1660.00],
[17697.00,496.00],
[13021.00,2500.00],
[13346.00,2156.00],
[16025.00,992.00],
*****************************t=53*****************************
54 generation time: 5.80 s
[15689.00,994.00],
[20032.00,494.00],
[14363.00,1660.00],
[17697.00,496.00],
[13021.00,2500.00],
[13346.00,2156.00],
[16025.00,992.00],
*****************************t=54*****************************
55 generation time: 5.90 s
[15689.00,994.00],
[20032.00,494.00],
[14363.00,1660.00],
[17697.00,496.00],
[13021.00,2500.00],
[13346.00,2156.00],
[16025.00,992.00],
*****************************t=55*****************************
56 generation time: 6.01 s
[15689.00,994.00],
[20032.00,494.00],
[14363.00,1660.00],
[17697.00,496.00],
[13021.00,2500.00],
[13346.00,2156.00],
[16025.00,992.00],
*****************************t=56*****************************
57 generation time: 6.12 s
[15689.00,994.00],
[18030.00,494.00],
[14363.00,1660.00],
[17697.00,496.00],
[13021.00,2500.00],
[13346.00,2156.00],
[16025.00,992.00],
*****************************t=57*****************************
58 generation time: 6.22 s
[14690.00,498.00],
[18030.00,494.00],
[14363.00,1660.00],
[17697.00,496.00],
[13021.00,2500.00],
[13346.00,2156.00],
*****************************t=58*****************************
59 generation time: 6.32 s
[14690.00,498.00],
[18030.00,494.00],
[14363.00,1660.00],
[17697.00,496.00],
[13021.00,2500.00],
[13346.00,2156.00],
*****************************t=59*****************************
time to convergence: 6.39 s	
60 generation time: 6.42 s
[14690.00,498.00],
[18030.00,494.00],
[14363.00,1660.00],
[17697.00,496.00],
[13021.00,2500.00],
[13346.00,2156.00],
[12683.00,3660.00],
*****************************t=60*****************************
61 generation time: 6.52 s
[14690.00,498.00],
[18030.00,494.00],
[14363.00,1660.00],
[17697.00,496.00],
[13021.00,2500.00],
[13346.00,2156.00],
[12683.00,3660.00],
*****************************t=61*****************************
62 generation time: 6.64 s
[14690.00,498.00],
[18030.00,494.00],
[14363.00,1660.00],
[17697.00,496.00],
[13021.00,2500.00],
[13346.00,2156.00],
[12683.00,3660.00],
*****************************t=62*****************************
63 generation time: 6.75 s
[14690.00,498.00],
[18030.00,494.00],
[14363.00,1660.00],
[17697.00,496.00],
[13021.00,2500.00],
[13346.00,2156.00],
[12683.00,3660.00],
*****************************t=63*****************************
64 generation time: 6.86 s
[14690.00,498.00],
[18030.00,494.00],
[14363.00,1660.00],
[17697.00,496.00],
[13021.00,2500.00],
[13346.00,2156.00],
[12683.00,3660.00],
*****************************t=64*****************************
65 generation time: 6.95 s
[14690.00,498.00],
[18030.00,494.00],
[14363.00,1660.00],
[17697.00,496.00],
[12691.00,1826.00],
[12683.00,3660.00],
*****************************t=65*****************************
66 generation time: 7.05 s
[14690.00,498.00],
[18030.00,494.00],
[14363.00,1660.00],
[17697.00,496.00],
[12686.00,1662.00],
[12683.00,3660.00],
*****************************t=66*****************************
67 generation time: 7.15 s
[14690.00,498.00],
[17695.00,494.00],
[14363.00,1660.00],
[12686.00,1662.00],
[12683.00,3660.00],
*****************************t=67*****************************
68 generation time: 7.26 s
[14690.00,498.00],
[17366.00,494.00],
[14363.00,1660.00],
[12686.00,1662.00],
[12683.00,3660.00],
*****************************t=68*****************************
69 generation time: 7.36 s
[14690.00,498.00],
[17366.00,494.00],
[14363.00,1660.00],
[12686.00,1662.00],
[12683.00,3660.00],
*****************************t=69*****************************
70 generation time: 7.46 s
[14690.00,498.00],
[17366.00,494.00],
[14363.00,1660.00],
[12686.00,1662.00],
[12680.00,2326.00],
*****************************t=70*****************************
71 generation time: 7.56 s
[14690.00,498.00],
[17366.00,494.00],
[14363.00,1660.00],
[12686.00,1662.00],
[12680.00,2326.00],
*****************************t=71*****************************
72 generation time: 7.69 s
[14690.00,498.00],
[17366.00,494.00],
[14363.00,1660.00],
[12686.00,1662.00],
[12680.00,2326.00],
*****************************t=72*****************************
73 generation time: 7.80 s
[14690.00,498.00],
[17366.00,494.00],
[14363.00,1660.00],
[12686.00,1662.00],
[12680.00,2326.00],
*****************************t=73*****************************
74 generation time: 7.91 s
[14690.00,498.00],
[17366.00,494.00],
[14363.00,1660.00],
[12686.00,1662.00],
[12680.00,2326.00],
*****************************t=74*****************************
75 generation time: 8.01 s
[14690.00,498.00],
[17366.00,494.00],
[14363.00,1660.00],
[12686.00,1662.00],
[12680.00,2326.00],
*****************************t=75*****************************
76 generation time: 8.13 s
[14690.00,498.00],
[17366.00,494.00],
[14363.00,1660.00],
[12686.00,1662.00],
[12680.00,2326.00],
*****************************t=76*****************************
77 generation time: 8.23 s
[14690.00,498.00],
[17366.00,494.00],
[14363.00,1660.00],
[12686.00,1662.00],
[12680.00,2326.00],
*****************************t=77*****************************
time to convergence: 8.30 s	
78 generation time: 8.34 s
[14690.00,498.00],
[17366.00,494.00],
[14363.00,1660.00],
[12686.00,1662.00],
[12680.00,2326.00],
[14684.00,994.00],
*****************************t=78*****************************
79 generation time: 8.47 s
[14690.00,494.00],
[14363.00,1660.00],
[12686.00,1662.00],
[12680.00,2326.00],
[14684.00,994.00],
*****************************t=79*****************************
80 generation time: 8.56 s
[14690.00,494.00],
[14363.00,1660.00],
[12686.00,1662.00],
[12680.00,2326.00],
[14684.00,994.00],
*****************************t=80*****************************
81 generation time: 8.66 s
[14690.00,494.00],
[14363.00,1660.00],
[12686.00,1662.00],
[12680.00,2326.00],
[14684.00,994.00],
*****************************t=81*****************************
82 generation time: 8.76 s
[14690.00,494.00],
[14363.00,1660.00],
[12686.00,1662.00],
[12680.00,2326.00],
[14684.00,994.00],
*****************************t=82*****************************
83 generation time: 8.88 s
[14690.00,494.00],
[14363.00,1660.00],
[12686.00,1662.00],
[12680.00,2326.00],
[14684.00,994.00],
*****************************t=83*****************************
84 generation time: 8.97 s
[14690.00,494.00],
[14363.00,1660.00],
[12686.00,1662.00],
[12680.00,2326.00],
[14684.00,994.00],
*****************************t=84*****************************
85 generation time: 9.08 s
[14690.00,494.00],
[14363.00,1660.00],
[12686.00,1662.00],
[12680.00,2326.00],
[14684.00,994.00],
*****************************t=85*****************************
86 generation time: 9.18 s
[14690.00,494.00],
[14363.00,1660.00],
[12686.00,1662.00],
[12680.00,2326.00],
[14684.00,994.00],
*****************************t=86*****************************
87 generation time: 9.30 s
[14690.00,494.00],
[14363.00,1660.00],
[12686.00,1662.00],
[12680.00,2326.00],
[14684.00,994.00],
*****************************t=87*****************************
88 generation time: 9.40 s
[14690.00,494.00],
[14017.00,1160.00],
[12686.00,1662.00],
[12680.00,2326.00],
[14684.00,994.00],
*****************************t=88*****************************
89 generation time: 9.51 s
[14690.00,494.00],
[14017.00,1160.00],
[12686.00,1662.00],
[12680.00,2326.00],
[14684.00,994.00],
*****************************t=89*****************************
90 generation time: 9.60 s
[14690.00,494.00],
[14017.00,1160.00],
[12686.00,1662.00],
[12680.00,2326.00],
[14684.00,994.00],
*****************************t=90*****************************
91 generation time: 9.72 s
[14690.00,494.00],
[13358.00,1160.00],
[12686.00,1662.00],
[12680.00,2326.00],
[14684.00,994.00],
*****************************t=91*****************************
92 generation time: 9.84 s
[14690.00,494.00],
[12368.00,1160.00],
[14684.00,994.00],
*****************************t=92*****************************
time to convergence: 9.90 s	
93 generation time: 9.95 s
[14690.00,494.00],
[12368.00,1160.00],
[14684.00,994.00],
[10692.00,2324.00],
*****************************t=93*****************************
94 generation time: 10.09 s
[14690.00,494.00],
[12368.00,1160.00],
[14684.00,994.00],
[10692.00,2324.00],
*****************************t=94*****************************
95 generation time: 10.24 s
[14690.00,494.00],
[12368.00,1160.00],
[14684.00,994.00],
[10692.00,2324.00],
*****************************t=95*****************************
96 generation time: 10.38 s
[14690.00,494.00],
[12368.00,1160.00],
[14684.00,994.00],
[10692.00,2324.00],
*****************************t=96*****************************
97 generation time: 10.49 s
[14690.00,494.00],
[12368.00,1160.00],
[14027.00,994.00],
[10692.00,2324.00],
*****************************t=97*****************************
98 generation time: 10.59 s
[14690.00,494.00],
[12019.00,992.00],
[10692.00,2324.00],
*****************************t=98*****************************
99 generation time: 10.70 s
[14690.00,494.00],
[12019.00,992.00],
[10692.00,2324.00],
*****************************t=99*****************************
100 generation time: 10.84 s
[14690.00,494.00],
[12019.00,992.00],
[10692.00,2324.00],
[14690.00,494.00],
[12019.00,992.00],
[10692.00,2324.00],
tot = 3
total time: 10.90 s
