m = 4 n = 28
pop = 30 gen = 100
init...begin
init...done
*****************************t=0*****************************
time to convergence: 0.08 s	
time to convergence: 0.08 s	
time to convergence: 0.08 s	
1 generation time: 0.09 s
[29392.00,506.00],
[20373.00,996.00],
[17369.00,2332.00],
[18050.00,998.00],
*****************************t=1*****************************
2 generation time: 0.19 s
[18377.00,498.00],
[16365.00,1830.00],
[18050.00,998.00],
*****************************t=2*****************************
3 generation time: 0.27 s
[18377.00,498.00],
[15690.00,1828.00],
[18050.00,998.00],
*****************************t=3*****************************
4 generation time: 0.36 s
[18377.00,498.00],
[15690.00,1828.00],
[18050.00,998.00],
*****************************t=4*****************************
time to convergence: 0.42 s	
5 generation time: 0.45 s
[18377.00,498.00],
[15690.00,1828.00],
[18050.00,998.00],
[25049.00,496.00],
*****************************t=5*****************************
6 generation time: 0.53 s
[18377.00,498.00],
[15690.00,1828.00],
[18050.00,998.00],
[25049.00,496.00],
*****************************t=6*****************************
7 generation time: 0.61 s
[18377.00,498.00],
[15690.00,1828.00],
[18050.00,998.00],
[25049.00,496.00],
*****************************t=7*****************************
time to convergence: 0.67 s	
8 generation time: 0.70 s
[18377.00,498.00],
[15690.00,1828.00],
[18050.00,998.00],
[24040.00,496.00],
[17694.00,1664.00],
*****************************t=8*****************************
time to convergence: 0.77 s	
time to convergence: 0.77 s	
9 generation time: 0.80 s
[18377.00,498.00],
[15690.00,1828.00],
[18050.00,998.00],
[24040.00,496.00],
[17694.00,1664.00],
[14361.00,2998.00],
[24710.00,494.00],
*****************************t=9*****************************
10 generation time: 0.88 s
[18377.00,498.00],
[15690.00,1828.00],
[18050.00,998.00],
[24040.00,496.00],
[17694.00,1664.00],
[14361.00,2998.00],
[24710.00,494.00],
*****************************t=10*****************************
11 generation time: 0.98 s
[18377.00,498.00],
[15690.00,1828.00],
[18050.00,998.00],
[24040.00,496.00],
[17694.00,1664.00],
[14361.00,2998.00],
[24710.00,494.00],
*****************************t=11*****************************
12 generation time: 1.07 s
[18377.00,498.00],
[15690.00,1828.00],
[18050.00,998.00],
[24040.00,496.00],
[17694.00,1664.00],
[14361.00,2998.00],
[24710.00,494.00],
*****************************t=12*****************************
13 generation time: 1.16 s
[18377.00,498.00],
[15690.00,1828.00],
[18050.00,998.00],
[23714.00,494.00],
[17694.00,1664.00],
[14361.00,2998.00],
*****************************t=13*****************************
14 generation time: 1.24 s
[18377.00,498.00],
[15690.00,1828.00],
[18027.00,996.00],
[23714.00,494.00],
[17694.00,1664.00],
[14361.00,2998.00],
*****************************t=14*****************************
15 generation time: 1.33 s
[18377.00,498.00],
[15690.00,1828.00],
[18027.00,996.00],
[23714.00,494.00],
[17694.00,1664.00],
[14361.00,2998.00],
*****************************t=15*****************************
16 generation time: 1.43 s
[18377.00,498.00],
[15690.00,1828.00],
[18027.00,996.00],
[23714.00,494.00],
[17027.00,1660.00],
[14361.00,2998.00],
*****************************t=16*****************************
17 generation time: 1.52 s
[18377.00,498.00],
[15690.00,1828.00],
[18027.00,996.00],
[23714.00,494.00],
[17027.00,1660.00],
[14361.00,2998.00],
*****************************t=17*****************************
18 generation time: 1.61 s
[18377.00,498.00],
[15690.00,1828.00],
[18027.00,996.00],
[23714.00,494.00],
[16366.00,1168.00],
[14361.00,2998.00],
*****************************t=18*****************************
time to convergence: 1.67 s	
19 generation time: 1.71 s
[18377.00,498.00],
[15690.00,1828.00],
[18027.00,996.00],
[23714.00,494.00],
[16366.00,1168.00],
[14361.00,2998.00],
[17358.00,1164.00],
*****************************t=19*****************************
time to convergence: 1.77 s	
20 generation time: 1.80 s
[18377.00,498.00],
[15690.00,1828.00],
[18027.00,996.00],
[23714.00,494.00],
[16366.00,1168.00],
[14361.00,2998.00],
[17358.00,1164.00],
[23043.00,496.00],
*****************************t=20*****************************
21 generation time: 1.89 s
[18377.00,498.00],
[15690.00,1828.00],
[18027.00,996.00],
[23714.00,494.00],
[16366.00,1168.00],
[14361.00,2998.00],
[17358.00,1164.00],
[23043.00,496.00],
*****************************t=21*****************************
time to convergence: 1.95 s	
22 generation time: 1.98 s
[18377.00,498.00],
[15690.00,1828.00],
[18027.00,996.00],
[21035.00,494.00],
[16366.00,1168.00],
[14361.00,2998.00],
[17358.00,1164.00],
[16381.00,1166.00],
*****************************t=22*****************************
23 generation time: 2.07 s
[18377.00,498.00],
[15690.00,1828.00],
[18027.00,996.00],
[18384.00,494.00],
[16366.00,1168.00],
[14361.00,2998.00],
[17358.00,1164.00],
[16381.00,1166.00],
*****************************t=23*****************************
24 generation time: 2.15 s
[18377.00,498.00],
[15690.00,1828.00],
[18027.00,996.00],
[18384.00,494.00],
[16366.00,1168.00],
[14361.00,2998.00],
[17358.00,1164.00],
[16381.00,1166.00],
*****************************t=24*****************************
25 generation time: 2.24 s
[18377.00,498.00],
[15373.00,1668.00],
[18027.00,996.00],
[18384.00,494.00],
[16366.00,1168.00],
[14361.00,2998.00],
[17358.00,1164.00],
[16381.00,1166.00],
*****************************t=25*****************************
26 generation time: 2.33 s
[18377.00,498.00],
[15373.00,1668.00],
[18027.00,996.00],
[18384.00,494.00],
[16366.00,1168.00],
[14361.00,2998.00],
[17358.00,1164.00],
[16381.00,1166.00],
*****************************t=26*****************************
time to convergence: 2.40 s	
time to convergence: 2.40 s	
27 generation time: 2.43 s
[18377.00,498.00],
[15373.00,1668.00],
[18027.00,996.00],
[18384.00,494.00],
[16366.00,1168.00],
[14361.00,2998.00],
[17357.00,1164.00],
[16381.00,1166.00],
[18020.00,998.00],
[16043.00,1666.00],
*****************************t=27*****************************
28 generation time: 2.52 s
[18377.00,498.00],
[15373.00,1668.00],
[18027.00,996.00],
[18384.00,494.00],
[16366.00,1168.00],
[14361.00,2998.00],
[17357.00,1164.00],
[16381.00,1166.00],
[18020.00,998.00],
[16043.00,1666.00],
*****************************t=28*****************************
29 generation time: 2.61 s
[18377.00,498.00],
[15373.00,1668.00],
[18027.00,996.00],
[18384.00,494.00],
[16366.00,1168.00],
[14361.00,2998.00],
[17357.00,1164.00],
[16381.00,1166.00],
[18020.00,998.00],
[16043.00,1666.00],
*****************************t=29*****************************
30 generation time: 2.70 s
[18377.00,498.00],
[15373.00,1668.00],
[18027.00,996.00],
[18384.00,494.00],
[16366.00,1168.00],
[14361.00,2998.00],
[17357.00,1164.00],
[16381.00,1166.00],
[18020.00,998.00],
[16043.00,1666.00],
*****************************t=30*****************************
31 generation time: 2.78 s
[18377.00,498.00],
[15373.00,1668.00],
[18027.00,996.00],
[18384.00,494.00],
[16366.00,1168.00],
[14361.00,2998.00],
[17357.00,1164.00],
[16381.00,1166.00],
[18020.00,998.00],
[16043.00,1666.00],
*****************************t=31*****************************
32 generation time: 2.88 s
[18377.00,498.00],
[15373.00,1668.00],
[18027.00,996.00],
[18384.00,494.00],
[16366.00,1168.00],
[14361.00,2998.00],
[17357.00,1164.00],
[16381.00,1166.00],
[18020.00,998.00],
[16043.00,1666.00],
*****************************t=32*****************************
33 generation time: 2.97 s
[18377.00,498.00],
[13683.00,1162.00],
[18027.00,996.00],
[18384.00,494.00],
[18020.00,998.00],
*****************************t=33*****************************
34 generation time: 3.05 s
[18377.00,498.00],
[13683.00,1162.00],
[18027.00,996.00],
[18384.00,494.00],
[18020.00,998.00],
*****************************t=34*****************************
35 generation time: 3.14 s
[18377.00,498.00],
[13683.00,1162.00],
[18027.00,996.00],
[18384.00,494.00],
[18020.00,998.00],
*****************************t=35*****************************
36 generation time: 3.24 s
[18377.00,498.00],
[13683.00,1162.00],
[18027.00,996.00],
[18384.00,494.00],
[18020.00,998.00],
*****************************t=36*****************************
37 generation time: 3.33 s
[18377.00,498.00],
[13683.00,1162.00],
[17693.00,996.00],
[18384.00,494.00],
*****************************t=37*****************************
38 generation time: 3.41 s
[18377.00,498.00],
[13683.00,1162.00],
[17693.00,996.00],
[18384.00,494.00],
*****************************t=38*****************************
39 generation time: 3.50 s
[18377.00,498.00],
[13683.00,1162.00],
[17693.00,996.00],
[18384.00,494.00],
*****************************t=39*****************************
40 generation time: 3.60 s
[18377.00,498.00],
[13683.00,1162.00],
[17693.00,996.00],
[18384.00,494.00],
*****************************t=40*****************************
time to convergence: 3.66 s	
41 generation time: 3.69 s
[18377.00,498.00],
[13683.00,1162.00],
[17374.00,500.00],
[18384.00,494.00],
[12680.00,1666.00],
*****************************t=41*****************************
42 generation time: 3.77 s
[18377.00,498.00],
[13683.00,1162.00],
[17374.00,500.00],
[18384.00,494.00],
[12680.00,1666.00],
*****************************t=42*****************************
43 generation time: 3.86 s
[18377.00,498.00],
[13683.00,1162.00],
[17374.00,500.00],
[18384.00,494.00],
[12680.00,1666.00],
*****************************t=43*****************************
44 generation time: 3.94 s
[18377.00,498.00],
[13683.00,1162.00],
[17374.00,500.00],
[18384.00,494.00],
[12680.00,1666.00],
*****************************t=44*****************************
45 generation time: 4.03 s
[18377.00,498.00],
[13683.00,1162.00],
[17374.00,500.00],
[18384.00,494.00],
[12680.00,1666.00],
*****************************t=45*****************************
46 generation time: 4.11 s
[18377.00,498.00],
[13683.00,1162.00],
[17374.00,500.00],
[18384.00,494.00],
[12680.00,1666.00],
*****************************t=46*****************************
47 generation time: 4.21 s
[18377.00,498.00],
[13683.00,1162.00],
[17374.00,500.00],
[18384.00,494.00],
[12680.00,1666.00],
*****************************t=47*****************************
48 generation time: 4.30 s
[18377.00,498.00],
[13683.00,1162.00],
[17374.00,500.00],
[18384.00,494.00],
[12680.00,1666.00],
*****************************t=48*****************************
49 generation time: 4.38 s
[18377.00,498.00],
[13683.00,1162.00],
[17374.00,500.00],
[18384.00,494.00],
[12680.00,1666.00],
*****************************t=49*****************************
50 generation time: 4.47 s
[18377.00,498.00],
[13683.00,1162.00],
[17374.00,500.00],
[18384.00,494.00],
[12680.00,1666.00],
*****************************t=50*****************************
51 generation time: 4.57 s
[18377.00,498.00],
[13683.00,1162.00],
[17374.00,500.00],
[18384.00,494.00],
[12680.00,1666.00],
*****************************t=51*****************************
52 generation time: 4.66 s
[18377.00,498.00],
[13683.00,1162.00],
[17374.00,500.00],
[18384.00,494.00],
[12680.00,1666.00],
*****************************t=52*****************************
53 generation time: 4.75 s
[18377.00,498.00],
[13683.00,1162.00],
[17374.00,500.00],
[18384.00,494.00],
[12680.00,1666.00],
*****************************t=53*****************************
54 generation time: 4.83 s
[18377.00,498.00],
[13683.00,1162.00],
[17374.00,500.00],
[18384.00,494.00],
[12680.00,1666.00],
*****************************t=54*****************************
55 generation time: 4.92 s
[18377.00,498.00],
[13683.00,1162.00],
[17374.00,500.00],
[18384.00,494.00],
[12680.00,1666.00],
*****************************t=55*****************************
56 generation time: 5.02 s
[18377.00,498.00],
[13683.00,1162.00],
[17374.00,500.00],
[18384.00,494.00],
[12680.00,1666.00],
*****************************t=56*****************************
time to convergence: 5.08 s	
57 generation time: 5.11 s
[18377.00,498.00],
[13683.00,1162.00],
[17374.00,500.00],
[18384.00,494.00],
[12680.00,1666.00],
[17029.00,994.00],
*****************************t=57*****************************
58 generation time: 5.20 s
[18377.00,498.00],
[13683.00,1162.00],
[17374.00,500.00],
[18384.00,494.00],
[12680.00,1666.00],
[17029.00,994.00],
*****************************t=58*****************************
59 generation time: 5.29 s
[18377.00,498.00],
[13683.00,1162.00],
[17374.00,500.00],
[18384.00,494.00],
[12680.00,1666.00],
[17029.00,994.00],
*****************************t=59*****************************
time to convergence: 5.35 s	
60 generation time: 5.38 s
[18036.00,496.00],
[13683.00,1162.00],
[17374.00,500.00],
[18384.00,494.00],
[11341.00,1166.00],
[17029.00,994.00],
[15041.00,996.00],
*****************************t=60*****************************
time to convergence: 5.44 s	
61 generation time: 5.47 s
[18036.00,496.00],
[13683.00,1162.00],
[17374.00,500.00],
[18384.00,494.00],
[11341.00,1166.00],
[14682.00,992.00],
[12347.00,1164.00],
*****************************t=61*****************************
62 generation time: 5.56 s
[18036.00,496.00],
[13683.00,1162.00],
[17374.00,500.00],
[18384.00,494.00],
[11341.00,1166.00],
[14682.00,992.00],
[12347.00,1164.00],
*****************************t=62*****************************
63 generation time: 5.64 s
[18036.00,496.00],
[13683.00,1162.00],
[17374.00,500.00],
[18384.00,494.00],
[11341.00,1166.00],
[14682.00,992.00],
[12347.00,1164.00],
*****************************t=63*****************************
64 generation time: 5.73 s
[17029.00,496.00],
[13683.00,1162.00],
[18384.00,494.00],
[11341.00,1166.00],
[14682.00,992.00],
[12347.00,1164.00],
*****************************t=64*****************************
65 generation time: 5.82 s
[17029.00,496.00],
[13683.00,1162.00],
[18384.00,494.00],
[11341.00,1166.00],
[14682.00,992.00],
[12347.00,1164.00],
*****************************t=65*****************************
66 generation time: 5.91 s
[17029.00,496.00],
[13683.00,1162.00],
[18384.00,494.00],
[11341.00,1166.00],
[14682.00,992.00],
[12347.00,1164.00],
*****************************t=66*****************************
67 generation time: 5.99 s
[17029.00,496.00],
[13683.00,1162.00],
[18384.00,494.00],
[11015.00,1164.00],
[14682.00,992.00],
*****************************t=67*****************************
68 generation time: 6.08 s
[17029.00,496.00],
[13683.00,1162.00],
[18384.00,494.00],
[11015.00,1164.00],
[14682.00,992.00],
*****************************t=68*****************************
69 generation time: 6.16 s
[17029.00,496.00],
[13683.00,1162.00],
[18384.00,494.00],
[11015.00,1164.00],
[14682.00,992.00],
*****************************t=69*****************************
70 generation time: 6.24 s
[17029.00,496.00],
[13683.00,1162.00],
[18384.00,494.00],
[11015.00,1164.00],
[14682.00,992.00],
*****************************t=70*****************************
71 generation time: 6.33 s
[17029.00,496.00],
[13683.00,1162.00],
[18384.00,494.00],
[11015.00,1164.00],
[14682.00,992.00],
*****************************t=71*****************************
72 generation time: 6.42 s
[17029.00,496.00],
[13683.00,1162.00],
[18384.00,494.00],
[11015.00,1164.00],
[14682.00,992.00],
*****************************t=72*****************************
73 generation time: 6.51 s
[17029.00,496.00],
[13683.00,1162.00],
[18384.00,494.00],
[11015.00,1164.00],
[14682.00,992.00],
*****************************t=73*****************************
74 generation time: 6.59 s
[17029.00,496.00],
[13683.00,1162.00],
[18384.00,494.00],
[11015.00,1164.00],
[14682.00,992.00],
*****************************t=74*****************************
75 generation time: 6.68 s
[17029.00,496.00],
[13683.00,1162.00],
[18036.00,494.00],
[11015.00,1164.00],
[14682.00,992.00],
*****************************t=75*****************************
76 generation time: 6.78 s
[17029.00,496.00],
[13683.00,1162.00],
[18036.00,494.00],
[11015.00,1164.00],
[14682.00,992.00],
*****************************t=76*****************************
77 generation time: 6.86 s
[17029.00,496.00],
[13683.00,1162.00],
[18036.00,494.00],
[11015.00,1164.00],
[14682.00,992.00],
*****************************t=77*****************************
time to convergence: 6.91 s	
78 generation time: 6.95 s
[17029.00,496.00],
[12350.00,998.00],
[18036.00,494.00],
[11015.00,1164.00],
[14682.00,992.00],
[15696.00,990.00],
*****************************t=78*****************************
79 generation time: 7.03 s
[17029.00,496.00],
[11360.00,498.00],
[18036.00,494.00],
[11015.00,1164.00],
*****************************t=79*****************************
80 generation time: 7.11 s
[16362.00,494.00],
[11360.00,498.00],
[11015.00,1164.00],
*****************************t=80*****************************
81 generation time: 7.20 s
[16362.00,494.00],
[11360.00,498.00],
[11015.00,1164.00],
*****************************t=81*****************************
82 generation time: 7.28 s
[16362.00,494.00],
[11360.00,498.00],
[11015.00,1164.00],
*****************************t=82*****************************
83 generation time: 7.37 s
[16362.00,494.00],
[11360.00,498.00],
[11015.00,1164.00],
*****************************t=83*****************************
84 generation time: 7.44 s
[16362.00,494.00],
[11360.00,498.00],
[11015.00,1164.00],
*****************************t=84*****************************
85 generation time: 7.54 s
[16362.00,494.00],
[11360.00,498.00],
[11015.00,1164.00],
*****************************t=85*****************************
86 generation time: 7.61 s
[16362.00,494.00],
[11360.00,498.00],
[11015.00,1164.00],
*****************************t=86*****************************
87 generation time: 7.69 s
[16362.00,494.00],
[11360.00,498.00],
[11015.00,1164.00],
*****************************t=87*****************************
88 generation time: 7.79 s
[16362.00,494.00],
[11360.00,498.00],
[11015.00,1164.00],
*****************************t=88*****************************
89 generation time: 7.86 s
[16362.00,494.00],
[11360.00,498.00],
[11015.00,1164.00],
*****************************t=89*****************************
90 generation time: 7.96 s
[16362.00,494.00],
[11360.00,498.00],
[11015.00,1164.00],
*****************************t=90*****************************
91 generation time: 8.04 s
[16362.00,494.00],
[11360.00,498.00],
[11015.00,1164.00],
*****************************t=91*****************************
92 generation time: 8.11 s
[16362.00,494.00],
[11360.00,498.00],
[11015.00,1164.00],
*****************************t=92*****************************
93 generation time: 8.22 s
[16362.00,494.00],
[11360.00,498.00],
[11015.00,1164.00],
*****************************t=93*****************************
94 generation time: 8.30 s
[16362.00,494.00],
[11360.00,498.00],
[11015.00,1164.00],
*****************************t=94*****************************
time to convergence: 8.38 s	
95 generation time: 8.41 s
[16362.00,494.00],
[11360.00,498.00],
[11015.00,1164.00],
[15372.00,496.00],
*****************************t=95*****************************
96 generation time: 8.50 s
[16362.00,494.00],
[11360.00,498.00],
[11015.00,1164.00],
[15372.00,496.00],
*****************************t=96*****************************
97 generation time: 8.60 s
[16362.00,494.00],
[11360.00,498.00],
[11015.00,1164.00],
[15372.00,496.00],
*****************************t=97*****************************
98 generation time: 8.69 s
[16362.00,494.00],
[11360.00,498.00],
[11015.00,1164.00],
[15372.00,496.00],
*****************************t=98*****************************
99 generation time: 8.77 s
[16362.00,494.00],
[11360.00,498.00],
[11015.00,1164.00],
[15372.00,496.00],
*****************************t=99*****************************
100 generation time: 8.85 s
[16362.00,494.00],
[11360.00,498.00],
[11015.00,1164.00],
[15372.00,496.00],
[16362.00,494.00],
[11360.00,498.00],
[11015.00,1164.00],
[15372.00,496.00],
tot = 4
total time: 8.89 s
