m = 4 n = 28
pop = 30 gen = 100
init...begin
init...done
*****************************t=0*****************************
time to convergence: 0.06 s	
time to convergence: 0.06 s	
time to convergence: 0.06 s	
time to convergence: 0.06 s	
time to convergence: 0.06 s	
1 generation time: 0.09 s
[17026.00,2330.00],
[14690.00,3004.00],
[23382.00,500.00],
[18043.00,1664.00],
[19359.00,998.00],
[23049.00,996.00],
*****************************t=1*****************************
time to convergence: 0.14 s	
2 generation time: 0.17 s
[17026.00,2330.00],
[14690.00,3004.00],
[23382.00,500.00],
[18043.00,1664.00],
[19359.00,998.00],
[23049.00,996.00],
[16380.00,2832.00],
*****************************t=2*****************************
time to convergence: 0.23 s	
3 generation time: 0.25 s
[17026.00,2330.00],
[14690.00,3004.00],
[19367.00,500.00],
[18043.00,1664.00],
[19359.00,998.00],
[16380.00,2832.00],
[25388.00,496.00],
*****************************t=3*****************************
4 generation time: 0.34 s
[17026.00,2330.00],
[14690.00,3004.00],
[19367.00,500.00],
[18043.00,1664.00],
[19359.00,998.00],
[16380.00,2832.00],
[25388.00,496.00],
*****************************t=4*****************************
time to convergence: 0.39 s	
5 generation time: 0.42 s
[17026.00,2330.00],
[14690.00,3004.00],
[19367.00,500.00],
[18043.00,1664.00],
[19359.00,998.00],
[16380.00,2832.00],
[25388.00,496.00],
[20702.00,498.00],
*****************************t=5*****************************
6 generation time: 0.52 s
[15688.00,1504.00],
[14690.00,3004.00],
[19367.00,500.00],
[19359.00,998.00],
[25388.00,496.00],
[20702.00,498.00],
*****************************t=6*****************************
7 generation time: 0.59 s
[15688.00,1504.00],
[14690.00,3004.00],
[19367.00,500.00],
[19359.00,998.00],
[25388.00,496.00],
[20702.00,498.00],
*****************************t=7*****************************
8 generation time: 0.69 s
[15688.00,1504.00],
[14690.00,3004.00],
[19367.00,500.00],
[19359.00,998.00],
[25388.00,496.00],
[20702.00,498.00],
*****************************t=8*****************************
time to convergence: 0.73 s	
9 generation time: 0.77 s
[15688.00,1504.00],
[14690.00,3004.00],
[19367.00,500.00],
[19359.00,998.00],
[25388.00,496.00],
[20702.00,498.00],
[13355.00,3664.00],
*****************************t=9*****************************
10 generation time: 0.86 s
[15688.00,1504.00],
[14358.00,3000.00],
[19367.00,500.00],
[19359.00,998.00],
[25388.00,496.00],
[20702.00,498.00],
[13355.00,3664.00],
*****************************t=10*****************************
time to convergence: 0.92 s	
11 generation time: 0.95 s
[15688.00,1504.00],
[14358.00,3000.00],
[19367.00,500.00],
[19359.00,998.00],
[25388.00,496.00],
[20702.00,498.00],
[13355.00,3664.00],
[17032.00,1166.00],
*****************************t=11*****************************
12 generation time: 1.03 s
[15688.00,1504.00],
[14358.00,3000.00],
[19367.00,500.00],
[17367.00,996.00],
[25388.00,496.00],
[20702.00,498.00],
[13355.00,3664.00],
[17032.00,1166.00],
*****************************t=12*****************************
time to convergence: 1.09 s	
13 generation time: 1.13 s
[15688.00,1504.00],
[14358.00,3000.00],
[19367.00,500.00],
[17367.00,996.00],
[25388.00,496.00],
[20702.00,498.00],
[13355.00,3664.00],
[17032.00,1166.00],
[15020.00,1830.00],
*****************************t=13*****************************
14 generation time: 1.22 s
[15688.00,1504.00],
[14358.00,3000.00],
[19367.00,500.00],
[17367.00,996.00],
[25388.00,496.00],
[20702.00,498.00],
[13355.00,3664.00],
[17032.00,1166.00],
[15020.00,1830.00],
*****************************t=14*****************************
time to convergence: 1.27 s	
15 generation time: 1.30 s
[15022.00,1500.00],
[14358.00,3000.00],
[19367.00,500.00],
[17367.00,996.00],
[25388.00,496.00],
[20702.00,498.00],
[13355.00,3664.00],
[17032.00,1166.00],
[15020.00,1830.00],
[28056.00,494.00],
*****************************t=15*****************************
16 generation time: 1.39 s
[15022.00,1500.00],
[14358.00,3000.00],
[19367.00,500.00],
[17367.00,996.00],
[25388.00,496.00],
[20702.00,498.00],
[13355.00,3664.00],
[17032.00,1166.00],
[15020.00,1830.00],
[28056.00,494.00],
*****************************t=16*****************************
time to convergence: 1.45 s	
17 generation time: 1.47 s
[15022.00,1500.00],
[14358.00,3000.00],
[19367.00,500.00],
[17367.00,996.00],
[20706.00,496.00],
[20702.00,498.00],
[13355.00,3664.00],
[17032.00,1166.00],
[15020.00,1830.00],
[28056.00,494.00],
[17704.00,502.00],
*****************************t=17*****************************
18 generation time: 1.56 s
[15022.00,1500.00],
[14358.00,3000.00],
[19367.00,500.00],
[17367.00,996.00],
[20706.00,496.00],
[20702.00,498.00],
[13355.00,3664.00],
[17032.00,1166.00],
[15020.00,1830.00],
[28056.00,494.00],
[17704.00,502.00],
*****************************t=18*****************************
19 generation time: 1.66 s
[15022.00,1500.00],
[14358.00,3000.00],
[19367.00,500.00],
[17367.00,996.00],
[20706.00,496.00],
[20702.00,498.00],
[13355.00,3664.00],
[17032.00,1166.00],
[15020.00,1830.00],
[28056.00,494.00],
[17704.00,502.00],
*****************************t=19*****************************
20 generation time: 1.75 s
[15022.00,1500.00],
[14358.00,3000.00],
[19367.00,500.00],
[17367.00,996.00],
[20706.00,496.00],
[20702.00,498.00],
[13355.00,3664.00],
[17032.00,1166.00],
[15020.00,1830.00],
[28056.00,494.00],
[17704.00,502.00],
*****************************t=20*****************************
21 generation time: 1.84 s
[15022.00,1500.00],
[14358.00,3000.00],
[19367.00,500.00],
[17367.00,996.00],
[20706.00,496.00],
[20702.00,498.00],
[13355.00,3664.00],
[17032.00,1166.00],
[15020.00,1830.00],
[28056.00,494.00],
[17704.00,502.00],
*****************************t=21*****************************
22 generation time: 1.94 s
[15022.00,1500.00],
[14358.00,3000.00],
[19367.00,500.00],
[17367.00,996.00],
[20706.00,496.00],
[20702.00,498.00],
[13355.00,3664.00],
[17032.00,1166.00],
[15020.00,1830.00],
[28056.00,494.00],
[17704.00,502.00],
*****************************t=22*****************************
time to convergence: 2.01 s	
23 generation time: 2.04 s
[15022.00,1500.00],
[14358.00,3000.00],
[19367.00,500.00],
[17367.00,996.00],
[20706.00,496.00],
[20702.00,498.00],
[13355.00,3664.00],
[17032.00,1166.00],
[15020.00,1830.00],
[28056.00,494.00],
[17704.00,502.00],
[16368.00,1168.00],
*****************************t=23*****************************
time to convergence: 2.10 s	
24 generation time: 2.13 s
[15022.00,1500.00],
[14358.00,3000.00],
[19367.00,500.00],
[17367.00,996.00],
[20706.00,496.00],
[20702.00,498.00],
[13355.00,3664.00],
[15704.00,1162.00],
[15020.00,1830.00],
[23380.00,494.00],
[17704.00,502.00],
[16356.00,1000.00],
*****************************t=24*****************************
25 generation time: 2.21 s
[15022.00,1500.00],
[14358.00,3000.00],
[19367.00,500.00],
[17367.00,996.00],
[20706.00,496.00],
[20702.00,498.00],
[13355.00,3664.00],
[15704.00,1162.00],
[15020.00,1830.00],
[23380.00,494.00],
[17704.00,502.00],
[16356.00,1000.00],
*****************************t=25*****************************
26 generation time: 2.30 s
[15022.00,1500.00],
[14358.00,3000.00],
[19367.00,500.00],
[17367.00,996.00],
[20706.00,496.00],
[20702.00,498.00],
[13355.00,3664.00],
[15704.00,1162.00],
[15020.00,1830.00],
[23380.00,494.00],
[17704.00,502.00],
[16356.00,1000.00],
*****************************t=26*****************************
27 generation time: 2.40 s
[15022.00,1500.00],
[14358.00,3000.00],
[19367.00,500.00],
[17367.00,996.00],
[20706.00,496.00],
[20702.00,498.00],
[13355.00,3664.00],
[15704.00,1162.00],
[15020.00,1830.00],
[23380.00,494.00],
[17704.00,502.00],
[16356.00,1000.00],
*****************************t=27*****************************
28 generation time: 2.48 s
[15022.00,1500.00],
[14358.00,3000.00],
[19367.00,500.00],
[16364.00,502.00],
[20706.00,496.00],
[20702.00,498.00],
[13355.00,3664.00],
[15689.00,1002.00],
[15020.00,1830.00],
[23380.00,494.00],
[16356.00,1000.00],
*****************************t=28*****************************
29 generation time: 2.57 s
[15022.00,1500.00],
[14358.00,3000.00],
[19367.00,500.00],
[16364.00,502.00],
[20706.00,496.00],
[20702.00,498.00],
[13355.00,3664.00],
[15689.00,1002.00],
[15020.00,1830.00],
[23380.00,494.00],
[16356.00,1000.00],
*****************************t=29*****************************
30 generation time: 2.67 s
[13688.00,504.00],
[19367.00,500.00],
[16364.00,502.00],
[20706.00,496.00],
[20702.00,498.00],
[13355.00,3664.00],
[23380.00,494.00],
*****************************t=30*****************************
31 generation time: 2.76 s
[13688.00,504.00],
[19367.00,500.00],
[16364.00,502.00],
[20706.00,496.00],
[20702.00,498.00],
[13019.00,2334.00],
[23380.00,494.00],
*****************************t=31*****************************
32 generation time: 2.86 s
[13688.00,504.00],
[19367.00,500.00],
[16364.00,502.00],
[20706.00,496.00],
[20702.00,498.00],
[13019.00,2334.00],
[23380.00,494.00],
*****************************t=32*****************************
33 generation time: 2.95 s
[13688.00,504.00],
[19367.00,500.00],
[16364.00,502.00],
[20706.00,496.00],
[20702.00,498.00],
[13019.00,2334.00],
[23380.00,494.00],
*****************************t=33*****************************
34 generation time: 3.05 s
[13688.00,504.00],
[19367.00,500.00],
[16364.00,502.00],
[20706.00,496.00],
[20702.00,498.00],
[13019.00,2334.00],
[23380.00,494.00],
*****************************t=34*****************************
35 generation time: 3.14 s
[13688.00,504.00],
[19367.00,500.00],
[16364.00,502.00],
[20706.00,496.00],
[20702.00,498.00],
[13019.00,2334.00],
[23380.00,494.00],
*****************************t=35*****************************
36 generation time: 3.23 s
[13688.00,504.00],
[19367.00,500.00],
[16364.00,502.00],
[20706.00,496.00],
[20702.00,498.00],
[13019.00,2334.00],
[23380.00,494.00],
*****************************t=36*****************************
37 generation time: 3.33 s
[13688.00,504.00],
[19367.00,500.00],
[16364.00,502.00],
[20706.00,496.00],
[20702.00,498.00],
[13019.00,2334.00],
[23380.00,494.00],
*****************************t=37*****************************
38 generation time: 3.40 s
[13688.00,504.00],
[19367.00,500.00],
[16364.00,502.00],
[20706.00,496.00],
[20702.00,498.00],
[13019.00,2334.00],
[23380.00,494.00],
*****************************t=38*****************************
39 generation time: 3.50 s
[13688.00,504.00],
[14695.00,496.00],
[13019.00,2334.00],
[23380.00,494.00],
*****************************t=39*****************************
40 generation time: 3.59 s
[13688.00,504.00],
[14695.00,496.00],
[13019.00,2334.00],
[23380.00,494.00],
*****************************t=40*****************************
41 generation time: 3.69 s
[13688.00,504.00],
[14695.00,496.00],
[13019.00,2334.00],
[23380.00,494.00],
*****************************t=41*****************************
42 generation time: 3.76 s
[13688.00,504.00],
[14695.00,496.00],
[13019.00,2334.00],
[23380.00,494.00],
*****************************t=42*****************************
43 generation time: 3.86 s
[13688.00,504.00],
[14695.00,496.00],
[13019.00,2334.00],
[20692.00,494.00],
*****************************t=43*****************************
44 generation time: 3.95 s
[13688.00,504.00],
[14695.00,496.00],
[13019.00,2334.00],
[20692.00,494.00],
*****************************t=44*****************************
45 generation time: 4.03 s
[13688.00,504.00],
[14695.00,496.00],
[13019.00,2334.00],
[20692.00,494.00],
*****************************t=45*****************************
46 generation time: 4.12 s
[13688.00,504.00],
[14695.00,496.00],
[12678.00,1662.00],
[20692.00,494.00],
*****************************t=46*****************************
47 generation time: 4.22 s
[13688.00,504.00],
[14695.00,496.00],
[12346.00,1662.00],
[20692.00,494.00],
*****************************t=47*****************************
48 generation time: 4.33 s
[13688.00,504.00],
[14695.00,496.00],
[12346.00,1662.00],
[20692.00,494.00],
*****************************t=48*****************************
time to convergence: 4.39 s	
49 generation time: 4.42 s
[13688.00,504.00],
[14695.00,496.00],
[12346.00,1662.00],
[20692.00,494.00],
[12354.00,1660.00],
*****************************t=49*****************************
50 generation time: 4.51 s
[13688.00,504.00],
[14695.00,496.00],
[12346.00,1662.00],
[20692.00,494.00],
[12354.00,1660.00],
*****************************t=50*****************************
51 generation time: 4.61 s
[13688.00,504.00],
[14695.00,496.00],
[12346.00,1662.00],
[20692.00,494.00],
[12354.00,1660.00],
*****************************t=51*****************************
52 generation time: 4.70 s
[13688.00,504.00],
[14695.00,496.00],
[12346.00,1662.00],
[20692.00,494.00],
[12354.00,1660.00],
*****************************t=52*****************************
53 generation time: 4.79 s
[13688.00,504.00],
[14695.00,496.00],
[12346.00,1662.00],
[20692.00,494.00],
[12354.00,1660.00],
*****************************t=53*****************************
54 generation time: 4.89 s
[13688.00,504.00],
[14695.00,496.00],
[12346.00,1662.00],
[20692.00,494.00],
[12354.00,1660.00],
*****************************t=54*****************************
55 generation time: 4.98 s
[13688.00,504.00],
[14695.00,496.00],
[12346.00,1662.00],
[20692.00,494.00],
[12354.00,1660.00],
*****************************t=55*****************************
56 generation time: 5.08 s
[13688.00,504.00],
[14695.00,496.00],
[12346.00,1662.00],
[20692.00,494.00],
[12354.00,1660.00],
*****************************t=56*****************************
57 generation time: 5.17 s
[13688.00,504.00],
[14695.00,496.00],
[12346.00,1662.00],
[20692.00,494.00],
[12354.00,1660.00],
*****************************t=57*****************************
58 generation time: 5.26 s
[13688.00,504.00],
[14695.00,496.00],
[12346.00,1662.00],
[20692.00,494.00],
[12354.00,1660.00],
*****************************t=58*****************************
59 generation time: 5.36 s
[13688.00,504.00],
[14365.00,496.00],
[12346.00,1662.00],
[20692.00,494.00],
[12354.00,1660.00],
*****************************t=59*****************************
60 generation time: 5.43 s
[13688.00,504.00],
[14365.00,496.00],
[12346.00,1662.00],
[20692.00,494.00],
[12354.00,1660.00],
*****************************t=60*****************************
61 generation time: 5.53 s
[13688.00,504.00],
[14365.00,496.00],
[12346.00,1662.00],
[20692.00,494.00],
[12354.00,1660.00],
*****************************t=61*****************************
time to convergence: 5.59 s	
62 generation time: 5.62 s
[13688.00,504.00],
[14365.00,496.00],
[12346.00,1662.00],
[20692.00,494.00],
[12354.00,1660.00],
[13353.00,1000.00],
*****************************t=62*****************************
time to convergence: 5.68 s	
63 generation time: 5.72 s
[13688.00,504.00],
[14365.00,496.00],
[12346.00,1662.00],
[20692.00,494.00],
[12354.00,1660.00],
[13353.00,1000.00],
[12014.00,1664.00],
*****************************t=63*****************************
64 generation time: 5.81 s
[13688.00,504.00],
[14365.00,496.00],
[12346.00,1662.00],
[20692.00,494.00],
[12354.00,1660.00],
[13353.00,1000.00],
[12014.00,1664.00],
*****************************t=64*****************************
time to convergence: 5.86 s	
65 generation time: 5.89 s
[13688.00,504.00],
[14365.00,496.00],
[12346.00,1662.00],
[20692.00,494.00],
[12354.00,1660.00],
[13353.00,1000.00],
[12014.00,1664.00],
[13021.00,1166.00],
*****************************t=65*****************************
66 generation time: 5.99 s
[13688.00,504.00],
[14365.00,496.00],
[12346.00,1662.00],
[20692.00,494.00],
[12354.00,1660.00],
[13353.00,1000.00],
[12014.00,1664.00],
[13021.00,1166.00],
*****************************t=66*****************************
67 generation time: 6.08 s
[13688.00,504.00],
[14365.00,496.00],
[12346.00,1662.00],
[20692.00,494.00],
[12354.00,1660.00],
[13353.00,1000.00],
[12014.00,1664.00],
[13021.00,1166.00],
*****************************t=67*****************************
68 generation time: 6.18 s
[13688.00,504.00],
[14365.00,496.00],
[12346.00,1662.00],
[20374.00,494.00],
[12354.00,1660.00],
[13353.00,1000.00],
[12014.00,1664.00],
[13021.00,1166.00],
*****************************t=68*****************************
69 generation time: 6.27 s
[13688.00,504.00],
[14365.00,496.00],
[12346.00,1662.00],
[20374.00,494.00],
[12354.00,1660.00],
[13353.00,1000.00],
[12014.00,1664.00],
[13021.00,1166.00],
*****************************t=69*****************************
time to convergence: 6.34 s	
70 generation time: 6.37 s
[13688.00,504.00],
[14365.00,496.00],
[12346.00,1662.00],
[20374.00,494.00],
[12354.00,1660.00],
[13353.00,1000.00],
[12014.00,1664.00],
[13021.00,1166.00],
[11685.00,1828.00],
*****************************t=70*****************************
time to convergence: 6.43 s	
71 generation time: 6.46 s
[13688.00,504.00],
[14365.00,496.00],
[12346.00,1662.00],
[20374.00,494.00],
[12354.00,1660.00],
[13353.00,1000.00],
[12014.00,1664.00],
[13021.00,1166.00],
[11685.00,1828.00],
[11346.00,1830.00],
*****************************t=71*****************************
72 generation time: 6.55 s
[13688.00,504.00],
[14365.00,496.00],
[12346.00,1662.00],
[20374.00,494.00],
[12354.00,1660.00],
[13353.00,1000.00],
[12014.00,1664.00],
[13021.00,1166.00],
[11685.00,1828.00],
[11346.00,1830.00],
*****************************t=72*****************************
73 generation time: 6.63 s
[13688.00,504.00],
[14365.00,496.00],
[12346.00,1662.00],
[20374.00,494.00],
[12354.00,1660.00],
[13353.00,1000.00],
[12014.00,1664.00],
[13021.00,1166.00],
[11685.00,1828.00],
[11346.00,1830.00],
*****************************t=73*****************************
74 generation time: 6.71 s
[13688.00,504.00],
[14365.00,496.00],
[12346.00,1662.00],
[20374.00,494.00],
[12354.00,1660.00],
[13353.00,1000.00],
[12014.00,1664.00],
[13021.00,1166.00],
[11685.00,1828.00],
[11346.00,1830.00],
*****************************t=74*****************************
75 generation time: 6.80 s
[13688.00,504.00],
[14365.00,496.00],
[12346.00,1662.00],
[20374.00,494.00],
[12354.00,1660.00],
[13353.00,1000.00],
[11679.00,1664.00],
[13021.00,1166.00],
[11346.00,1830.00],
*****************************t=75*****************************
76 generation time: 6.89 s
[13688.00,504.00],
[14365.00,496.00],
[12346.00,1662.00],
[20374.00,494.00],
[12354.00,1660.00],
[12679.00,998.00],
[11679.00,1664.00],
[11346.00,1830.00],
*****************************t=76*****************************
77 generation time: 6.98 s
[13688.00,504.00],
[14365.00,496.00],
[12346.00,1662.00],
[20374.00,494.00],
[12354.00,1660.00],
[12679.00,998.00],
[11679.00,1664.00],
[11346.00,1830.00],
*****************************t=77*****************************
time to convergence: 7.03 s	
78 generation time: 7.07 s
[13688.00,504.00],
[14365.00,496.00],
[12346.00,1662.00],
[20374.00,494.00],
[12354.00,1660.00],
[12679.00,998.00],
[11679.00,1664.00],
[11346.00,1830.00],
[13012.00,994.00],
*****************************t=78*****************************
79 generation time: 7.16 s
[13688.00,504.00],
[14365.00,496.00],
[12346.00,1662.00],
[20374.00,494.00],
[12354.00,1660.00],
[12679.00,998.00],
[11679.00,1664.00],
[11346.00,1830.00],
[13012.00,994.00],
*****************************t=79*****************************
80 generation time: 7.24 s
[13688.00,504.00],
[14365.00,496.00],
[11679.00,1662.00],
[20374.00,494.00],
[12354.00,1660.00],
[12679.00,998.00],
[11346.00,1830.00],
[13012.00,994.00],
*****************************t=80*****************************
81 generation time: 7.34 s
[13688.00,504.00],
[14365.00,496.00],
[11679.00,1662.00],
[20374.00,494.00],
[12354.00,1660.00],
[12679.00,998.00],
[11346.00,1830.00],
[13012.00,994.00],
*****************************t=81*****************************
time to convergence: 7.40 s	
82 generation time: 7.42 s
[13688.00,504.00],
[14365.00,496.00],
[11679.00,1660.00],
[20374.00,494.00],
[12679.00,998.00],
[11346.00,1830.00],
[13012.00,994.00],
[12350.00,1164.00],
*****************************t=82*****************************
83 generation time: 7.51 s
[13015.00,500.00],
[14365.00,496.00],
[11679.00,1660.00],
[20374.00,494.00],
[12679.00,998.00],
[11346.00,1830.00],
[13012.00,994.00],
[12350.00,1164.00],
*****************************t=83*****************************
84 generation time: 7.59 s
[13015.00,500.00],
[14365.00,496.00],
[11679.00,1660.00],
[20374.00,494.00],
[12679.00,998.00],
[11346.00,1830.00],
[13012.00,994.00],
[12350.00,1164.00],
*****************************t=84*****************************
85 generation time: 7.69 s
[13015.00,500.00],
[14365.00,496.00],
[11679.00,1660.00],
[20374.00,494.00],
[12679.00,998.00],
[11346.00,1830.00],
[13012.00,994.00],
[12350.00,1164.00],
*****************************t=85*****************************
86 generation time: 7.78 s
[13015.00,500.00],
[14365.00,496.00],
[11679.00,1660.00],
[20374.00,494.00],
[12679.00,998.00],
[11346.00,1830.00],
[13012.00,994.00],
[12350.00,1164.00],
*****************************t=86*****************************
87 generation time: 7.86 s
[13015.00,500.00],
[14365.00,496.00],
[11679.00,1660.00],
[16689.00,494.00],
[12679.00,998.00],
[11346.00,1830.00],
[13012.00,994.00],
[12350.00,1164.00],
*****************************t=87*****************************
88 generation time: 7.95 s
[13015.00,500.00],
[14365.00,496.00],
[11679.00,1660.00],
[16689.00,494.00],
[12679.00,998.00],
[11346.00,1830.00],
[13012.00,994.00],
[12350.00,1164.00],
*****************************t=88*****************************
89 generation time: 8.04 s
[13015.00,500.00],
[14365.00,496.00],
[11679.00,1660.00],
[16689.00,494.00],
[12679.00,998.00],
[11346.00,1830.00],
[13012.00,994.00],
[12350.00,1164.00],
*****************************t=89*****************************
time to convergence: 8.09 s	
90 generation time: 8.12 s
[13015.00,500.00],
[14365.00,496.00],
[11679.00,1660.00],
[16689.00,494.00],
[12679.00,998.00],
[11346.00,1830.00],
[13012.00,994.00],
[12350.00,1164.00],
[13687.00,498.00],
*****************************t=90*****************************
91 generation time: 8.22 s
[13015.00,500.00],
[14365.00,496.00],
[11679.00,1660.00],
[16021.00,494.00],
[12679.00,998.00],
[11346.00,1830.00],
[13012.00,994.00],
[12350.00,1164.00],
[13687.00,498.00],
*****************************t=91*****************************
92 generation time: 8.29 s
[13015.00,500.00],
[14365.00,496.00],
[11346.00,1164.00],
[16021.00,494.00],
[12679.00,998.00],
[13012.00,994.00],
[13687.00,498.00],
*****************************t=92*****************************
93 generation time: 8.39 s
[13015.00,500.00],
[13349.00,494.00],
[11346.00,1164.00],
[12679.00,998.00],
[13012.00,994.00],
*****************************t=93*****************************
94 generation time: 8.48 s
[13015.00,500.00],
[13349.00,494.00],
[11346.00,1164.00],
[12679.00,998.00],
[13012.00,994.00],
*****************************t=94*****************************
time to convergence: 8.54 s	
95 generation time: 8.56 s
[12679.00,496.00],
[13349.00,494.00],
[11346.00,1164.00],
[12015.00,998.00],
*****************************t=95*****************************
96 generation time: 8.65 s
[12679.00,496.00],
[13349.00,494.00],
[10350.00,1004.00],
[12015.00,998.00],
*****************************t=96*****************************
97 generation time: 8.75 s
[12679.00,496.00],
[13349.00,494.00],
[10350.00,1004.00],
[12015.00,998.00],
*****************************t=97*****************************
98 generation time: 8.84 s
[12679.00,496.00],
[13349.00,494.00],
[10350.00,1004.00],
[12015.00,998.00],
*****************************t=98*****************************
99 generation time: 8.94 s
[12679.00,496.00],
[13349.00,494.00],
[10350.00,1004.00],
[12015.00,998.00],
*****************************t=99*****************************
100 generation time: 9.01 s
[12679.00,496.00],
[13349.00,494.00],
[10350.00,1004.00],
[12015.00,998.00],
[12679.00,496.00],
[13349.00,494.00],
[10350.00,1004.00],
[12015.00,998.00],
tot = 4
total time: 9.06 s
