m = 4 n = 28
pop = 30 gen = 100
init...begin
init...done
*****************************t=0*****************************
time to convergence: 0.06 s	
time to convergence: 0.08 s	
1 generation time: 0.09 s
[19706.00,496.00],
[13363.00,2330.00],
[17703.00,1006.00],
*****************************t=1*****************************
2 generation time: 0.17 s
[19706.00,496.00],
[13363.00,2330.00],
[17703.00,1006.00],
*****************************t=2*****************************
time to convergence: 0.23 s	
time to convergence: 0.23 s	
3 generation time: 0.27 s
[19706.00,496.00],
[13363.00,2330.00],
[17703.00,1006.00],
[17364.00,1662.00],
[24718.00,494.00],
*****************************t=3*****************************
4 generation time: 0.34 s
[19706.00,496.00],
[13363.00,2330.00],
[17703.00,1006.00],
[17364.00,1662.00],
[24718.00,494.00],
*****************************t=4*****************************
5 generation time: 0.44 s
[19706.00,496.00],
[13363.00,2330.00],
[16373.00,504.00],
[24718.00,494.00],
*****************************t=5*****************************
6 generation time: 0.52 s
[19706.00,496.00],
[13363.00,2330.00],
[16373.00,504.00],
[24718.00,494.00],
*****************************t=6*****************************
time to convergence: 0.58 s	
7 generation time: 0.61 s
[19706.00,496.00],
[13363.00,2330.00],
[16373.00,504.00],
[24718.00,494.00],
[15031.00,998.00],
*****************************t=7*****************************
8 generation time: 0.69 s
[19706.00,496.00],
[13363.00,2330.00],
[16373.00,504.00],
[24718.00,494.00],
[15031.00,998.00],
*****************************t=8*****************************
9 generation time: 0.77 s
[19706.00,496.00],
[13363.00,2330.00],
[16373.00,504.00],
[24718.00,494.00],
[15031.00,998.00],
*****************************t=9*****************************
10 generation time: 0.84 s
[19706.00,496.00],
[13363.00,2330.00],
[16373.00,504.00],
[24718.00,494.00],
[15031.00,998.00],
*****************************t=10*****************************
11 generation time: 0.94 s
[19706.00,496.00],
[13363.00,2330.00],
[16373.00,504.00],
[24718.00,494.00],
[15031.00,998.00],
*****************************t=11*****************************
12 generation time: 1.01 s
[19706.00,496.00],
[13363.00,2330.00],
[16373.00,504.00],
[24718.00,494.00],
[15031.00,998.00],
*****************************t=12*****************************
13 generation time: 1.09 s
[19706.00,496.00],
[13363.00,2330.00],
[16373.00,504.00],
[24718.00,494.00],
[15031.00,998.00],
*****************************t=13*****************************
14 generation time: 1.19 s
[19706.00,496.00],
[10683.00,1826.00],
[16373.00,504.00],
[24718.00,494.00],
[15031.00,998.00],
*****************************t=14*****************************
time to convergence: 1.25 s	
15 generation time: 1.28 s
[19706.00,496.00],
[10683.00,1826.00],
[16373.00,504.00],
[24718.00,494.00],
[15031.00,998.00],
[10703.00,1160.00],
*****************************t=15*****************************
16 generation time: 1.37 s
[19706.00,496.00],
[10683.00,1826.00],
[16373.00,504.00],
[24718.00,494.00],
[15031.00,998.00],
[10703.00,1160.00],
*****************************t=16*****************************
17 generation time: 1.46 s
[19706.00,496.00],
[10683.00,1826.00],
[16373.00,504.00],
[24718.00,494.00],
[15031.00,998.00],
[10703.00,1160.00],
*****************************t=17*****************************
time to convergence: 1.52 s	
18 generation time: 1.55 s
[19706.00,496.00],
[10683.00,1826.00],
[16373.00,504.00],
[24718.00,494.00],
[15031.00,998.00],
[10703.00,1160.00],
[19375.00,502.00],
*****************************t=18*****************************
19 generation time: 1.65 s
[19706.00,496.00],
[10683.00,1826.00],
[16373.00,504.00],
[24718.00,494.00],
[15031.00,998.00],
[10703.00,1160.00],
[19375.00,502.00],
*****************************t=19*****************************
20 generation time: 1.74 s
[19706.00,496.00],
[10683.00,1826.00],
[16373.00,504.00],
[24718.00,494.00],
[15031.00,998.00],
[10703.00,1160.00],
[19375.00,502.00],
*****************************t=20*****************************
21 generation time: 1.83 s
[19706.00,496.00],
[10683.00,1826.00],
[16373.00,504.00],
[20703.00,494.00],
[15031.00,998.00],
[10703.00,1160.00],
[19375.00,502.00],
*****************************t=21*****************************
22 generation time: 1.93 s
[19706.00,496.00],
[10683.00,1826.00],
[16373.00,504.00],
[20703.00,494.00],
[15031.00,998.00],
[10703.00,1160.00],
[19375.00,502.00],
*****************************t=22*****************************
23 generation time: 2.02 s
[19706.00,496.00],
[10683.00,1826.00],
[16373.00,504.00],
[20703.00,494.00],
[15031.00,998.00],
[10703.00,1160.00],
[19375.00,502.00],
*****************************t=23*****************************
24 generation time: 2.11 s
[19706.00,496.00],
[10683.00,1826.00],
[16373.00,504.00],
[20703.00,494.00],
[15031.00,998.00],
[10703.00,1160.00],
[19375.00,502.00],
*****************************t=24*****************************
25 generation time: 2.20 s
[19364.00,494.00],
[10683.00,1826.00],
[16373.00,504.00],
[15031.00,998.00],
[10703.00,1160.00],
*****************************t=25*****************************
26 generation time: 2.29 s
[19364.00,494.00],
[10683.00,1826.00],
[16373.00,504.00],
[15031.00,998.00],
[10703.00,1160.00],
*****************************t=26*****************************
27 generation time: 2.38 s
[19364.00,494.00],
[10683.00,1826.00],
[16373.00,504.00],
[15031.00,998.00],
[10703.00,1160.00],
*****************************t=27*****************************
28 generation time: 2.46 s
[19364.00,494.00],
[10683.00,1826.00],
[16373.00,504.00],
[15031.00,998.00],
[10703.00,1160.00],
*****************************t=28*****************************
time to convergence: 2.52 s	
29 generation time: 2.55 s
[19364.00,494.00],
[10683.00,1826.00],
[16373.00,504.00],
[15031.00,998.00],
[10703.00,1160.00],
[19030.00,498.00],
*****************************t=29*****************************
30 generation time: 2.65 s
[19364.00,494.00],
[10683.00,1826.00],
[16373.00,504.00],
[13686.00,506.00],
[10703.00,1160.00],
[19030.00,498.00],
*****************************t=30*****************************
31 generation time: 2.74 s
[19364.00,494.00],
[10683.00,1826.00],
[16373.00,504.00],
[13686.00,506.00],
[10703.00,1160.00],
[19030.00,498.00],
*****************************t=31*****************************
32 generation time: 2.83 s
[19364.00,494.00],
[10683.00,1826.00],
[16373.00,504.00],
[13686.00,506.00],
[10703.00,1160.00],
[19030.00,498.00],
*****************************t=32*****************************
33 generation time: 2.91 s
[19364.00,494.00],
[10683.00,1826.00],
[15696.00,500.00],
[13686.00,506.00],
[10703.00,1160.00],
[19030.00,498.00],
*****************************t=33*****************************
time to convergence: 2.97 s	
34 generation time: 3.00 s
[19364.00,494.00],
[9688.00,1826.00],
[15696.00,500.00],
[13686.00,506.00],
[10703.00,1160.00],
[19030.00,498.00],
[12682.00,994.00],
*****************************t=34*****************************
35 generation time: 3.09 s
[19364.00,494.00],
[9688.00,1826.00],
[15696.00,500.00],
[13686.00,506.00],
[10703.00,1160.00],
[19030.00,498.00],
[12682.00,994.00],
*****************************t=35*****************************
36 generation time: 3.17 s
[19364.00,494.00],
[9688.00,1826.00],
[15696.00,500.00],
[13686.00,506.00],
[10703.00,1160.00],
[16014.00,498.00],
[12682.00,994.00],
*****************************t=36*****************************
37 generation time: 3.25 s
[19364.00,494.00],
[9688.00,1826.00],
[15696.00,500.00],
[13686.00,506.00],
[10703.00,1160.00],
[16014.00,498.00],
[12682.00,994.00],
*****************************t=37*****************************
38 generation time: 3.34 s
[19364.00,494.00],
[9688.00,1826.00],
[15696.00,500.00],
[13686.00,506.00],
[10703.00,1160.00],
[16014.00,498.00],
[12682.00,994.00],
*****************************t=38*****************************
time to convergence: 3.39 s	
39 generation time: 3.42 s
[19364.00,494.00],
[9688.00,1826.00],
[15696.00,500.00],
[13686.00,506.00],
[10703.00,1160.00],
[16014.00,498.00],
[12682.00,994.00],
[8338.00,2162.00],
*****************************t=39*****************************
40 generation time: 3.52 s
[19364.00,494.00],
[9688.00,1826.00],
[15696.00,500.00],
[13686.00,506.00],
[10703.00,1160.00],
[16014.00,498.00],
[12682.00,994.00],
[8338.00,2162.00],
*****************************t=40*****************************
41 generation time: 3.59 s
[19364.00,494.00],
[9688.00,1826.00],
[15696.00,500.00],
[12679.00,504.00],
[10703.00,1160.00],
[16014.00,498.00],
[8338.00,2162.00],
*****************************t=41*****************************
42 generation time: 3.69 s
[19364.00,494.00],
[9688.00,1826.00],
[15696.00,500.00],
[12679.00,504.00],
[10703.00,1160.00],
[16014.00,498.00],
[8338.00,2162.00],
*****************************t=42*****************************
43 generation time: 3.78 s
[19364.00,494.00],
[9688.00,1826.00],
[15696.00,500.00],
[12679.00,504.00],
[10703.00,1160.00],
[16014.00,498.00],
[8338.00,2162.00],
*****************************t=43*****************************
44 generation time: 3.86 s
[19364.00,494.00],
[9688.00,1826.00],
[15696.00,500.00],
[12679.00,504.00],
[10703.00,1160.00],
[16014.00,498.00],
[8338.00,2162.00],
*****************************t=44*****************************
45 generation time: 3.95 s
[19364.00,494.00],
[9688.00,1826.00],
[15696.00,500.00],
[12679.00,504.00],
[10703.00,1160.00],
[16014.00,498.00],
[8338.00,2162.00],
*****************************t=45*****************************
46 generation time: 4.03 s
[19364.00,494.00],
[9688.00,1826.00],
[15696.00,500.00],
[12679.00,504.00],
[10703.00,1160.00],
[16014.00,498.00],
[8338.00,2162.00],
*****************************t=46*****************************
47 generation time: 4.13 s
[19364.00,494.00],
[9688.00,1826.00],
[15696.00,500.00],
[12679.00,504.00],
[10703.00,1160.00],
[16014.00,498.00],
[8338.00,2162.00],
*****************************t=47*****************************
48 generation time: 4.22 s
[19364.00,494.00],
[9688.00,1826.00],
[15696.00,500.00],
[12679.00,504.00],
[10703.00,1160.00],
[16014.00,498.00],
[8338.00,2162.00],
*****************************t=48*****************************
time to convergence: 4.27 s	
49 generation time: 4.30 s
[19364.00,494.00],
[9688.00,1826.00],
[15696.00,500.00],
[12679.00,504.00],
[10688.00,1160.00],
[16014.00,498.00],
[8338.00,2162.00],
[19030.00,496.00],
*****************************t=49*****************************
50 generation time: 4.38 s
[19364.00,494.00],
[9688.00,1826.00],
[15696.00,500.00],
[12679.00,504.00],
[10688.00,1160.00],
[16014.00,498.00],
[8338.00,2162.00],
[19030.00,496.00],
*****************************t=50*****************************
51 generation time: 4.47 s
[19364.00,494.00],
[9688.00,1826.00],
[15696.00,500.00],
[12679.00,504.00],
[10688.00,1160.00],
[16014.00,498.00],
[8338.00,2162.00],
[19030.00,496.00],
*****************************t=51*****************************
52 generation time: 4.55 s
[19364.00,494.00],
[9688.00,1826.00],
[15696.00,500.00],
[12679.00,504.00],
[10688.00,1160.00],
[16014.00,498.00],
[8338.00,2162.00],
[19030.00,496.00],
*****************************t=52*****************************
53 generation time: 4.63 s
[19364.00,494.00],
[9688.00,1826.00],
[15696.00,500.00],
[12679.00,504.00],
[10688.00,1160.00],
[16014.00,498.00],
[8338.00,2162.00],
[19030.00,496.00],
*****************************t=53*****************************
54 generation time: 4.70 s
[13348.00,494.00],
[9688.00,1826.00],
[12679.00,504.00],
[10688.00,1160.00],
[8338.00,2162.00],
*****************************t=54*****************************
time to convergence: 4.77 s	
55 generation time: 4.80 s
[13348.00,494.00],
[9688.00,1826.00],
[12679.00,504.00],
[10688.00,1160.00],
[8338.00,2162.00],
[13014.00,496.00],
*****************************t=55*****************************
56 generation time: 4.88 s
[13348.00,494.00],
[9688.00,1826.00],
[12679.00,504.00],
[10688.00,1160.00],
[8338.00,2162.00],
[13014.00,496.00],
*****************************t=56*****************************
57 generation time: 4.95 s
[13348.00,494.00],
[9688.00,1826.00],
[12679.00,504.00],
[10373.00,1160.00],
[8338.00,2162.00],
[13014.00,496.00],
*****************************t=57*****************************
time to convergence: 5.00 s	
58 generation time: 5.03 s
[13348.00,494.00],
[9688.00,1826.00],
[12679.00,504.00],
[10373.00,1160.00],
[8338.00,2162.00],
[13014.00,496.00],
[11680.00,996.00],
*****************************t=58*****************************
59 generation time: 5.14 s
[13348.00,494.00],
[9688.00,1826.00],
[12679.00,504.00],
[10373.00,1160.00],
[8338.00,2162.00],
[13014.00,496.00],
[11350.00,996.00],
*****************************t=59*****************************
60 generation time: 5.24 s
[13348.00,494.00],
[9688.00,1826.00],
[12679.00,504.00],
[10373.00,1160.00],
[8338.00,2162.00],
[13014.00,496.00],
[11350.00,996.00],
*****************************t=60*****************************
61 generation time: 5.33 s
[13348.00,494.00],
[9688.00,1826.00],
[12679.00,504.00],
[10373.00,1160.00],
[8338.00,2162.00],
[13014.00,496.00],
[11350.00,996.00],
*****************************t=61*****************************
time to convergence: 5.40 s	
62 generation time: 5.43 s
[13348.00,494.00],
[9363.00,1826.00],
[12679.00,504.00],
[10373.00,1160.00],
[8338.00,2162.00],
[13014.00,496.00],
[11350.00,996.00],
[10018.00,1662.00],
*****************************t=62*****************************
63 generation time: 5.52 s
[13348.00,494.00],
[9363.00,1826.00],
[12679.00,504.00],
[10373.00,1160.00],
[8338.00,2162.00],
[13014.00,496.00],
[11350.00,996.00],
[10018.00,1662.00],
*****************************t=63*****************************
64 generation time: 5.60 s
[13348.00,494.00],
[9363.00,1826.00],
[12679.00,504.00],
[10373.00,1160.00],
[8338.00,2162.00],
[13014.00,496.00],
[11350.00,996.00],
[10018.00,1662.00],
*****************************t=64*****************************
65 generation time: 5.69 s
[13348.00,494.00],
[9363.00,1826.00],
[12679.00,504.00],
[10373.00,1160.00],
[8338.00,2162.00],
[13014.00,496.00],
[11350.00,996.00],
[10018.00,1662.00],
*****************************t=65*****************************
66 generation time: 5.79 s
[12011.00,494.00],
[9363.00,1826.00],
[10373.00,1160.00],
[8338.00,2162.00],
[11350.00,996.00],
[10018.00,1662.00],
*****************************t=66*****************************
67 generation time: 5.89 s
[12011.00,494.00],
[9363.00,1826.00],
[10373.00,1160.00],
[8338.00,2162.00],
[11350.00,996.00],
[10018.00,1662.00],
*****************************t=67*****************************
68 generation time: 6.01 s
[12011.00,494.00],
[9351.00,1826.00],
[10373.00,1160.00],
[8338.00,2162.00],
[11350.00,996.00],
[10018.00,1662.00],
*****************************t=68*****************************
69 generation time: 6.10 s
[12011.00,494.00],
[9351.00,1826.00],
[10373.00,1160.00],
[8338.00,2162.00],
[11350.00,996.00],
[10018.00,1662.00],
*****************************t=69*****************************
70 generation time: 6.19 s
[12011.00,494.00],
[9345.00,1662.00],
[10373.00,1160.00],
[8338.00,2162.00],
[11350.00,996.00],
*****************************t=70*****************************
time to convergence: 6.24 s	
71 generation time: 6.27 s
[12011.00,494.00],
[9345.00,1660.00],
[10373.00,1160.00],
[8338.00,2162.00],
[11350.00,996.00],
[10016.00,1498.00],
*****************************t=71*****************************
72 generation time: 6.37 s
[12011.00,494.00],
[9345.00,1660.00],
[10373.00,1160.00],
[8338.00,2162.00],
[11350.00,996.00],
[10016.00,1498.00],
*****************************t=72*****************************
73 generation time: 6.46 s
[12011.00,494.00],
[9345.00,1660.00],
[10373.00,1160.00],
[8338.00,2162.00],
[11350.00,996.00],
[10016.00,1498.00],
*****************************t=73*****************************
74 generation time: 6.54 s
[12011.00,494.00],
[9345.00,1660.00],
[10373.00,1160.00],
[8338.00,2162.00],
[11350.00,996.00],
[10016.00,1498.00],
*****************************t=74*****************************
75 generation time: 6.63 s
[12011.00,494.00],
[9345.00,1660.00],
[10373.00,1160.00],
[8338.00,2162.00],
[11350.00,996.00],
[10016.00,1498.00],
*****************************t=75*****************************
76 generation time: 6.73 s
[12011.00,494.00],
[9345.00,1660.00],
[9346.00,1160.00],
[7671.00,1664.00],
[11350.00,996.00],
*****************************t=76*****************************
time to convergence: 6.78 s	
77 generation time: 6.82 s
[12011.00,494.00],
[9345.00,1660.00],
[9346.00,1160.00],
[7671.00,1664.00],
[11350.00,996.00],
[11680.00,994.00],
*****************************t=77*****************************
time to convergence: 6.88 s	
78 generation time: 6.92 s
[12011.00,494.00],
[9345.00,1660.00],
[9346.00,1160.00],
[7671.00,1664.00],
[11350.00,996.00],
[11680.00,994.00],
[9010.00,1662.00],
*****************************t=78*****************************
79 generation time: 7.00 s
[12011.00,494.00],
[9345.00,1660.00],
[9346.00,1160.00],
[7671.00,1664.00],
[11350.00,996.00],
[11680.00,994.00],
[9010.00,1662.00],
*****************************t=79*****************************
80 generation time: 7.09 s
[12011.00,494.00],
[9345.00,1660.00],
[9346.00,1160.00],
[7671.00,1664.00],
[11350.00,996.00],
[11680.00,994.00],
[9010.00,1662.00],
*****************************t=80*****************************
81 generation time: 7.17 s
[12011.00,494.00],
[8678.00,1160.00],
[7671.00,1664.00],
[11350.00,996.00],
[11680.00,994.00],
*****************************t=81*****************************
time to convergence: 7.22 s	
82 generation time: 7.25 s
[12011.00,494.00],
[8678.00,1160.00],
[7671.00,1664.00],
[11350.00,996.00],
[11680.00,994.00],
[11701.00,498.00],
*****************************t=82*****************************
83 generation time: 7.34 s
[12011.00,494.00],
[8678.00,1160.00],
[7671.00,1664.00],
[11350.00,996.00],
[11680.00,994.00],
[11701.00,498.00],
*****************************t=83*****************************
84 generation time: 7.44 s
[12011.00,494.00],
[8678.00,1160.00],
[7671.00,1662.00],
[11350.00,996.00],
[11680.00,994.00],
[11701.00,498.00],
*****************************t=84*****************************
85 generation time: 7.53 s
[11680.00,494.00],
[8678.00,1160.00],
[7671.00,1662.00],
[11350.00,996.00],
*****************************t=85*****************************
86 generation time: 7.63 s
[11680.00,494.00],
[8678.00,1160.00],
[7671.00,1662.00],
[11350.00,996.00],
*****************************t=86*****************************
87 generation time: 7.72 s
[11680.00,494.00],
[8678.00,1160.00],
[7671.00,1662.00],
[11350.00,996.00],
*****************************t=87*****************************
88 generation time: 7.81 s
[11680.00,494.00],
[8678.00,1160.00],
[7671.00,1662.00],
[11350.00,996.00],
*****************************t=88*****************************
89 generation time: 7.91 s
[11680.00,494.00],
[8678.00,1160.00],
[7671.00,1662.00],
[11350.00,996.00],
*****************************t=89*****************************
90 generation time: 7.99 s
[11680.00,494.00],
[8678.00,1160.00],
[7671.00,1662.00],
[11350.00,996.00],
*****************************t=90*****************************
91 generation time: 8.08 s
[11680.00,494.00],
[8678.00,1160.00],
[7671.00,1662.00],
[11350.00,996.00],
*****************************t=91*****************************
92 generation time: 8.16 s
[11680.00,494.00],
[8678.00,1160.00],
[7671.00,1662.00],
[11350.00,996.00],
*****************************t=92*****************************
93 generation time: 8.25 s
[11680.00,494.00],
[8678.00,1160.00],
[7671.00,1662.00],
[11350.00,996.00],
*****************************t=93*****************************
94 generation time: 8.33 s
[11680.00,494.00],
[8678.00,1160.00],
[7671.00,1662.00],
[11350.00,996.00],
*****************************t=94*****************************
95 generation time: 8.42 s
[11680.00,494.00],
[8678.00,1160.00],
[7671.00,1662.00],
[11350.00,996.00],
*****************************t=95*****************************
96 generation time: 8.52 s
[11680.00,494.00],
[8678.00,1160.00],
[7671.00,1662.00],
[11350.00,996.00],
*****************************t=96*****************************
97 generation time: 8.63 s
[11680.00,494.00],
[8678.00,1160.00],
[7671.00,1662.00],
[11350.00,996.00],
*****************************t=97*****************************
98 generation time: 8.70 s
[11680.00,494.00],
[8678.00,1160.00],
[7671.00,1662.00],
[11350.00,996.00],
*****************************t=98*****************************
time to convergence: 8.75 s	
99 generation time: 8.78 s
[11019.00,494.00],
[8678.00,1160.00],
[7671.00,1662.00],
[7670.00,1664.00],
*****************************t=99*****************************
100 generation time: 8.88 s
[11019.00,494.00],
[8678.00,1160.00],
[7671.00,1662.00],
[7670.00,1664.00],
[11019.00,494.00],
[8678.00,1160.00],
[7671.00,1662.00],
[7670.00,1664.00],
tot = 4
total time: 8.92 s
