m = 4 n = 28
pop = 30 gen = 100
init...begin
init...done
*****************************t=0*****************************
time to convergence: 0.07 s	
time to convergence: 0.07 s	
time to convergence: 0.07 s	
time to convergence: 0.07 s	
time to convergence: 0.07 s	
1 generation time: 0.10 s
[20031.00,1664.00],
[26054.00,1000.00],
[18042.00,1836.00],
[27726.00,998.00],
[16696.00,2998.00],
[25376.00,1002.00],
*****************************t=1*****************************
2 generation time: 0.19 s
[20031.00,1664.00],
[23376.00,494.00],
[18030.00,1828.00],
[16696.00,2998.00],
*****************************t=2*****************************
time to convergence: 0.26 s	
time to convergence: 0.26 s	
3 generation time: 0.29 s
[20031.00,1664.00],
[23376.00,494.00],
[18030.00,1828.00],
[16696.00,2998.00],
[22377.00,500.00],
[16706.00,2330.00],
*****************************t=3*****************************
time to convergence: 0.34 s	
4 generation time: 0.37 s
[19364.00,1160.00],
[23376.00,494.00],
[18030.00,1828.00],
[16696.00,2998.00],
[22377.00,500.00],
[16706.00,2330.00],
[22372.00,504.00],
*****************************t=4*****************************
time to convergence: 0.43 s	
time to convergence: 0.43 s	
5 generation time: 0.46 s
[19364.00,1160.00],
[23376.00,494.00],
[18030.00,1828.00],
[16696.00,2998.00],
[22377.00,500.00],
[16706.00,2330.00],
[22372.00,504.00],
[22051.00,1000.00],
[22730.00,498.00],
*****************************t=5*****************************
6 generation time: 0.55 s
[17693.00,998.00],
[23376.00,494.00],
[16696.00,2998.00],
[22377.00,500.00],
[16706.00,2330.00],
[22372.00,504.00],
[22730.00,498.00],
*****************************t=6*****************************
7 generation time: 0.63 s
[17693.00,998.00],
[23376.00,494.00],
[16696.00,2998.00],
[22377.00,500.00],
[16699.00,2330.00],
[22372.00,504.00],
[22730.00,498.00],
*****************************t=7*****************************
8 generation time: 0.72 s
[17693.00,998.00],
[23376.00,494.00],
[16696.00,2998.00],
[22377.00,500.00],
[16699.00,2330.00],
[22372.00,504.00],
[22730.00,498.00],
*****************************t=8*****************************
time to convergence: 0.78 s	
9 generation time: 0.81 s
[17693.00,998.00],
[23376.00,494.00],
[15350.00,1662.00],
[22377.00,500.00],
[22372.00,504.00],
[22730.00,498.00],
[21037.00,994.00],
*****************************t=9*****************************
10 generation time: 0.89 s
[17024.00,998.00],
[23376.00,494.00],
[15350.00,1662.00],
[22377.00,500.00],
[22372.00,504.00],
[22730.00,498.00],
[20709.00,994.00],
*****************************t=10*****************************
11 generation time: 0.98 s
[17024.00,998.00],
[23376.00,494.00],
[15350.00,1662.00],
[22377.00,500.00],
[22372.00,504.00],
[22730.00,498.00],
[20709.00,994.00],
*****************************t=11*****************************
12 generation time: 1.07 s
[17024.00,998.00],
[23376.00,494.00],
[15350.00,1662.00],
[22377.00,500.00],
[22372.00,504.00],
[22730.00,498.00],
[20709.00,994.00],
*****************************t=12*****************************
13 generation time: 1.16 s
[17024.00,998.00],
[23376.00,494.00],
[15350.00,1662.00],
[22377.00,500.00],
[22372.00,504.00],
[22730.00,498.00],
[20709.00,994.00],
*****************************t=13*****************************
time to convergence: 1.22 s	
time to convergence: 1.22 s	
14 generation time: 1.25 s
[17024.00,998.00],
[23376.00,494.00],
[15350.00,1662.00],
[22377.00,500.00],
[22372.00,504.00],
[22730.00,498.00],
[20709.00,994.00],
[22038.00,990.00],
[13021.00,2500.00],
*****************************t=14*****************************
15 generation time: 1.34 s
[17024.00,998.00],
[23376.00,494.00],
[15350.00,1662.00],
[22377.00,500.00],
[22372.00,504.00],
[22730.00,498.00],
[20709.00,994.00],
[22038.00,990.00],
[13021.00,2500.00],
*****************************t=15*****************************
16 generation time: 1.42 s
[17024.00,998.00],
[23376.00,494.00],
[15350.00,1662.00],
[22377.00,500.00],
[22372.00,504.00],
[22730.00,498.00],
[20709.00,994.00],
[22038.00,990.00],
[13021.00,2500.00],
*****************************t=16*****************************
time to convergence: 1.47 s	
17 generation time: 1.50 s
[17024.00,998.00],
[23376.00,494.00],
[15350.00,1662.00],
[22377.00,500.00],
[22372.00,504.00],
[22730.00,498.00],
[20709.00,994.00],
[22038.00,990.00],
[13021.00,2500.00],
[20373.00,996.00],
*****************************t=17*****************************
18 generation time: 1.59 s
[17024.00,998.00],
[23376.00,494.00],
[15350.00,1662.00],
[22377.00,500.00],
[22372.00,504.00],
[22730.00,498.00],
[20698.00,990.00],
[13021.00,2500.00],
[20373.00,996.00],
*****************************t=18*****************************
time to convergence: 1.64 s	
19 generation time: 1.67 s
[17024.00,998.00],
[23376.00,494.00],
[15350.00,1662.00],
[22377.00,500.00],
[20371.00,504.00],
[22730.00,498.00],
[13021.00,2500.00],
[14014.00,2158.00],
*****************************t=19*****************************
time to convergence: 1.73 s	
20 generation time: 1.76 s
[17024.00,998.00],
[23376.00,494.00],
[15350.00,1662.00],
[22377.00,500.00],
[20371.00,504.00],
[22730.00,498.00],
[13021.00,2500.00],
[14014.00,2158.00],
[16700.00,1160.00],
*****************************t=20*****************************
21 generation time: 1.84 s
[17024.00,998.00],
[23376.00,494.00],
[15350.00,1662.00],
[22377.00,500.00],
[20371.00,504.00],
[22730.00,498.00],
[13021.00,2500.00],
[14014.00,2158.00],
[16700.00,1160.00],
*****************************t=21*****************************
22 generation time: 1.94 s
[17024.00,998.00],
[23376.00,494.00],
[15346.00,1662.00],
[22377.00,500.00],
[20371.00,504.00],
[22730.00,498.00],
[13021.00,2500.00],
[14014.00,2158.00],
[16700.00,1160.00],
*****************************t=22*****************************
time to convergence: 1.98 s	
23 generation time: 2.02 s
[17024.00,998.00],
[23376.00,494.00],
[15346.00,1662.00],
[19727.00,496.00],
[13021.00,2500.00],
[14014.00,2158.00],
[16700.00,1160.00],
[18371.00,996.00],
*****************************t=23*****************************
24 generation time: 2.11 s
[15689.00,994.00],
[23376.00,494.00],
[15346.00,1662.00],
[19035.00,496.00],
[13021.00,2500.00],
[14014.00,2158.00],
*****************************t=24*****************************
25 generation time: 2.20 s
[15689.00,994.00],
[23376.00,494.00],
[15346.00,1662.00],
[19035.00,496.00],
[13021.00,2500.00],
[14014.00,2158.00],
*****************************t=25*****************************
26 generation time: 2.30 s
[15689.00,994.00],
[23376.00,494.00],
[15346.00,1662.00],
[19035.00,496.00],
[13021.00,2500.00],
[14014.00,2158.00],
*****************************t=26*****************************
27 generation time: 2.39 s
[15689.00,994.00],
[23376.00,494.00],
[15346.00,1662.00],
[19035.00,496.00],
[13021.00,2500.00],
[14014.00,2158.00],
*****************************t=27*****************************
time to convergence: 2.45 s	
28 generation time: 2.48 s
[15689.00,994.00],
[23376.00,494.00],
[15346.00,1662.00],
[19035.00,496.00],
[13021.00,2500.00],
[14014.00,2158.00],
[18695.00,990.00],
*****************************t=28*****************************
29 generation time: 2.58 s
[15689.00,994.00],
[23376.00,494.00],
[15346.00,1662.00],
[19035.00,496.00],
[13021.00,2500.00],
[14014.00,2158.00],
[18695.00,990.00],
*****************************t=29*****************************
30 generation time: 2.66 s
[15689.00,994.00],
[23376.00,494.00],
[15346.00,1662.00],
[19035.00,496.00],
[13021.00,2500.00],
[14014.00,2158.00],
[18695.00,990.00],
*****************************t=30*****************************
31 generation time: 2.75 s
[15689.00,994.00],
[23376.00,494.00],
[15346.00,1662.00],
[19035.00,496.00],
[13021.00,2500.00],
[14014.00,2158.00],
[18695.00,990.00],
*****************************t=31*****************************
time to convergence: 2.81 s	
32 generation time: 2.84 s
[15689.00,994.00],
[23376.00,494.00],
[15346.00,1662.00],
[19035.00,496.00],
[13021.00,2500.00],
[14014.00,2158.00],
[18695.00,990.00],
[16025.00,992.00],
*****************************t=32*****************************
33 generation time: 2.94 s
[15689.00,994.00],
[23374.00,494.00],
[15346.00,1662.00],
[19035.00,496.00],
[13021.00,2500.00],
[14014.00,2158.00],
[18695.00,990.00],
[16025.00,992.00],
*****************************t=33*****************************
34 generation time: 3.03 s
[15689.00,994.00],
[23374.00,494.00],
[15346.00,1662.00],
[19035.00,496.00],
[13021.00,2500.00],
[13346.00,2156.00],
[18695.00,990.00],
[16025.00,992.00],
*****************************t=34*****************************
35 generation time: 3.12 s
[15689.00,994.00],
[23374.00,494.00],
[15346.00,1662.00],
[19035.00,496.00],
[13021.00,2500.00],
[13346.00,2156.00],
[18695.00,990.00],
[16025.00,992.00],
*****************************t=35*****************************
36 generation time: 3.20 s
[15689.00,994.00],
[23374.00,494.00],
[15346.00,1662.00],
[19035.00,496.00],
[13021.00,2500.00],
[13346.00,2156.00],
[18695.00,990.00],
[16025.00,992.00],
*****************************t=36*****************************
37 generation time: 3.30 s
[15689.00,994.00],
[20696.00,494.00],
[15346.00,1662.00],
[19035.00,496.00],
[13021.00,2500.00],
[13346.00,2156.00],
[18695.00,990.00],
[16025.00,992.00],
*****************************t=37*****************************
time to convergence: 3.36 s	
38 generation time: 3.37 s
[15689.00,994.00],
[20696.00,494.00],
[15346.00,1662.00],
[19035.00,496.00],
[13021.00,2500.00],
[13346.00,2156.00],
[18695.00,990.00],
[16025.00,992.00],
[15366.00,1660.00],
*****************************t=38*****************************
39 generation time: 3.47 s
[15689.00,994.00],
[20696.00,494.00],
[15346.00,1662.00],
[19035.00,496.00],
[13021.00,2500.00],
[13346.00,2156.00],
[18695.00,990.00],
[16025.00,992.00],
[15366.00,1660.00],
*****************************t=39*****************************
40 generation time: 3.56 s
[15689.00,994.00],
[20696.00,494.00],
[15346.00,1662.00],
[19035.00,496.00],
[13021.00,2500.00],
[13346.00,2156.00],
[18695.00,990.00],
[16025.00,992.00],
[15366.00,1660.00],
*****************************t=40*****************************
41 generation time: 3.64 s
[15689.00,994.00],
[20696.00,494.00],
[15346.00,1662.00],
[19035.00,496.00],
[13021.00,2500.00],
[13346.00,2156.00],
[18695.00,990.00],
[16025.00,992.00],
[15366.00,1660.00],
*****************************t=41*****************************
42 generation time: 3.73 s
[15689.00,994.00],
[20696.00,494.00],
[14363.00,1660.00],
[19035.00,496.00],
[13021.00,2500.00],
[13346.00,2156.00],
[18695.00,990.00],
[16025.00,992.00],
*****************************t=42*****************************
43 generation time: 3.81 s
[15689.00,994.00],
[20696.00,494.00],
[14363.00,1660.00],
[19035.00,496.00],
[13021.00,2500.00],
[13346.00,2156.00],
[18695.00,990.00],
[16025.00,992.00],
*****************************t=43*****************************
44 generation time: 3.91 s
[15689.00,994.00],
[20696.00,494.00],
[14363.00,1660.00],
[17697.00,496.00],
[13021.00,2500.00],
[13346.00,2156.00],
[16025.00,992.00],
*****************************t=44*****************************
45 generation time: 4.00 s
[15689.00,994.00],
[20696.00,494.00],
[14363.00,1660.00],
[17697.00,496.00],
[13021.00,2500.00],
[13346.00,2156.00],
[16025.00,992.00],
*****************************t=45*****************************
46 generation time: 4.09 s
[15689.00,994.00],
[20696.00,494.00],
[14363.00,1660.00],
[17697.00,496.00],
[13021.00,2500.00],
[13346.00,2156.00],
[16025.00,992.00],
*****************************t=46*****************************
47 generation time: 4.18 s
[15689.00,994.00],
[20696.00,494.00],
[14363.00,1660.00],
[17697.00,496.00],
[13021.00,2500.00],
[13346.00,2156.00],
[16025.00,992.00],
*****************************t=47*****************************
48 generation time: 4.27 s
[15689.00,994.00],
[20696.00,494.00],
[14363.00,1660.00],
[17697.00,496.00],
[13021.00,2500.00],
[13346.00,2156.00],
[16025.00,992.00],
*****************************t=48*****************************
49 generation time: 4.36 s
[15689.00,994.00],
[20696.00,494.00],
[14363.00,1660.00],
[17697.00,496.00],
[13021.00,2500.00],
[13346.00,2156.00],
[16025.00,992.00],
*****************************t=49*****************************
50 generation time: 4.45 s
[15689.00,994.00],
[20696.00,494.00],
[14363.00,1660.00],
[17697.00,496.00],
[13021.00,2500.00],
[13346.00,2156.00],
[16025.00,992.00],
*****************************t=50*****************************
51 generation time: 4.54 s
[15689.00,994.00],
[20696.00,494.00],
[14363.00,1660.00],
[17697.00,496.00],
[13021.00,2500.00],
[13346.00,2156.00],
[16025.00,992.00],
*****************************t=51*****************************
52 generation time: 4.63 s
[15689.00,994.00],
[20696.00,494.00],
[14363.00,1660.00],
[17697.00,496.00],
[13021.00,2500.00],
[13346.00,2156.00],
[16025.00,992.00],
*****************************t=52*****************************
53 generation time: 4.71 s
[15689.00,994.00],
[20696.00,494.00],
[14363.00,1660.00],
[17697.00,496.00],
[13021.00,2500.00],
[13346.00,2156.00],
[16025.00,992.00],
*****************************t=53*****************************
54 generation time: 4.80 s
[15689.00,994.00],
[20032.00,494.00],
[14363.00,1660.00],
[17697.00,496.00],
[13021.00,2500.00],
[13346.00,2156.00],
[16025.00,992.00],
*****************************t=54*****************************
55 generation time: 4.89 s
[15689.00,994.00],
[20032.00,494.00],
[14363.00,1660.00],
[17697.00,496.00],
[13021.00,2500.00],
[13346.00,2156.00],
[16025.00,992.00],
*****************************t=55*****************************
56 generation time: 4.98 s
[15689.00,994.00],
[20032.00,494.00],
[14363.00,1660.00],
[17697.00,496.00],
[13021.00,2500.00],
[13346.00,2156.00],
[16025.00,992.00],
*****************************t=56*****************************
57 generation time: 5.07 s
[15689.00,994.00],
[18030.00,494.00],
[14363.00,1660.00],
[17697.00,496.00],
[13021.00,2500.00],
[13346.00,2156.00],
[16025.00,992.00],
*****************************t=57*****************************
58 generation time: 5.16 s
[14690.00,498.00],
[18030.00,494.00],
[14363.00,1660.00],
[17697.00,496.00],
[13021.00,2500.00],
[13346.00,2156.00],
*****************************t=58*****************************
59 generation time: 5.25 s
[14690.00,498.00],
[18030.00,494.00],
[14363.00,1660.00],
[17697.00,496.00],
[13021.00,2500.00],
[13346.00,2156.00],
*****************************t=59*****************************
time to convergence: 5.31 s	
60 generation time: 5.34 s
[14690.00,498.00],
[18030.00,494.00],
[14363.00,1660.00],
[17697.00,496.00],
[13021.00,2500.00],
[13346.00,2156.00],
[12683.00,3660.00],
*****************************t=60*****************************
61 generation time: 5.42 s
[14690.00,498.00],
[18030.00,494.00],
[14363.00,1660.00],
[17697.00,496.00],
[13021.00,2500.00],
[13346.00,2156.00],
[12683.00,3660.00],
*****************************t=61*****************************
62 generation time: 5.51 s
[14690.00,498.00],
[18030.00,494.00],
[14363.00,1660.00],
[17697.00,496.00],
[13021.00,2500.00],
[13346.00,2156.00],
[12683.00,3660.00],
*****************************t=62*****************************
63 generation time: 5.60 s
[14690.00,498.00],
[18030.00,494.00],
[14363.00,1660.00],
[17697.00,496.00],
[13021.00,2500.00],
[13346.00,2156.00],
[12683.00,3660.00],
*****************************t=63*****************************
64 generation time: 5.67 s
[14690.00,498.00],
[18030.00,494.00],
[14363.00,1660.00],
[17697.00,496.00],
[13021.00,2500.00],
[13346.00,2156.00],
[12683.00,3660.00],
*****************************t=64*****************************
65 generation time: 5.77 s
[14690.00,498.00],
[18030.00,494.00],
[14363.00,1660.00],
[17697.00,496.00],
[12691.00,1826.00],
[12683.00,3660.00],
*****************************t=65*****************************
66 generation time: 5.85 s
[14690.00,498.00],
[18030.00,494.00],
[14363.00,1660.00],
[17697.00,496.00],
[12686.00,1662.00],
[12683.00,3660.00],
*****************************t=66*****************************
67 generation time: 5.92 s
[14690.00,498.00],
[17695.00,494.00],
[14363.00,1660.00],
[12686.00,1662.00],
[12683.00,3660.00],
*****************************t=67*****************************
68 generation time: 6.00 s
[14690.00,498.00],
[17366.00,494.00],
[14363.00,1660.00],
[12686.00,1662.00],
[12683.00,3660.00],
*****************************t=68*****************************
69 generation time: 6.08 s
[14690.00,498.00],
[17366.00,494.00],
[14363.00,1660.00],
[12686.00,1662.00],
[12683.00,3660.00],
*****************************t=69*****************************
70 generation time: 6.17 s
[14690.00,498.00],
[17366.00,494.00],
[14363.00,1660.00],
[12686.00,1662.00],
[12680.00,2326.00],
*****************************t=70*****************************
71 generation time: 6.25 s
[14690.00,498.00],
[17366.00,494.00],
[14363.00,1660.00],
[12686.00,1662.00],
[12680.00,2326.00],
*****************************t=71*****************************
72 generation time: 6.35 s
[14690.00,498.00],
[17366.00,494.00],
[14363.00,1660.00],
[12686.00,1662.00],
[12680.00,2326.00],
*****************************t=72*****************************
73 generation time: 6.44 s
[14690.00,498.00],
[17366.00,494.00],
[14363.00,1660.00],
[12686.00,1662.00],
[12680.00,2326.00],
*****************************t=73*****************************
74 generation time: 6.52 s
[14690.00,498.00],
[17366.00,494.00],
[14363.00,1660.00],
[12686.00,1662.00],
[12680.00,2326.00],
*****************************t=74*****************************
75 generation time: 6.61 s
[14690.00,498.00],
[17366.00,494.00],
[14363.00,1660.00],
[12686.00,1662.00],
[12680.00,2326.00],
*****************************t=75*****************************
76 generation time: 6.71 s
[14690.00,498.00],
[17366.00,494.00],
[14363.00,1660.00],
[12686.00,1662.00],
[12680.00,2326.00],
*****************************t=76*****************************
77 generation time: 6.78 s
[14690.00,498.00],
[17366.00,494.00],
[14363.00,1660.00],
[12686.00,1662.00],
[12680.00,2326.00],
*****************************t=77*****************************
time to convergence: 6.85 s	
78 generation time: 6.88 s
[14690.00,498.00],
[17366.00,494.00],
[14363.00,1660.00],
[12686.00,1662.00],
[12680.00,2326.00],
[14684.00,994.00],
*****************************t=78*****************************
79 generation time: 6.97 s
[14690.00,494.00],
[14363.00,1660.00],
[12686.00,1662.00],
[12680.00,2326.00],
[14684.00,994.00],
*****************************t=79*****************************
80 generation time: 7.06 s
[14690.00,494.00],
[14363.00,1660.00],
[12686.00,1662.00],
[12680.00,2326.00],
[14684.00,994.00],
*****************************t=80*****************************
81 generation time: 7.14 s
[14690.00,494.00],
[14363.00,1660.00],
[12686.00,1662.00],
[12680.00,2326.00],
[14684.00,994.00],
*****************************t=81*****************************
82 generation time: 7.24 s
[14690.00,494.00],
[14363.00,1660.00],
[12686.00,1662.00],
[12680.00,2326.00],
[14684.00,994.00],
*****************************t=82*****************************
83 generation time: 7.33 s
[14690.00,494.00],
[14363.00,1660.00],
[12686.00,1662.00],
[12680.00,2326.00],
[14684.00,994.00],
*****************************t=83*****************************
84 generation time: 7.41 s
[14690.00,494.00],
[14363.00,1660.00],
[12686.00,1662.00],
[12680.00,2326.00],
[14684.00,994.00],
*****************************t=84*****************************
85 generation time: 7.50 s
[14690.00,494.00],
[14363.00,1660.00],
[12686.00,1662.00],
[12680.00,2326.00],
[14684.00,994.00],
*****************************t=85*****************************
86 generation time: 7.58 s
[14690.00,494.00],
[14363.00,1660.00],
[12686.00,1662.00],
[12680.00,2326.00],
[14684.00,994.00],
*****************************t=86*****************************
87 generation time: 7.67 s
[14690.00,494.00],
[14363.00,1660.00],
[12686.00,1662.00],
[12680.00,2326.00],
[14684.00,994.00],
*****************************t=87*****************************
88 generation time: 7.77 s
[14690.00,494.00],
[14017.00,1160.00],
[12686.00,1662.00],
[12680.00,2326.00],
[14684.00,994.00],
*****************************t=88*****************************
89 generation time: 7.85 s
[14690.00,494.00],
[14017.00,1160.00],
[12686.00,1662.00],
[12680.00,2326.00],
[14684.00,994.00],
*****************************t=89*****************************
90 generation time: 7.94 s
[14690.00,494.00],
[14017.00,1160.00],
[12686.00,1662.00],
[12680.00,2326.00],
[14684.00,994.00],
*****************************t=90*****************************
91 generation time: 8.04 s
[14690.00,494.00],
[13358.00,1160.00],
[12686.00,1662.00],
[12680.00,2326.00],
[14684.00,994.00],
*****************************t=91*****************************
92 generation time: 8.13 s
[14690.00,494.00],
[12368.00,1160.00],
[14684.00,994.00],
*****************************t=92*****************************
time to convergence: 8.19 s	
93 generation time: 8.22 s
[14690.00,494.00],
[12368.00,1160.00],
[14684.00,994.00],
[10692.00,2324.00],
*****************************t=93*****************************
94 generation time: 8.31 s
[14690.00,494.00],
[12368.00,1160.00],
[14684.00,994.00],
[10692.00,2324.00],
*****************************t=94*****************************
95 generation time: 8.40 s
[14690.00,494.00],
[12368.00,1160.00],
[14684.00,994.00],
[10692.00,2324.00],
*****************************t=95*****************************
96 generation time: 8.48 s
[14690.00,494.00],
[12368.00,1160.00],
[14684.00,994.00],
[10692.00,2324.00],
*****************************t=96*****************************
97 generation time: 8.57 s
[14690.00,494.00],
[12368.00,1160.00],
[14027.00,994.00],
[10692.00,2324.00],
*****************************t=97*****************************
98 generation time: 8.65 s
[14690.00,494.00],
[12019.00,992.00],
[10692.00,2324.00],
*****************************t=98*****************************
99 generation time: 8.74 s
[14690.00,494.00],
[12019.00,992.00],
[10692.00,2324.00],
*****************************t=99*****************************
100 generation time: 8.84 s
[14690.00,494.00],
[12019.00,992.00],
[10692.00,2324.00],
[14690.00,494.00],
[12019.00,992.00],
[10692.00,2324.00],
tot = 3
total time: 8.88 s
