m = 4 n = 28
pop = 30 gen = 100
init...begin
init...done
*****************************t=0*****************************
time to convergence: 0.08 s	
time to convergence: 0.08 s	
1 generation time: 0.11 s
[19706.00,496.00],
[13363.00,2330.00],
[17703.00,1006.00],
*****************************t=1*****************************
2 generation time: 0.21 s
[19706.00,496.00],
[13363.00,2330.00],
[17703.00,1006.00],
*****************************t=2*****************************
time to convergence: 0.27 s	
time to convergence: 0.27 s	
3 generation time: 0.31 s
[19706.00,496.00],
[13363.00,2330.00],
[17703.00,1006.00],
[17364.00,1662.00],
[24718.00,494.00],
*****************************t=3*****************************
4 generation time: 0.41 s
[19706.00,496.00],
[13363.00,2330.00],
[17703.00,1006.00],
[17364.00,1662.00],
[24718.00,494.00],
*****************************t=4*****************************
5 generation time: 0.51 s
[19706.00,496.00],
[13363.00,2330.00],
[16373.00,504.00],
[24718.00,494.00],
*****************************t=5*****************************
6 generation time: 0.61 s
[19706.00,496.00],
[13363.00,2330.00],
[16373.00,504.00],
[24718.00,494.00],
*****************************t=6*****************************
time to convergence: 0.68 s	
7 generation time: 0.71 s
[19706.00,496.00],
[13363.00,2330.00],
[16373.00,504.00],
[24718.00,494.00],
[15031.00,998.00],
*****************************t=7*****************************
8 generation time: 0.81 s
[19706.00,496.00],
[13363.00,2330.00],
[16373.00,504.00],
[24718.00,494.00],
[15031.00,998.00],
*****************************t=8*****************************
9 generation time: 0.91 s
[19706.00,496.00],
[13363.00,2330.00],
[16373.00,504.00],
[24718.00,494.00],
[15031.00,998.00],
*****************************t=9*****************************
10 generation time: 1.00 s
[19706.00,496.00],
[13363.00,2330.00],
[16373.00,504.00],
[24718.00,494.00],
[15031.00,998.00],
*****************************t=10*****************************
11 generation time: 1.10 s
[19706.00,496.00],
[13363.00,2330.00],
[16373.00,504.00],
[24718.00,494.00],
[15031.00,998.00],
*****************************t=11*****************************
12 generation time: 1.20 s
[19706.00,496.00],
[13363.00,2330.00],
[16373.00,504.00],
[24718.00,494.00],
[15031.00,998.00],
*****************************t=12*****************************
13 generation time: 1.29 s
[19706.00,496.00],
[13363.00,2330.00],
[16373.00,504.00],
[24718.00,494.00],
[15031.00,998.00],
*****************************t=13*****************************
14 generation time: 1.39 s
[19706.00,496.00],
[10683.00,1826.00],
[16373.00,504.00],
[24718.00,494.00],
[15031.00,998.00],
*****************************t=14*****************************
time to convergence: 1.46 s	
15 generation time: 1.49 s
[19706.00,496.00],
[10683.00,1826.00],
[16373.00,504.00],
[24718.00,494.00],
[15031.00,998.00],
[10703.00,1160.00],
*****************************t=15*****************************
16 generation time: 1.59 s
[19706.00,496.00],
[10683.00,1826.00],
[16373.00,504.00],
[24718.00,494.00],
[15031.00,998.00],
[10703.00,1160.00],
*****************************t=16*****************************
17 generation time: 1.69 s
[19706.00,496.00],
[10683.00,1826.00],
[16373.00,504.00],
[24718.00,494.00],
[15031.00,998.00],
[10703.00,1160.00],
*****************************t=17*****************************
time to convergence: 1.76 s	
18 generation time: 1.80 s
[19706.00,496.00],
[10683.00,1826.00],
[16373.00,504.00],
[24718.00,494.00],
[15031.00,998.00],
[10703.00,1160.00],
[19375.00,502.00],
*****************************t=18*****************************
19 generation time: 1.91 s
[19706.00,496.00],
[10683.00,1826.00],
[16373.00,504.00],
[24718.00,494.00],
[15031.00,998.00],
[10703.00,1160.00],
[19375.00,502.00],
*****************************t=19*****************************
20 generation time: 2.02 s
[19706.00,496.00],
[10683.00,1826.00],
[16373.00,504.00],
[24718.00,494.00],
[15031.00,998.00],
[10703.00,1160.00],
[19375.00,502.00],
*****************************t=20*****************************
21 generation time: 2.16 s
[19706.00,496.00],
[10683.00,1826.00],
[16373.00,504.00],
[20703.00,494.00],
[15031.00,998.00],
[10703.00,1160.00],
[19375.00,502.00],
*****************************t=21*****************************
22 generation time: 2.27 s
[19706.00,496.00],
[10683.00,1826.00],
[16373.00,504.00],
[20703.00,494.00],
[15031.00,998.00],
[10703.00,1160.00],
[19375.00,502.00],
*****************************t=22*****************************
23 generation time: 2.38 s
[19706.00,496.00],
[10683.00,1826.00],
[16373.00,504.00],
[20703.00,494.00],
[15031.00,998.00],
[10703.00,1160.00],
[19375.00,502.00],
*****************************t=23*****************************
24 generation time: 2.49 s
[19706.00,496.00],
[10683.00,1826.00],
[16373.00,504.00],
[20703.00,494.00],
[15031.00,998.00],
[10703.00,1160.00],
[19375.00,502.00],
*****************************t=24*****************************
25 generation time: 2.59 s
[19364.00,494.00],
[10683.00,1826.00],
[16373.00,504.00],
[15031.00,998.00],
[10703.00,1160.00],
*****************************t=25*****************************
26 generation time: 2.70 s
[19364.00,494.00],
[10683.00,1826.00],
[16373.00,504.00],
[15031.00,998.00],
[10703.00,1160.00],
*****************************t=26*****************************
27 generation time: 2.80 s
[19364.00,494.00],
[10683.00,1826.00],
[16373.00,504.00],
[15031.00,998.00],
[10703.00,1160.00],
*****************************t=27*****************************
28 generation time: 2.90 s
[19364.00,494.00],
[10683.00,1826.00],
[16373.00,504.00],
[15031.00,998.00],
[10703.00,1160.00],
*****************************t=28*****************************
time to convergence: 2.98 s	
29 generation time: 3.01 s
[19364.00,494.00],
[10683.00,1826.00],
[16373.00,504.00],
[15031.00,998.00],
[10703.00,1160.00],
[19030.00,498.00],
*****************************t=29*****************************
30 generation time: 3.12 s
[19364.00,494.00],
[10683.00,1826.00],
[16373.00,504.00],
[13686.00,506.00],
[10703.00,1160.00],
[19030.00,498.00],
*****************************t=30*****************************
31 generation time: 3.23 s
[19364.00,494.00],
[10683.00,1826.00],
[16373.00,504.00],
[13686.00,506.00],
[10703.00,1160.00],
[19030.00,498.00],
*****************************t=31*****************************
32 generation time: 3.34 s
[19364.00,494.00],
[10683.00,1826.00],
[16373.00,504.00],
[13686.00,506.00],
[10703.00,1160.00],
[19030.00,498.00],
*****************************t=32*****************************
33 generation time: 3.45 s
[19364.00,494.00],
[10683.00,1826.00],
[15696.00,500.00],
[13686.00,506.00],
[10703.00,1160.00],
[19030.00,498.00],
*****************************t=33*****************************
time to convergence: 3.52 s	
34 generation time: 3.55 s
[19364.00,494.00],
[9688.00,1826.00],
[15696.00,500.00],
[13686.00,506.00],
[10703.00,1160.00],
[19030.00,498.00],
[12682.00,994.00],
*****************************t=34*****************************
35 generation time: 3.65 s
[19364.00,494.00],
[9688.00,1826.00],
[15696.00,500.00],
[13686.00,506.00],
[10703.00,1160.00],
[19030.00,498.00],
[12682.00,994.00],
*****************************t=35*****************************
36 generation time: 3.75 s
[19364.00,494.00],
[9688.00,1826.00],
[15696.00,500.00],
[13686.00,506.00],
[10703.00,1160.00],
[16014.00,498.00],
[12682.00,994.00],
*****************************t=36*****************************
37 generation time: 3.84 s
[19364.00,494.00],
[9688.00,1826.00],
[15696.00,500.00],
[13686.00,506.00],
[10703.00,1160.00],
[16014.00,498.00],
[12682.00,994.00],
*****************************t=37*****************************
38 generation time: 3.94 s
[19364.00,494.00],
[9688.00,1826.00],
[15696.00,500.00],
[13686.00,506.00],
[10703.00,1160.00],
[16014.00,498.00],
[12682.00,994.00],
*****************************t=38*****************************
time to convergence: 4.01 s	
39 generation time: 4.04 s
[19364.00,494.00],
[9688.00,1826.00],
[15696.00,500.00],
[13686.00,506.00],
[10703.00,1160.00],
[16014.00,498.00],
[12682.00,994.00],
[8338.00,2162.00],
*****************************t=39*****************************
40 generation time: 4.14 s
[19364.00,494.00],
[9688.00,1826.00],
[15696.00,500.00],
[13686.00,506.00],
[10703.00,1160.00],
[16014.00,498.00],
[12682.00,994.00],
[8338.00,2162.00],
*****************************t=40*****************************
41 generation time: 4.24 s
[19364.00,494.00],
[9688.00,1826.00],
[15696.00,500.00],
[12679.00,504.00],
[10703.00,1160.00],
[16014.00,498.00],
[8338.00,2162.00],
*****************************t=41*****************************
42 generation time: 4.35 s
[19364.00,494.00],
[9688.00,1826.00],
[15696.00,500.00],
[12679.00,504.00],
[10703.00,1160.00],
[16014.00,498.00],
[8338.00,2162.00],
*****************************t=42*****************************
43 generation time: 4.46 s
[19364.00,494.00],
[9688.00,1826.00],
[15696.00,500.00],
[12679.00,504.00],
[10703.00,1160.00],
[16014.00,498.00],
[8338.00,2162.00],
*****************************t=43*****************************
44 generation time: 4.56 s
[19364.00,494.00],
[9688.00,1826.00],
[15696.00,500.00],
[12679.00,504.00],
[10703.00,1160.00],
[16014.00,498.00],
[8338.00,2162.00],
*****************************t=44*****************************
45 generation time: 4.67 s
[19364.00,494.00],
[9688.00,1826.00],
[15696.00,500.00],
[12679.00,504.00],
[10703.00,1160.00],
[16014.00,498.00],
[8338.00,2162.00],
*****************************t=45*****************************
46 generation time: 4.76 s
[19364.00,494.00],
[9688.00,1826.00],
[15696.00,500.00],
[12679.00,504.00],
[10703.00,1160.00],
[16014.00,498.00],
[8338.00,2162.00],
*****************************t=46*****************************
47 generation time: 4.87 s
[19364.00,494.00],
[9688.00,1826.00],
[15696.00,500.00],
[12679.00,504.00],
[10703.00,1160.00],
[16014.00,498.00],
[8338.00,2162.00],
*****************************t=47*****************************
48 generation time: 4.97 s
[19364.00,494.00],
[9688.00,1826.00],
[15696.00,500.00],
[12679.00,504.00],
[10703.00,1160.00],
[16014.00,498.00],
[8338.00,2162.00],
*****************************t=48*****************************
time to convergence: 5.04 s	
49 generation time: 5.07 s
[19364.00,494.00],
[9688.00,1826.00],
[15696.00,500.00],
[12679.00,504.00],
[10688.00,1160.00],
[16014.00,498.00],
[8338.00,2162.00],
[19030.00,496.00],
*****************************t=49*****************************
50 generation time: 5.17 s
[19364.00,494.00],
[9688.00,1826.00],
[15696.00,500.00],
[12679.00,504.00],
[10688.00,1160.00],
[16014.00,498.00],
[8338.00,2162.00],
[19030.00,496.00],
*****************************t=50*****************************
51 generation time: 5.27 s
[19364.00,494.00],
[9688.00,1826.00],
[15696.00,500.00],
[12679.00,504.00],
[10688.00,1160.00],
[16014.00,498.00],
[8338.00,2162.00],
[19030.00,496.00],
*****************************t=51*****************************
52 generation time: 5.37 s
[19364.00,494.00],
[9688.00,1826.00],
[15696.00,500.00],
[12679.00,504.00],
[10688.00,1160.00],
[16014.00,498.00],
[8338.00,2162.00],
[19030.00,496.00],
*****************************t=52*****************************
53 generation time: 5.46 s
[19364.00,494.00],
[9688.00,1826.00],
[15696.00,500.00],
[12679.00,504.00],
[10688.00,1160.00],
[16014.00,498.00],
[8338.00,2162.00],
[19030.00,496.00],
*****************************t=53*****************************
54 generation time: 5.56 s
[13348.00,494.00],
[9688.00,1826.00],
[12679.00,504.00],
[10688.00,1160.00],
[8338.00,2162.00],
*****************************t=54*****************************
time to convergence: 5.63 s	
55 generation time: 5.66 s
[13348.00,494.00],
[9688.00,1826.00],
[12679.00,504.00],
[10688.00,1160.00],
[8338.00,2162.00],
[13014.00,496.00],
*****************************t=55*****************************
56 generation time: 5.78 s
[13348.00,494.00],
[9688.00,1826.00],
[12679.00,504.00],
[10688.00,1160.00],
[8338.00,2162.00],
[13014.00,496.00],
*****************************t=56*****************************
57 generation time: 5.88 s
[13348.00,494.00],
[9688.00,1826.00],
[12679.00,504.00],
[10373.00,1160.00],
[8338.00,2162.00],
[13014.00,496.00],
*****************************t=57*****************************
time to convergence: 5.94 s	
58 generation time: 5.98 s
[13348.00,494.00],
[9688.00,1826.00],
[12679.00,504.00],
[10373.00,1160.00],
[8338.00,2162.00],
[13014.00,496.00],
[11680.00,996.00],
*****************************t=58*****************************
59 generation time: 6.09 s
[13348.00,494.00],
[9688.00,1826.00],
[12679.00,504.00],
[10373.00,1160.00],
[8338.00,2162.00],
[13014.00,496.00],
[11350.00,996.00],
*****************************t=59*****************************
60 generation time: 6.20 s
[13348.00,494.00],
[9688.00,1826.00],
[12679.00,504.00],
[10373.00,1160.00],
[8338.00,2162.00],
[13014.00,496.00],
[11350.00,996.00],
*****************************t=60*****************************
61 generation time: 6.31 s
[13348.00,494.00],
[9688.00,1826.00],
[12679.00,504.00],
[10373.00,1160.00],
[8338.00,2162.00],
[13014.00,496.00],
[11350.00,996.00],
*****************************t=61*****************************
time to convergence: 6.38 s	
62 generation time: 6.42 s
[13348.00,494.00],
[9363.00,1826.00],
[12679.00,504.00],
[10373.00,1160.00],
[8338.00,2162.00],
[13014.00,496.00],
[11350.00,996.00],
[10018.00,1662.00],
*****************************t=62*****************************
63 generation time: 6.52 s
[13348.00,494.00],
[9363.00,1826.00],
[12679.00,504.00],
[10373.00,1160.00],
[8338.00,2162.00],
[13014.00,496.00],
[11350.00,996.00],
[10018.00,1662.00],
*****************************t=63*****************************
64 generation time: 6.62 s
[13348.00,494.00],
[9363.00,1826.00],
[12679.00,504.00],
[10373.00,1160.00],
[8338.00,2162.00],
[13014.00,496.00],
[11350.00,996.00],
[10018.00,1662.00],
*****************************t=64*****************************
65 generation time: 6.71 s
[13348.00,494.00],
[9363.00,1826.00],
[12679.00,504.00],
[10373.00,1160.00],
[8338.00,2162.00],
[13014.00,496.00],
[11350.00,996.00],
[10018.00,1662.00],
*****************************t=65*****************************
66 generation time: 6.82 s
[12011.00,494.00],
[9363.00,1826.00],
[10373.00,1160.00],
[8338.00,2162.00],
[11350.00,996.00],
[10018.00,1662.00],
*****************************t=66*****************************
67 generation time: 6.92 s
[12011.00,494.00],
[9363.00,1826.00],
[10373.00,1160.00],
[8338.00,2162.00],
[11350.00,996.00],
[10018.00,1662.00],
*****************************t=67*****************************
68 generation time: 7.03 s
[12011.00,494.00],
[9351.00,1826.00],
[10373.00,1160.00],
[8338.00,2162.00],
[11350.00,996.00],
[10018.00,1662.00],
*****************************t=68*****************************
69 generation time: 7.13 s
[12011.00,494.00],
[9351.00,1826.00],
[10373.00,1160.00],
[8338.00,2162.00],
[11350.00,996.00],
[10018.00,1662.00],
*****************************t=69*****************************
70 generation time: 7.22 s
[12011.00,494.00],
[9345.00,1662.00],
[10373.00,1160.00],
[8338.00,2162.00],
[11350.00,996.00],
*****************************t=70*****************************
time to convergence: 7.29 s	
71 generation time: 7.32 s
[12011.00,494.00],
[9345.00,1660.00],
[10373.00,1160.00],
[8338.00,2162.00],
[11350.00,996.00],
[10016.00,1498.00],
*****************************t=71*****************************
72 generation time: 7.44 s
[12011.00,494.00],
[9345.00,1660.00],
[10373.00,1160.00],
[8338.00,2162.00],
[11350.00,996.00],
[10016.00,1498.00],
*****************************t=72*****************************
73 generation time: 7.53 s
[12011.00,494.00],
[9345.00,1660.00],
[10373.00,1160.00],
[8338.00,2162.00],
[11350.00,996.00],
[10016.00,1498.00],
*****************************t=73*****************************
74 generation time: 7.63 s
[12011.00,494.00],
[9345.00,1660.00],
[10373.00,1160.00],
[8338.00,2162.00],
[11350.00,996.00],
[10016.00,1498.00],
*****************************t=74*****************************
75 generation time: 7.73 s
[12011.00,494.00],
[9345.00,1660.00],
[10373.00,1160.00],
[8338.00,2162.00],
[11350.00,996.00],
[10016.00,1498.00],
*****************************t=75*****************************
76 generation time: 7.85 s
[12011.00,494.00],
[9345.00,1660.00],
[9346.00,1160.00],
[7671.00,1664.00],
[11350.00,996.00],
*****************************t=76*****************************
time to convergence: 7.91 s	
77 generation time: 7.94 s
[12011.00,494.00],
[9345.00,1660.00],
[9346.00,1160.00],
[7671.00,1664.00],
[11350.00,996.00],
[11680.00,994.00],
*****************************t=77*****************************
time to convergence: 8.02 s	
78 generation time: 8.06 s
[12011.00,494.00],
[9345.00,1660.00],
[9346.00,1160.00],
[7671.00,1664.00],
[11350.00,996.00],
[11680.00,994.00],
[9010.00,1662.00],
*****************************t=78*****************************
79 generation time: 8.15 s
[12011.00,494.00],
[9345.00,1660.00],
[9346.00,1160.00],
[7671.00,1664.00],
[11350.00,996.00],
[11680.00,994.00],
[9010.00,1662.00],
*****************************t=79*****************************
80 generation time: 8.25 s
[12011.00,494.00],
[9345.00,1660.00],
[9346.00,1160.00],
[7671.00,1664.00],
[11350.00,996.00],
[11680.00,994.00],
[9010.00,1662.00],
*****************************t=80*****************************
81 generation time: 8.35 s
[12011.00,494.00],
[8678.00,1160.00],
[7671.00,1664.00],
[11350.00,996.00],
[11680.00,994.00],
*****************************t=81*****************************
time to convergence: 8.41 s	
82 generation time: 8.45 s
[12011.00,494.00],
[8678.00,1160.00],
[7671.00,1664.00],
[11350.00,996.00],
[11680.00,994.00],
[11701.00,498.00],
*****************************t=82*****************************
83 generation time: 8.55 s
[12011.00,494.00],
[8678.00,1160.00],
[7671.00,1664.00],
[11350.00,996.00],
[11680.00,994.00],
[11701.00,498.00],
*****************************t=83*****************************
84 generation time: 8.66 s
[12011.00,494.00],
[8678.00,1160.00],
[7671.00,1662.00],
[11350.00,996.00],
[11680.00,994.00],
[11701.00,498.00],
*****************************t=84*****************************
85 generation time: 8.78 s
[11680.00,494.00],
[8678.00,1160.00],
[7671.00,1662.00],
[11350.00,996.00],
*****************************t=85*****************************
86 generation time: 8.89 s
[11680.00,494.00],
[8678.00,1160.00],
[7671.00,1662.00],
[11350.00,996.00],
*****************************t=86*****************************
87 generation time: 9.00 s
[11680.00,494.00],
[8678.00,1160.00],
[7671.00,1662.00],
[11350.00,996.00],
*****************************t=87*****************************
88 generation time: 9.10 s
[11680.00,494.00],
[8678.00,1160.00],
[7671.00,1662.00],
[11350.00,996.00],
*****************************t=88*****************************
89 generation time: 9.23 s
[11680.00,494.00],
[8678.00,1160.00],
[7671.00,1662.00],
[11350.00,996.00],
*****************************t=89*****************************
90 generation time: 9.32 s
[11680.00,494.00],
[8678.00,1160.00],
[7671.00,1662.00],
[11350.00,996.00],
*****************************t=90*****************************
91 generation time: 9.43 s
[11680.00,494.00],
[8678.00,1160.00],
[7671.00,1662.00],
[11350.00,996.00],
*****************************t=91*****************************
92 generation time: 9.52 s
[11680.00,494.00],
[8678.00,1160.00],
[7671.00,1662.00],
[11350.00,996.00],
*****************************t=92*****************************
93 generation time: 9.62 s
[11680.00,494.00],
[8678.00,1160.00],
[7671.00,1662.00],
[11350.00,996.00],
*****************************t=93*****************************
94 generation time: 9.72 s
[11680.00,494.00],
[8678.00,1160.00],
[7671.00,1662.00],
[11350.00,996.00],
*****************************t=94*****************************
95 generation time: 9.82 s
[11680.00,494.00],
[8678.00,1160.00],
[7671.00,1662.00],
[11350.00,996.00],
*****************************t=95*****************************
96 generation time: 9.93 s
[11680.00,494.00],
[8678.00,1160.00],
[7671.00,1662.00],
[11350.00,996.00],
*****************************t=96*****************************
97 generation time: 10.05 s
[11680.00,494.00],
[8678.00,1160.00],
[7671.00,1662.00],
[11350.00,996.00],
*****************************t=97*****************************
98 generation time: 10.15 s
[11680.00,494.00],
[8678.00,1160.00],
[7671.00,1662.00],
[11350.00,996.00],
*****************************t=98*****************************
time to convergence: 10.21 s	
99 generation time: 10.25 s
[11019.00,494.00],
[8678.00,1160.00],
[7671.00,1662.00],
[7670.00,1664.00],
*****************************t=99*****************************
100 generation time: 10.36 s
[11019.00,494.00],
[8678.00,1160.00],
[7671.00,1662.00],
[7670.00,1664.00],
[11019.00,494.00],
[8678.00,1160.00],
[7671.00,1662.00],
[7670.00,1664.00],
tot = 4
total time: 10.41 s
