m = 4 n = 262
pop = 30 gen = 400
init...begin
greedy begin
here新生成机器
第0个机器: 64 66 68 97 123 134 144 153 164 165 179 184 189 190 191 192 193 194 197 198 201 209 210 213 215 222 223 225 227 229 232 233 234 236 237 238 241 243 244 245 247 249 251 253 254 256 257 258 259 260 261 40 76 83 86 103 107 116 146 154 168 169 172 176 178 
第1个机器: 181 182 183 187 199 200 203 205 206 207 217 218 219 220 224 226 230 231 235 239 242 246 252 255 39 67 99 105 125 131 132 138 139 141 150 157 158 161 163 167 171 173 175 177 186 195 196 202 204 208 212 214 216 221 228 240 248 250 10 15 19 24 46 61 82 
第2个机器: 88 100 101 109 117 119 120 121 122 124 126 133 135 136 137 140 142 143 147 148 149 152 155 156 160 162 166 174 180 185 188 211 31 43 50 58 60 65 73 79 84 89 90 93 94 96 98 104 106 108 111 113 114 115 118 129 130 145 151 159 170 2 5 7 8 
第3个机器: 16 25 29 34 53 59 69 70 72 74 75 78 81 85 87 91 110 112 127 128 3 9 20 21 22 23 28 32 35 49 71 77 80 95 102 13 14 37 48 52 56 57 62 63 92 0 4 6 26 27 33 36 42 44 47 51 54 55 1 11 12 17 18 38 41 45 30 
makespan = 148852.000000
workload = 7826.000000
