m = 4 n = 14
pop = 30 gen = 100
init...begin
init...done
*****************************t=0*****************************
time to convergence: 0.05 s	
time to convergence: 0.05 s	
1 generation time: 0.08 s
[3088.00,474.00],
[3808.00,140.00],
[3790.00,236.00],
*****************************t=1*****************************
time to convergence: 0.15 s	
time to convergence: 0.15 s	
time to convergence: 0.15 s	
2 generation time: 0.18 s
[3088.00,474.00],
[3808.00,140.00],
[3790.00,236.00],
[2702.00,532.00],
[3142.00,316.00],
[3684.00,238.00],
*****************************t=2*****************************
time to convergence: 0.24 s	
time to convergence: 0.24 s	
3 generation time: 0.26 s
[3088.00,474.00],
[3808.00,140.00],
[3790.00,236.00],
[2702.00,532.00],
[3142.00,316.00],
[3662.00,238.00],
[3940.00,36.00],
[2670.00,730.00],
*****************************t=3*****************************
time to convergence: 0.32 s	
4 generation time: 0.35 s
[3088.00,474.00],
[3772.00,110.00],
[2702.00,532.00],
[3142.00,316.00],
[3662.00,238.00],
[3940.00,36.00],
[2670.00,730.00],
[3078.00,508.00],
*****************************t=4*****************************
5 generation time: 0.43 s
[3088.00,474.00],
[3772.00,110.00],
[2702.00,532.00],
[3142.00,316.00],
[3662.00,238.00],
[3940.00,36.00],
[2670.00,730.00],
[3078.00,508.00],
*****************************t=5*****************************
time to convergence: 0.49 s	
6 generation time: 0.51 s
[3088.00,474.00],
[3772.00,110.00],
[2702.00,532.00],
[3142.00,316.00],
[3662.00,238.00],
[3940.00,36.00],
[2670.00,730.00],
[3078.00,508.00],
[2650.00,810.00],
*****************************t=6*****************************
time to convergence: 0.57 s	
7 generation time: 0.59 s
[3088.00,474.00],
[3772.00,110.00],
[2702.00,532.00],
[3142.00,316.00],
[3662.00,238.00],
[3940.00,36.00],
[2670.00,730.00],
[3078.00,508.00],
[2650.00,810.00],
[3660.00,300.00],
*****************************t=7*****************************
time to convergence: 0.65 s	
8 generation time: 0.68 s
[2898.00,452.00],
[3772.00,110.00],
[2702.00,532.00],
[3142.00,316.00],
[3580.00,180.00],
[3940.00,36.00],
[2670.00,730.00],
[2650.00,810.00],
[3180.00,300.00],
[3466.00,284.00],
*****************************t=8*****************************
time to convergence: 0.73 s	
9 generation time: 0.76 s
[2898.00,452.00],
[3772.00,110.00],
[2702.00,532.00],
[3142.00,316.00],
[3580.00,180.00],
[3940.00,36.00],
[2670.00,730.00],
[2650.00,810.00],
[3180.00,300.00],
[3412.00,182.00],
[3310.00,196.00],
*****************************t=9*****************************
10 generation time: 0.84 s
[2898.00,452.00],
[3772.00,110.00],
[2702.00,532.00],
[3142.00,316.00],
[3580.00,180.00],
[3940.00,36.00],
[2670.00,730.00],
[2650.00,810.00],
[3180.00,300.00],
[3412.00,182.00],
[3310.00,196.00],
*****************************t=10*****************************
time to convergence: 0.89 s	
11 generation time: 0.90 s
[2898.00,452.00],
[3772.00,110.00],
[2702.00,532.00],
[3142.00,316.00],
[3580.00,180.00],
[3940.00,36.00],
[2670.00,554.00],
[2650.00,810.00],
[3180.00,300.00],
[3412.00,182.00],
[3310.00,196.00],
[3014.00,396.00],
*****************************t=11*****************************
12 generation time: 1.00 s
[2746.00,362.00],
[3772.00,110.00],
[2702.00,532.00],
[3142.00,316.00],
[3580.00,180.00],
[3940.00,36.00],
[2670.00,554.00],
[2650.00,810.00],
[3180.00,300.00],
[3412.00,182.00],
[3310.00,196.00],
*****************************t=12*****************************
13 generation time: 1.08 s
[2746.00,362.00],
[3772.00,110.00],
[2702.00,532.00],
[3142.00,316.00],
[3580.00,180.00],
[3940.00,36.00],
[2654.00,538.00],
[2650.00,810.00],
[3180.00,300.00],
[3412.00,182.00],
[3310.00,196.00],
*****************************t=13*****************************
time to convergence: 1.12 s	
time to convergence: 1.12 s	
14 generation time: 1.15 s
[2746.00,362.00],
[3772.00,110.00],
[2702.00,532.00],
[2760.00,282.00],
[3398.00,166.00],
[3940.00,36.00],
[2654.00,538.00],
[2606.00,786.00],
[3310.00,196.00],
[3704.00,146.00],
[2646.00,634.00],
*****************************t=14*****************************
15 generation time: 1.23 s
[2746.00,362.00],
[3570.00,54.00],
[2702.00,532.00],
[2760.00,282.00],
[3398.00,166.00],
[3940.00,36.00],
[2654.00,538.00],
[2606.00,786.00],
[3310.00,196.00],
[2646.00,634.00],
*****************************t=15*****************************
16 generation time: 1.31 s
[2746.00,362.00],
[3570.00,54.00],
[2702.00,532.00],
[2760.00,282.00],
[3398.00,166.00],
[3940.00,36.00],
[2654.00,538.00],
[2606.00,786.00],
[3310.00,196.00],
[2646.00,634.00],
*****************************t=16*****************************
17 generation time: 1.37 s
[2746.00,362.00],
[3570.00,54.00],
[2702.00,532.00],
[2760.00,282.00],
[3398.00,166.00],
[3940.00,36.00],
[2654.00,538.00],
[2606.00,786.00],
[3310.00,196.00],
[2646.00,634.00],
*****************************t=17*****************************
time to convergence: 1.44 s	
time to convergence: 1.44 s	
18 generation time: 1.47 s
[2712.00,282.00],
[3570.00,54.00],
[2680.00,442.00],
[3398.00,166.00],
[3940.00,36.00],
[2654.00,538.00],
[2606.00,786.00],
[3310.00,196.00],
[2646.00,634.00],
[2918.00,238.00],
[3438.00,158.00],
*****************************t=18*****************************
time to convergence: 1.53 s	
19 generation time: 1.54 s
[2712.00,282.00],
[3570.00,54.00],
[2680.00,442.00],
[3398.00,166.00],
[3940.00,36.00],
[2654.00,538.00],
[2606.00,786.00],
[3310.00,196.00],
[2646.00,634.00],
[2918.00,238.00],
[3438.00,158.00],
[3224.00,228.00],
*****************************t=19*****************************
time to convergence: 1.61 s	
20 generation time: 1.64 s
[2712.00,282.00],
[3570.00,54.00],
[2680.00,442.00],
[3398.00,166.00],
[3940.00,36.00],
[2464.00,476.00],
[3310.00,196.00],
[2918.00,238.00],
[3438.00,158.00],
[3224.00,228.00],
[2748.00,252.00],
*****************************t=20*****************************
21 generation time: 1.72 s
[2712.00,282.00],
[3570.00,54.00],
[2534.00,394.00],
[3398.00,166.00],
[3940.00,36.00],
[2464.00,476.00],
[2874.00,188.00],
[3438.00,158.00],
[2748.00,252.00],
*****************************t=21*****************************
time to convergence: 1.76 s	
22 generation time: 1.79 s
[2712.00,282.00],
[3570.00,54.00],
[2534.00,394.00],
[3398.00,166.00],
[3940.00,36.00],
[2464.00,476.00],
[2874.00,188.00],
[3438.00,158.00],
[2748.00,252.00],
[2652.00,314.00],
*****************************t=22*****************************
23 generation time: 1.87 s
[2712.00,282.00],
[3570.00,54.00],
[2506.00,314.00],
[3398.00,166.00],
[3940.00,36.00],
[2464.00,476.00],
[2874.00,188.00],
[3438.00,158.00],
[2748.00,252.00],
*****************************t=23*****************************
time to convergence: 1.92 s	
24 generation time: 1.95 s
[2712.00,282.00],
[3570.00,54.00],
[2506.00,314.00],
[3398.00,166.00],
[3940.00,36.00],
[2464.00,476.00],
[2874.00,188.00],
[3438.00,158.00],
[2748.00,252.00],
[2652.00,298.00],
*****************************t=24*****************************
25 generation time: 2.04 s
[2712.00,282.00],
[3570.00,54.00],
[2506.00,314.00],
[3398.00,166.00],
[3684.00,30.00],
[2464.00,476.00],
[2874.00,188.00],
[3438.00,158.00],
[2748.00,238.00],
[2652.00,298.00],
*****************************t=25*****************************
26 generation time: 2.12 s
[2712.00,282.00],
[3570.00,54.00],
[2506.00,300.00],
[3200.00,156.00],
[3684.00,30.00],
[2464.00,476.00],
[2874.00,188.00],
[2748.00,238.00],
[2652.00,298.00],
*****************************t=26*****************************
27 generation time: 2.22 s
[2712.00,282.00],
[3570.00,54.00],
[2506.00,300.00],
[3200.00,156.00],
[3684.00,30.00],
[2464.00,476.00],
[2874.00,188.00],
[2748.00,238.00],
[2652.00,298.00],
*****************************t=27*****************************
time to convergence: 2.28 s	
28 generation time: 2.29 s
[2712.00,282.00],
[3570.00,54.00],
[2506.00,300.00],
[3200.00,156.00],
[3684.00,30.00],
[2464.00,476.00],
[2874.00,188.00],
[2748.00,238.00],
[2652.00,298.00],
[3504.00,132.00],
*****************************t=28*****************************
29 generation time: 2.39 s
[2608.00,276.00],
[3570.00,54.00],
[2506.00,300.00],
[2970.00,140.00],
[3684.00,30.00],
[2464.00,476.00],
[2874.00,188.00],
[2748.00,238.00],
[3128.00,94.00],
*****************************t=29*****************************
30 generation time: 2.47 s
[2498.00,116.00],
[3570.00,54.00],
[3684.00,30.00],
[2464.00,476.00],
[3128.00,94.00],
*****************************t=30*****************************
31 generation time: 2.54 s
[2498.00,116.00],
[3570.00,54.00],
[3684.00,30.00],
[2464.00,476.00],
[3128.00,94.00],
*****************************t=31*****************************
32 generation time: 2.64 s
[2498.00,116.00],
[3570.00,54.00],
[3684.00,30.00],
[2464.00,476.00],
[3128.00,94.00],
*****************************t=32*****************************
33 generation time: 2.73 s
[2498.00,116.00],
[3570.00,54.00],
[3684.00,30.00],
[2464.00,476.00],
[3128.00,94.00],
*****************************t=33*****************************
34 generation time: 2.82 s
[2498.00,116.00],
[3570.00,54.00],
[3684.00,30.00],
[2464.00,476.00],
[3128.00,94.00],
*****************************t=34*****************************
35 generation time: 2.91 s
[2498.00,116.00],
[3570.00,54.00],
[3684.00,30.00],
[2464.00,476.00],
[3128.00,94.00],
*****************************t=35*****************************
time to convergence: 2.96 s	
36 generation time: 2.99 s
[2498.00,116.00],
[3570.00,54.00],
[3684.00,30.00],
[2464.00,476.00],
[3128.00,94.00],
[3390.00,62.00],
*****************************t=36*****************************
37 generation time: 3.08 s
[2498.00,116.00],
[3570.00,54.00],
[3684.00,30.00],
[2418.00,292.00],
[3070.00,76.00],
[3390.00,62.00],
*****************************t=37*****************************
time to convergence: 3.14 s	
38 generation time: 3.17 s
[2498.00,116.00],
[3570.00,54.00],
[3684.00,30.00],
[2418.00,292.00],
[3070.00,76.00],
[3390.00,62.00],
[2462.00,258.00],
*****************************t=38*****************************
39 generation time: 3.26 s
[2498.00,116.00],
[3570.00,54.00],
[3684.00,30.00],
[2418.00,292.00],
[3070.00,76.00],
[3390.00,62.00],
[2462.00,258.00],
*****************************t=39*****************************
time to convergence: 3.32 s	
40 generation time: 3.35 s
[2498.00,116.00],
[3570.00,54.00],
[3684.00,30.00],
[2418.00,292.00],
[3070.00,76.00],
[3390.00,62.00],
[2462.00,244.00],
[2440.00,260.00],
*****************************t=40*****************************
41 generation time: 3.44 s
[2498.00,116.00],
[3570.00,54.00],
[3684.00,30.00],
[2418.00,292.00],
[3070.00,76.00],
[3390.00,62.00],
[2462.00,244.00],
[2440.00,260.00],
*****************************t=41*****************************
42 generation time: 3.52 s
[2498.00,116.00],
[2598.00,20.00],
[2418.00,292.00],
[2462.00,244.00],
[2440.00,260.00],
*****************************t=42*****************************
43 generation time: 3.60 s
[2498.00,116.00],
[2598.00,20.00],
[2418.00,292.00],
[2462.00,244.00],
[2440.00,260.00],
*****************************t=43*****************************
44 generation time: 3.69 s
[2498.00,116.00],
[2598.00,20.00],
[2418.00,196.00],
*****************************t=44*****************************
45 generation time: 3.78 s
[2498.00,116.00],
[2598.00,20.00],
[2418.00,196.00],
*****************************t=45*****************************
46 generation time: 3.87 s
[2498.00,116.00],
[2598.00,20.00],
[2418.00,196.00],
*****************************t=46*****************************
47 generation time: 3.96 s
[2498.00,116.00],
[2598.00,20.00],
[2418.00,196.00],
*****************************t=47*****************************
48 generation time: 4.06 s
[2498.00,116.00],
[2598.00,20.00],
[2418.00,196.00],
*****************************t=48*****************************
49 generation time: 4.14 s
[2498.00,116.00],
[2598.00,20.00],
[2418.00,196.00],
*****************************t=49*****************************
50 generation time: 4.22 s
[2498.00,116.00],
[2598.00,20.00],
[2418.00,196.00],
*****************************t=50*****************************
51 generation time: 4.31 s
[2498.00,116.00],
[2598.00,20.00],
[2418.00,196.00],
*****************************t=51*****************************
52 generation time: 4.41 s
[2498.00,116.00],
[2598.00,20.00],
[2418.00,196.00],
*****************************t=52*****************************
53 generation time: 4.48 s
[2498.00,116.00],
[2598.00,20.00],
[2418.00,196.00],
*****************************t=53*****************************
54 generation time: 4.58 s
[2498.00,116.00],
[2598.00,20.00],
[2418.00,196.00],
*****************************t=54*****************************
55 generation time: 4.67 s
[2498.00,116.00],
[2598.00,20.00],
[2418.00,196.00],
*****************************t=55*****************************
56 generation time: 4.75 s
[2498.00,116.00],
[2598.00,20.00],
[2418.00,196.00],
*****************************t=56*****************************
57 generation time: 4.84 s
[2498.00,116.00],
[2598.00,20.00],
[2418.00,196.00],
*****************************t=57*****************************
58 generation time: 4.92 s
[2498.00,116.00],
[2598.00,20.00],
[2418.00,196.00],
*****************************t=58*****************************
59 generation time: 5.01 s
[2318.00,116.00],
[2598.00,20.00],
*****************************t=59*****************************
60 generation time: 5.11 s
[2318.00,116.00],
[2598.00,20.00],
*****************************t=60*****************************
61 generation time: 5.19 s
[2318.00,116.00],
[2598.00,20.00],
*****************************t=61*****************************
62 generation time: 5.28 s
[2318.00,116.00],
[2598.00,20.00],
*****************************t=62*****************************
63 generation time: 5.37 s
[2318.00,116.00],
[2598.00,20.00],
*****************************t=63*****************************
time to convergence: 5.44 s	
64 generation time: 5.47 s
[2318.00,116.00],
[2598.00,20.00],
[2426.00,92.00],
*****************************t=64*****************************
65 generation time: 5.58 s
[2318.00,116.00],
[2598.00,20.00],
[2426.00,92.00],
*****************************t=65*****************************
66 generation time: 5.67 s
[2318.00,116.00],
[2598.00,20.00],
[2426.00,92.00],
*****************************t=66*****************************
67 generation time: 5.76 s
[2318.00,116.00],
[2598.00,20.00],
[2426.00,92.00],
*****************************t=67*****************************
68 generation time: 5.84 s
[2318.00,116.00],
[2598.00,20.00],
[2426.00,92.00],
*****************************t=68*****************************
time to convergence: 5.91 s	
69 generation time: 5.94 s
[2318.00,116.00],
[2598.00,20.00],
[2426.00,92.00],
[3474.00,14.00],
*****************************t=69*****************************
time to convergence: 6.00 s	
70 generation time: 6.03 s
[2318.00,116.00],
[2598.00,20.00],
[2426.00,92.00],
[3474.00,14.00],
[2588.00,52.00],
*****************************t=70*****************************
71 generation time: 6.12 s
[2318.00,116.00],
[2598.00,20.00],
[2426.00,92.00],
[3474.00,14.00],
[2588.00,52.00],
*****************************t=71*****************************
72 generation time: 6.22 s
[2318.00,116.00],
[2598.00,20.00],
[2426.00,92.00],
[3474.00,14.00],
[2588.00,52.00],
*****************************t=72*****************************
73 generation time: 6.29 s
[2318.00,116.00],
[2598.00,20.00],
[2426.00,92.00],
[3474.00,14.00],
[2588.00,52.00],
*****************************t=73*****************************
74 generation time: 6.39 s
[2318.00,116.00],
[2598.00,20.00],
[2426.00,92.00],
[3474.00,14.00],
[2588.00,52.00],
*****************************t=74*****************************
75 generation time: 6.48 s
[2318.00,116.00],
[2598.00,20.00],
[2426.00,92.00],
[3474.00,14.00],
[2588.00,52.00],
*****************************t=75*****************************
76 generation time: 6.56 s
[2318.00,116.00],
[2598.00,20.00],
[2426.00,92.00],
[3474.00,14.00],
[2588.00,52.00],
*****************************t=76*****************************
77 generation time: 6.67 s
[2318.00,116.00],
[2598.00,20.00],
[2426.00,84.00],
[3474.00,14.00],
[2588.00,52.00],
*****************************t=77*****************************
78 generation time: 6.77 s
[2318.00,116.00],
[2598.00,20.00],
[2426.00,84.00],
[3474.00,14.00],
[2588.00,52.00],
*****************************t=78*****************************
79 generation time: 6.86 s
[2318.00,116.00],
[2598.00,20.00],
[2426.00,84.00],
[3474.00,14.00],
[2588.00,52.00],
*****************************t=79*****************************
80 generation time: 6.95 s
[2318.00,116.00],
[2598.00,20.00],
[2426.00,84.00],
[3474.00,14.00],
[2588.00,52.00],
*****************************t=80*****************************
81 generation time: 7.05 s
[2318.00,116.00],
[2598.00,20.00],
[2426.00,84.00],
[3474.00,14.00],
[2588.00,52.00],
*****************************t=81*****************************
82 generation time: 7.14 s
[2318.00,116.00],
[2598.00,20.00],
[2426.00,84.00],
[3474.00,14.00],
[2588.00,52.00],
*****************************t=82*****************************
83 generation time: 7.23 s
[2318.00,116.00],
[2598.00,20.00],
[2426.00,84.00],
[3474.00,14.00],
[2588.00,52.00],
*****************************t=83*****************************
84 generation time: 7.33 s
[2318.00,116.00],
[2598.00,20.00],
[2426.00,84.00],
[3474.00,14.00],
[2588.00,52.00],
*****************************t=84*****************************
85 generation time: 7.42 s
[2318.00,116.00],
[2598.00,20.00],
[2426.00,84.00],
[3474.00,14.00],
[2588.00,52.00],
*****************************t=85*****************************
86 generation time: 7.51 s
[2318.00,116.00],
[2598.00,20.00],
[2426.00,84.00],
[3474.00,14.00],
[2588.00,52.00],
*****************************t=86*****************************
87 generation time: 7.61 s
[2318.00,116.00],
[2598.00,20.00],
[2426.00,84.00],
[3474.00,14.00],
[2588.00,52.00],
*****************************t=87*****************************
88 generation time: 7.70 s
[2318.00,116.00],
[2598.00,20.00],
[2426.00,84.00],
[3474.00,14.00],
[2588.00,52.00],
*****************************t=88*****************************
89 generation time: 7.79 s
[2318.00,116.00],
[2598.00,20.00],
[2426.00,84.00],
[3474.00,14.00],
[2588.00,52.00],
*****************************t=89*****************************
90 generation time: 7.88 s
[2318.00,116.00],
[2598.00,20.00],
[2426.00,84.00],
[3474.00,14.00],
[2588.00,52.00],
*****************************t=90*****************************
91 generation time: 7.98 s
[2318.00,116.00],
[2598.00,20.00],
[2426.00,84.00],
[3474.00,14.00],
[2588.00,52.00],
*****************************t=91*****************************
92 generation time: 8.07 s
[2318.00,116.00],
[2598.00,20.00],
[2426.00,84.00],
[3474.00,14.00],
[2588.00,52.00],
*****************************t=92*****************************
93 generation time: 8.16 s
[2318.00,116.00],
[2598.00,20.00],
[2426.00,84.00],
[3474.00,14.00],
[2588.00,52.00],
*****************************t=93*****************************
94 generation time: 8.26 s
[2318.00,116.00],
[2598.00,20.00],
[2426.00,84.00],
[3474.00,14.00],
[2588.00,52.00],
*****************************t=94*****************************
95 generation time: 8.35 s
[2318.00,116.00],
[2598.00,20.00],
[2426.00,84.00],
[3474.00,14.00],
[2588.00,52.00],
*****************************t=95*****************************
96 generation time: 8.42 s
[2318.00,116.00],
[2598.00,20.00],
[2426.00,84.00],
[3474.00,14.00],
[2588.00,52.00],
*****************************t=96*****************************
97 generation time: 8.52 s
[2318.00,116.00],
[2598.00,20.00],
[2426.00,84.00],
[3474.00,14.00],
[2588.00,52.00],
*****************************t=97*****************************
98 generation time: 8.61 s
[2318.00,116.00],
[2598.00,20.00],
[2426.00,84.00],
[3474.00,14.00],
[2588.00,52.00],
*****************************t=98*****************************
99 generation time: 8.71 s
[2318.00,116.00],
[2598.00,20.00],
[2426.00,84.00],
[3474.00,14.00],
[2588.00,52.00],
*****************************t=99*****************************
100 generation time: 8.78 s
[2318.00,116.00],
[2598.00,20.00],
[2426.00,84.00],
[3474.00,14.00],
[2588.00,52.00],
[2318.00,116.00],
[2598.00,20.00],
[2426.00,84.00],
[3474.00,14.00],
[2588.00,52.00],
tot = 5
total time: 8.85 s
