m = 4 n = 14
pop = 30 gen = 100
init...begin
init...done
*****************************t=0*****************************
time to convergence: 0.06 s	
time to convergence: 0.06 s	
1 generation time: 0.08 s
[3684.00,188.00],
[3438.00,622.00],
[3496.00,236.00],
*****************************t=1*****************************
time to convergence: 0.14 s	
2 generation time: 0.17 s
[3684.00,188.00],
[3378.00,370.00],
[3496.00,236.00],
[3894.00,180.00],
*****************************t=2*****************************
3 generation time: 0.25 s
[3684.00,188.00],
[3378.00,370.00],
[3496.00,236.00],
[3894.00,180.00],
*****************************t=3*****************************
4 generation time: 0.34 s
[3464.00,140.00],
[3378.00,370.00],
*****************************t=4*****************************
time to convergence: 0.40 s	
5 generation time: 0.42 s
[3464.00,140.00],
[3378.00,370.00],
[2900.00,388.00],
*****************************t=5*****************************
6 generation time: 0.49 s
[3464.00,140.00],
[3378.00,370.00],
[2900.00,388.00],
*****************************t=6*****************************
7 generation time: 0.57 s
[3464.00,140.00],
[3378.00,370.00],
[2900.00,388.00],
*****************************t=7*****************************
time to convergence: 0.63 s	
time to convergence: 0.63 s	
8 generation time: 0.66 s
[3450.00,30.00],
[3180.00,292.00],
[2900.00,388.00],
[3096.00,356.00],
[3418.00,110.00],
*****************************t=8*****************************
time to convergence: 0.71 s	
9 generation time: 0.74 s
[3450.00,30.00],
[3180.00,292.00],
[2900.00,388.00],
[3096.00,356.00],
[3418.00,110.00],
[3354.00,238.00],
*****************************t=9*****************************
10 generation time: 0.82 s
[3450.00,30.00],
[3180.00,292.00],
[2900.00,388.00],
[3096.00,356.00],
[3418.00,110.00],
[3354.00,238.00],
*****************************t=10*****************************
time to convergence: 0.88 s	
11 generation time: 0.91 s
[3450.00,30.00],
[3180.00,292.00],
[2900.00,388.00],
[3096.00,356.00],
[3418.00,110.00],
[3190.00,204.00],
[4358.00,22.00],
*****************************t=11*****************************
12 generation time: 0.99 s
[3450.00,30.00],
[3180.00,292.00],
[2900.00,388.00],
[3010.00,306.00],
[3418.00,110.00],
[3190.00,204.00],
[4358.00,22.00],
*****************************t=12*****************************
time to convergence: 1.04 s	
13 generation time: 1.07 s
[3450.00,30.00],
[2982.00,236.00],
[2900.00,388.00],
[3418.00,110.00],
[3190.00,204.00],
[4358.00,22.00],
[2794.00,476.00],
*****************************t=13*****************************
time to convergence: 1.13 s	
14 generation time: 1.15 s
[3450.00,30.00],
[2982.00,236.00],
[2900.00,388.00],
[3418.00,110.00],
[3022.00,134.00],
[4024.00,22.00],
[2794.00,476.00],
[3192.00,132.00],
*****************************t=14*****************************
15 generation time: 1.24 s
[3450.00,30.00],
[2982.00,236.00],
[2900.00,388.00],
[3418.00,110.00],
[3022.00,134.00],
[4024.00,22.00],
[2794.00,476.00],
[3192.00,132.00],
*****************************t=15*****************************
16 generation time: 1.32 s
[3450.00,30.00],
[2770.00,236.00],
[3418.00,110.00],
[3022.00,134.00],
[4024.00,22.00],
[3192.00,132.00],
*****************************t=16*****************************
time to convergence: 1.37 s	
17 generation time: 1.40 s
[3450.00,30.00],
[2770.00,236.00],
[3418.00,110.00],
[3022.00,134.00],
[4024.00,22.00],
[3192.00,132.00],
[3010.00,196.00],
*****************************t=17*****************************
18 generation time: 1.48 s
[3450.00,30.00],
[2770.00,236.00],
[3418.00,110.00],
[3022.00,134.00],
[4024.00,22.00],
[3192.00,132.00],
[3010.00,196.00],
*****************************t=18*****************************
19 generation time: 1.57 s
[3450.00,30.00],
[2770.00,236.00],
[3418.00,110.00],
[3022.00,134.00],
[4024.00,22.00],
[3192.00,132.00],
[3010.00,196.00],
*****************************t=19*****************************
20 generation time: 1.65 s
[3450.00,30.00],
[2770.00,236.00],
[3418.00,110.00],
[3022.00,134.00],
[4024.00,22.00],
[3192.00,132.00],
[3010.00,196.00],
*****************************t=20*****************************
21 generation time: 1.74 s
[3450.00,30.00],
[2770.00,236.00],
[3370.00,62.00],
[3022.00,134.00],
[4024.00,22.00],
[3192.00,132.00],
[3010.00,196.00],
*****************************t=21*****************************
22 generation time: 1.82 s
[3450.00,30.00],
[2770.00,236.00],
[3370.00,62.00],
[3022.00,134.00],
[4024.00,22.00],
[3192.00,132.00],
[3010.00,196.00],
*****************************t=22*****************************
time to convergence: 1.87 s	
23 generation time: 1.90 s
[3450.00,30.00],
[2770.00,236.00],
[3370.00,62.00],
[3022.00,134.00],
[4024.00,22.00],
[3050.00,78.00],
[3010.00,196.00],
[2772.00,204.00],
*****************************t=23*****************************
time to convergence: 1.96 s	
24 generation time: 1.98 s
[3450.00,30.00],
[2770.00,236.00],
[3370.00,62.00],
[3022.00,134.00],
[4024.00,22.00],
[3050.00,78.00],
[3010.00,196.00],
[2772.00,204.00],
[2710.00,836.00],
*****************************t=24*****************************
25 generation time: 2.07 s
[3450.00,30.00],
[2770.00,236.00],
[3370.00,62.00],
[3022.00,134.00],
[4024.00,22.00],
[3050.00,78.00],
[3010.00,196.00],
[2772.00,204.00],
[2710.00,836.00],
*****************************t=25*****************************
26 generation time: 2.15 s
[3450.00,30.00],
[2770.00,236.00],
[3370.00,62.00],
[3022.00,134.00],
[4024.00,22.00],
[3050.00,78.00],
[3010.00,196.00],
[2772.00,204.00],
[2710.00,836.00],
*****************************t=26*****************************
27 generation time: 2.23 s
[3450.00,30.00],
[2770.00,236.00],
[3370.00,62.00],
[3022.00,134.00],
[4024.00,22.00],
[3050.00,78.00],
[3010.00,196.00],
[2772.00,204.00],
[2710.00,836.00],
*****************************t=27*****************************
time to convergence: 2.28 s	
28 generation time: 2.31 s
[3450.00,30.00],
[2770.00,236.00],
[3370.00,62.00],
[3022.00,134.00],
[4024.00,22.00],
[3050.00,78.00],
[3010.00,196.00],
[2772.00,204.00],
[2710.00,836.00],
[2748.00,260.00],
*****************************t=28*****************************
29 generation time: 2.40 s
[3450.00,30.00],
[2770.00,236.00],
[3370.00,62.00],
[3022.00,134.00],
[4024.00,22.00],
[3050.00,78.00],
[3010.00,196.00],
[2772.00,204.00],
[2652.00,394.00],
[2748.00,260.00],
*****************************t=29*****************************
time to convergence: 2.45 s	
30 generation time: 2.48 s
[3450.00,30.00],
[2770.00,236.00],
[3370.00,62.00],
[3022.00,134.00],
[4024.00,22.00],
[3050.00,78.00],
[3010.00,196.00],
[2772.00,204.00],
[2652.00,394.00],
[2748.00,260.00],
[2712.00,308.00],
*****************************t=30*****************************
31 generation time: 2.57 s
[3450.00,30.00],
[2770.00,236.00],
[3370.00,62.00],
[3022.00,134.00],
[4024.00,22.00],
[3050.00,78.00],
[3010.00,196.00],
[2772.00,204.00],
[2652.00,394.00],
[2748.00,260.00],
[2712.00,308.00],
*****************************t=31*****************************
32 generation time: 2.65 s
[3450.00,30.00],
[2770.00,236.00],
[3370.00,62.00],
[3022.00,134.00],
[4008.00,22.00],
[3050.00,78.00],
[3010.00,196.00],
[2772.00,204.00],
[2652.00,394.00],
[2748.00,260.00],
[2712.00,308.00],
*****************************t=32*****************************
time to convergence: 2.71 s	
33 generation time: 2.74 s
[3450.00,30.00],
[2770.00,236.00],
[3370.00,62.00],
[3022.00,134.00],
[4008.00,22.00],
[3050.00,78.00],
[2792.00,196.00],
[2772.00,204.00],
[2652.00,394.00],
[2748.00,260.00],
[2712.00,308.00],
[2568.00,594.00],
*****************************t=33*****************************
time to convergence: 2.79 s	
34 generation time: 2.82 s
[3450.00,30.00],
[2770.00,236.00],
[3370.00,62.00],
[3022.00,134.00],
[4008.00,22.00],
[3050.00,78.00],
[2792.00,196.00],
[2772.00,204.00],
[2652.00,394.00],
[2748.00,260.00],
[2712.00,308.00],
[2568.00,594.00],
[3400.00,46.00],
*****************************t=34*****************************
time to convergence: 2.87 s	
35 generation time: 2.90 s
[3450.00,30.00],
[2770.00,236.00],
[3370.00,62.00],
[3022.00,134.00],
[4008.00,22.00],
[3050.00,78.00],
[2792.00,196.00],
[2772.00,204.00],
[2652.00,394.00],
[2748.00,260.00],
[2712.00,308.00],
[2568.00,594.00],
[3400.00,46.00],
[2630.00,412.00],
*****************************t=35*****************************
36 generation time: 2.98 s
[3450.00,30.00],
[2770.00,236.00],
[3370.00,62.00],
[3022.00,134.00],
[4008.00,22.00],
[3050.00,78.00],
[2792.00,196.00],
[2772.00,204.00],
[2608.00,242.00],
[2568.00,594.00],
[3400.00,46.00],
*****************************t=36*****************************
time to convergence: 3.03 s	
time to convergence: 3.03 s	
37 generation time: 3.06 s
[3450.00,30.00],
[2770.00,236.00],
[3370.00,62.00],
[3022.00,134.00],
[4008.00,22.00],
[3050.00,78.00],
[2792.00,196.00],
[2772.00,204.00],
[2608.00,242.00],
[2568.00,594.00],
[3400.00,46.00],
[2586.00,482.00],
[3432.00,38.00],
*****************************t=37*****************************
time to convergence: 3.11 s	
38 generation time: 3.14 s
[3450.00,30.00],
[2770.00,236.00],
[3370.00,62.00],
[3022.00,134.00],
[4008.00,22.00],
[3050.00,78.00],
[2792.00,196.00],
[2772.00,204.00],
[2608.00,242.00],
[2568.00,594.00],
[3400.00,46.00],
[2586.00,482.00],
[3432.00,38.00],
[2606.00,420.00],
*****************************t=38*****************************
time to convergence: 3.19 s	
39 generation time: 3.22 s
[3450.00,30.00],
[2770.00,236.00],
[3370.00,62.00],
[3022.00,134.00],
[4008.00,22.00],
[3050.00,78.00],
[2792.00,196.00],
[2772.00,204.00],
[2608.00,242.00],
[2568.00,594.00],
[3400.00,46.00],
[2586.00,482.00],
[3432.00,38.00],
[2606.00,420.00],
[2886.00,174.00],
*****************************t=39*****************************
40 generation time: 3.31 s
[2984.00,22.00],
[2770.00,236.00],
[2792.00,196.00],
[2772.00,204.00],
[2608.00,242.00],
[2470.00,484.00],
[2586.00,482.00],
[2606.00,420.00],
[2886.00,174.00],
*****************************t=40*****************************
41 generation time: 3.39 s
[2984.00,22.00],
[2770.00,236.00],
[2792.00,196.00],
[2772.00,204.00],
[2608.00,242.00],
[2470.00,484.00],
[2586.00,482.00],
[2606.00,420.00],
[2832.00,110.00],
*****************************t=41*****************************
42 generation time: 3.48 s
[2984.00,22.00],
[2610.00,180.00],
[2608.00,242.00],
[2470.00,484.00],
[2586.00,482.00],
[2606.00,420.00],
[2832.00,110.00],
*****************************t=42*****************************
43 generation time: 3.56 s
[2984.00,22.00],
[2610.00,180.00],
[2608.00,242.00],
[2470.00,484.00],
[2586.00,482.00],
[2606.00,420.00],
[2832.00,110.00],
*****************************t=43*****************************
44 generation time: 3.63 s
[2984.00,22.00],
[2610.00,180.00],
[2608.00,242.00],
[2470.00,484.00],
[2586.00,482.00],
[2606.00,420.00],
[2832.00,110.00],
*****************************t=44*****************************
45 generation time: 3.71 s
[2984.00,22.00],
[2610.00,180.00],
[2608.00,242.00],
[2470.00,484.00],
[2586.00,482.00],
[2606.00,420.00],
[2832.00,110.00],
*****************************t=45*****************************
46 generation time: 3.81 s
[2984.00,22.00],
[2610.00,180.00],
[2608.00,242.00],
[2462.00,308.00],
[2832.00,110.00],
*****************************t=46*****************************
47 generation time: 3.88 s
[2984.00,22.00],
[2610.00,180.00],
[2608.00,242.00],
[2462.00,308.00],
[2832.00,110.00],
*****************************t=47*****************************
48 generation time: 3.98 s
[2984.00,22.00],
[2610.00,180.00],
[2608.00,242.00],
[2462.00,308.00],
[2832.00,110.00],
*****************************t=48*****************************
49 generation time: 4.06 s
[2984.00,22.00],
[2610.00,180.00],
[2608.00,242.00],
[2462.00,308.00],
[2832.00,110.00],
*****************************t=49*****************************
time to convergence: 4.10 s	
50 generation time: 4.13 s
[2984.00,22.00],
[2610.00,180.00],
[2608.00,242.00],
[2462.00,308.00],
[2832.00,110.00],
[2416.00,324.00],
*****************************t=50*****************************
51 generation time: 4.21 s
[2984.00,22.00],
[2610.00,180.00],
[2608.00,242.00],
[2462.00,308.00],
[2832.00,110.00],
[2416.00,324.00],
*****************************t=51*****************************
52 generation time: 4.31 s
[2984.00,22.00],
[2610.00,180.00],
[2608.00,242.00],
[2462.00,308.00],
[2832.00,110.00],
[2416.00,324.00],
*****************************t=52*****************************
53 generation time: 4.38 s
[2984.00,22.00],
[2610.00,180.00],
[2608.00,242.00],
[2462.00,308.00],
[2832.00,110.00],
[2416.00,324.00],
*****************************t=53*****************************
54 generation time: 4.46 s
[2984.00,22.00],
[2610.00,180.00],
[2608.00,242.00],
[2462.00,308.00],
[2832.00,110.00],
[2416.00,324.00],
*****************************t=54*****************************
55 generation time: 4.56 s
[2984.00,22.00],
[2610.00,180.00],
[2608.00,242.00],
[2462.00,308.00],
[2832.00,110.00],
[2416.00,324.00],
*****************************t=55*****************************
56 generation time: 4.65 s
[2984.00,22.00],
[2610.00,180.00],
[2608.00,242.00],
[2462.00,308.00],
[2832.00,110.00],
[2416.00,324.00],
*****************************t=56*****************************
57 generation time: 4.74 s
[2984.00,22.00],
[2610.00,180.00],
[2608.00,242.00],
[2462.00,308.00],
[2832.00,110.00],
[2416.00,324.00],
*****************************t=57*****************************
58 generation time: 4.84 s
[2984.00,22.00],
[2610.00,180.00],
[2608.00,242.00],
[2462.00,308.00],
[2832.00,110.00],
[2416.00,324.00],
*****************************t=58*****************************
59 generation time: 4.93 s
[2984.00,22.00],
[2610.00,180.00],
[2608.00,242.00],
[2462.00,308.00],
[2832.00,110.00],
[2416.00,324.00],
*****************************t=59*****************************
60 generation time: 5.01 s
[2984.00,22.00],
[2610.00,180.00],
[2608.00,242.00],
[2462.00,308.00],
[2832.00,110.00],
[2416.00,324.00],
*****************************t=60*****************************
61 generation time: 5.12 s
[2984.00,22.00],
[2610.00,180.00],
[2608.00,242.00],
[2462.00,308.00],
[2832.00,110.00],
[2416.00,324.00],
*****************************t=61*****************************
62 generation time: 5.20 s
[2984.00,22.00],
[2610.00,180.00],
[2608.00,242.00],
[2462.00,308.00],
[2832.00,110.00],
[2416.00,324.00],
*****************************t=62*****************************
63 generation time: 5.29 s
[2984.00,22.00],
[2610.00,180.00],
[2608.00,242.00],
[2462.00,308.00],
[2832.00,110.00],
[2416.00,324.00],
*****************************t=63*****************************
64 generation time: 5.38 s
[2984.00,22.00],
[2610.00,180.00],
[2608.00,242.00],
[2462.00,308.00],
[2832.00,110.00],
[2416.00,324.00],
*****************************t=64*****************************
65 generation time: 5.48 s
[2984.00,22.00],
[2610.00,180.00],
[2608.00,242.00],
[2462.00,308.00],
[2832.00,110.00],
[2416.00,324.00],
*****************************t=65*****************************
66 generation time: 5.56 s
[2984.00,22.00],
[2610.00,180.00],
[2608.00,242.00],
[2462.00,308.00],
[2832.00,110.00],
[2416.00,324.00],
*****************************t=66*****************************
67 generation time: 5.65 s
[2984.00,22.00],
[2610.00,180.00],
[2608.00,242.00],
[2462.00,308.00],
[2832.00,110.00],
[2416.00,324.00],
*****************************t=67*****************************
68 generation time: 5.74 s
[2984.00,22.00],
[2610.00,180.00],
[2608.00,242.00],
[2462.00,308.00],
[2832.00,110.00],
[2416.00,324.00],
*****************************t=68*****************************
69 generation time: 5.84 s
[2984.00,22.00],
[2610.00,180.00],
[2608.00,242.00],
[2462.00,308.00],
[2832.00,110.00],
[2416.00,324.00],
*****************************t=69*****************************
70 generation time: 5.93 s
[2984.00,22.00],
[2610.00,180.00],
[2608.00,242.00],
[2462.00,308.00],
[2832.00,110.00],
[2416.00,324.00],
*****************************t=70*****************************
71 generation time: 6.02 s
[2984.00,22.00],
[2610.00,180.00],
[2608.00,242.00],
[2462.00,308.00],
[2832.00,110.00],
[2416.00,324.00],
*****************************t=71*****************************
72 generation time: 6.10 s
[2984.00,22.00],
[2610.00,180.00],
[2608.00,242.00],
[2462.00,308.00],
[2832.00,110.00],
[2416.00,324.00],
*****************************t=72*****************************
73 generation time: 6.20 s
[2984.00,22.00],
[2610.00,180.00],
[2608.00,242.00],
[2462.00,308.00],
[2832.00,110.00],
[2416.00,324.00],
*****************************t=73*****************************
74 generation time: 6.31 s
[2984.00,22.00],
[2610.00,180.00],
[2608.00,242.00],
[2462.00,308.00],
[2832.00,110.00],
[2416.00,324.00],
*****************************t=74*****************************
75 generation time: 6.40 s
[2984.00,22.00],
[2610.00,180.00],
[2608.00,242.00],
[2462.00,308.00],
[2832.00,110.00],
[2416.00,324.00],
*****************************t=75*****************************
76 generation time: 6.49 s
[2984.00,22.00],
[2610.00,180.00],
[2608.00,242.00],
[2462.00,308.00],
[2832.00,110.00],
[2416.00,324.00],
*****************************t=76*****************************
77 generation time: 6.58 s
[2984.00,22.00],
[2610.00,180.00],
[2608.00,242.00],
[2462.00,308.00],
[2832.00,110.00],
[2416.00,324.00],
*****************************t=77*****************************
78 generation time: 6.67 s
[2984.00,22.00],
[2610.00,180.00],
[2608.00,242.00],
[2462.00,308.00],
[2832.00,110.00],
[2416.00,324.00],
*****************************t=78*****************************
79 generation time: 6.76 s
[2984.00,22.00],
[2610.00,180.00],
[2608.00,242.00],
[2462.00,308.00],
[2832.00,110.00],
[2416.00,324.00],
*****************************t=79*****************************
80 generation time: 6.84 s
[2984.00,22.00],
[2610.00,180.00],
[2608.00,242.00],
[2462.00,308.00],
[2832.00,110.00],
[2416.00,324.00],
*****************************t=80*****************************
81 generation time: 6.93 s
[2984.00,22.00],
[2610.00,180.00],
[2608.00,242.00],
[2462.00,308.00],
[2832.00,110.00],
[2416.00,324.00],
*****************************t=81*****************************
82 generation time: 7.02 s
[2984.00,22.00],
[2610.00,180.00],
[2608.00,242.00],
[2462.00,308.00],
[2832.00,110.00],
[2416.00,324.00],
*****************************t=82*****************************
time to convergence: 7.08 s	
83 generation time: 7.12 s
[2984.00,22.00],
[2610.00,180.00],
[2608.00,242.00],
[2462.00,308.00],
[2832.00,110.00],
[2416.00,324.00],
[2588.00,306.00],
*****************************t=83*****************************
84 generation time: 7.21 s
[2984.00,22.00],
[2610.00,180.00],
[2608.00,242.00],
[2462.00,308.00],
[2832.00,110.00],
[2416.00,324.00],
[2588.00,306.00],
*****************************t=84*****************************
85 generation time: 7.29 s
[2984.00,22.00],
[2610.00,180.00],
[2608.00,242.00],
[2436.00,260.00],
[2832.00,110.00],
[2416.00,324.00],
*****************************t=85*****************************
86 generation time: 7.38 s
[2984.00,22.00],
[2610.00,180.00],
[2608.00,242.00],
[2436.00,260.00],
[2832.00,110.00],
[2416.00,324.00],
*****************************t=86*****************************
87 generation time: 7.48 s
[2984.00,22.00],
[2610.00,180.00],
[2608.00,242.00],
[2436.00,260.00],
[2832.00,110.00],
[2416.00,324.00],
*****************************t=87*****************************
88 generation time: 7.57 s
[2984.00,22.00],
[2610.00,180.00],
[2608.00,242.00],
[2436.00,260.00],
[2832.00,110.00],
[2416.00,324.00],
*****************************t=88*****************************
89 generation time: 7.67 s
[2984.00,22.00],
[2610.00,180.00],
[2608.00,242.00],
[2436.00,260.00],
[2832.00,110.00],
[2416.00,324.00],
*****************************t=89*****************************
time to convergence: 7.72 s	
90 generation time: 7.75 s
[2984.00,22.00],
[2610.00,180.00],
[2608.00,242.00],
[2436.00,260.00],
[2832.00,110.00],
[2416.00,324.00],
[3356.00,20.00],
*****************************t=90*****************************
91 generation time: 7.84 s
[2984.00,22.00],
[2610.00,180.00],
[2608.00,242.00],
[2436.00,260.00],
[2832.00,110.00],
[2416.00,324.00],
[3356.00,20.00],
*****************************t=91*****************************
92 generation time: 7.93 s
[2984.00,22.00],
[2610.00,180.00],
[2608.00,242.00],
[2436.00,260.00],
[2832.00,110.00],
[2416.00,324.00],
[3356.00,20.00],
*****************************t=92*****************************
93 generation time: 8.02 s
[2984.00,22.00],
[2610.00,180.00],
[2608.00,242.00],
[2436.00,260.00],
[2832.00,110.00],
[2416.00,324.00],
[3356.00,20.00],
*****************************t=93*****************************
94 generation time: 8.09 s
[2984.00,22.00],
[2610.00,180.00],
[2608.00,242.00],
[2436.00,260.00],
[2832.00,110.00],
[2416.00,324.00],
[3356.00,20.00],
*****************************t=94*****************************
95 generation time: 8.18 s
[2984.00,22.00],
[2610.00,180.00],
[2608.00,242.00],
[2436.00,260.00],
[2832.00,110.00],
[2416.00,324.00],
[3356.00,20.00],
*****************************t=95*****************************
96 generation time: 8.26 s
[2984.00,22.00],
[2610.00,180.00],
[2608.00,242.00],
[2436.00,260.00],
[2832.00,110.00],
[2416.00,324.00],
[3356.00,20.00],
*****************************t=96*****************************
97 generation time: 8.34 s
[2984.00,22.00],
[2610.00,180.00],
[2608.00,242.00],
[2436.00,260.00],
[2832.00,110.00],
[2416.00,324.00],
[3356.00,20.00],
*****************************t=97*****************************
98 generation time: 8.42 s
[2984.00,22.00],
[2308.00,82.00],
[3356.00,20.00],
*****************************t=98*****************************
99 generation time: 8.51 s
[2984.00,22.00],
[2308.00,82.00],
[3356.00,20.00],
*****************************t=99*****************************
100 generation time: 8.59 s
[2984.00,22.00],
[2308.00,82.00],
[3356.00,20.00],
[2984.00,22.00],
[2308.00,82.00],
[3356.00,20.00],
tot = 3
total time: 8.65 s
