m = 4 n = 10
pop = 30 gen = 100
init...begin
init...done
*****************************t=0*****************************
time to convergence: 0.06 s	
time to convergence: 0.06 s	
time to convergence: 0.06 s	
time to convergence: 0.06 s	
1 generation time: 0.09 s
[137.00,13.00],
[118.00,17.00],
[185.00,7.50],
[172.00,9.00],
[168.00,9.50],
*****************************t=1*****************************
time to convergence: 0.14 s	
time to convergence: 0.14 s	
time to convergence: 0.14 s	
2 generation time: 0.17 s
[137.00,13.00],
[118.00,17.00],
[185.00,7.50],
[172.00,9.00],
[168.00,9.50],
[204.00,4.50],
[128.00,13.50],
[153.00,10.50],
*****************************t=2*****************************
time to convergence: 0.22 s	
time to convergence: 0.23 s	
3 generation time: 0.25 s
[136.00,10.50],
[118.00,17.00],
[185.00,7.50],
[172.00,9.00],
[168.00,9.50],
[204.00,4.50],
[128.00,13.50],
[117.00,27.00],
[187.00,7.00],
*****************************t=3*****************************
4 generation time: 0.35 s
[136.00,10.50],
[118.00,17.00],
[185.00,7.50],
[172.00,9.00],
[168.00,9.50],
[204.00,4.50],
[128.00,13.50],
[117.00,27.00],
[187.00,7.00],
*****************************t=4*****************************
5 generation time: 0.45 s
[128.00,9.00],
[118.00,17.00],
[185.00,7.50],
[204.00,4.50],
[117.00,27.00],
[187.00,7.00],
*****************************t=5*****************************
6 generation time: 0.55 s
[128.00,9.00],
[118.00,17.00],
[185.00,7.50],
[204.00,4.50],
[117.00,27.00],
[187.00,7.00],
*****************************t=6*****************************
7 generation time: 0.63 s
[128.00,9.00],
[118.00,17.00],
[185.00,7.50],
[187.00,3.50],
[110.00,21.00],
*****************************t=7*****************************
8 generation time: 0.72 s
[128.00,9.00],
[118.00,17.00],
[185.00,7.50],
[187.00,3.50],
[110.00,21.00],
*****************************t=8*****************************
9 generation time: 0.81 s
[128.00,9.00],
[118.00,17.00],
[185.00,7.50],
[187.00,3.50],
[110.00,21.00],
*****************************t=9*****************************
10 generation time: 0.90 s
[128.00,9.00],
[118.00,17.00],
[185.00,7.50],
[187.00,3.50],
[110.00,21.00],
*****************************t=10*****************************
11 generation time: 0.99 s
[128.00,9.00],
[118.00,17.00],
[185.00,7.50],
[187.00,3.50],
[110.00,21.00],
*****************************t=11*****************************
12 generation time: 1.08 s
[128.00,9.00],
[118.00,17.00],
[185.00,7.50],
[187.00,3.50],
[110.00,21.00],
*****************************t=12*****************************
time to convergence: 1.15 s	
13 generation time: 1.18 s
[128.00,9.00],
[118.00,17.00],
[176.00,7.50],
[187.00,3.50],
[110.00,21.00],
[107.00,25.00],
*****************************t=13*****************************
14 generation time: 1.25 s
[128.00,9.00],
[118.00,17.00],
[176.00,7.50],
[187.00,3.50],
[110.00,21.00],
[107.00,25.00],
*****************************t=14*****************************
15 generation time: 1.33 s
[128.00,9.00],
[111.00,13.00],
[176.00,7.50],
[187.00,3.50],
[110.00,21.00],
[107.00,25.00],
*****************************t=15*****************************
16 generation time: 1.42 s
[128.00,9.00],
[111.00,13.00],
[176.00,7.50],
[184.00,3.00],
[110.00,21.00],
[107.00,25.00],
*****************************t=16*****************************
time to convergence: 1.48 s	
17 generation time: 1.50 s
[128.00,9.00],
[111.00,13.00],
[176.00,7.50],
[184.00,3.00],
[110.00,21.00],
[106.00,25.00],
[107.00,21.50],
*****************************t=17*****************************
18 generation time: 1.59 s
[128.00,9.00],
[111.00,13.00],
[176.00,7.50],
[184.00,3.00],
[110.00,21.00],
[106.00,25.00],
[107.00,21.50],
*****************************t=18*****************************
19 generation time: 1.67 s
[128.00,9.00],
[111.00,13.00],
[176.00,7.50],
[184.00,3.00],
[110.00,21.00],
[106.00,25.00],
[107.00,21.50],
*****************************t=19*****************************
20 generation time: 1.75 s
[127.00,7.50],
[111.00,13.00],
[184.00,3.00],
[110.00,21.00],
[106.00,25.00],
[107.00,21.50],
*****************************t=20*****************************
21 generation time: 1.84 s
[127.00,7.50],
[111.00,13.00],
[184.00,3.00],
[110.00,21.00],
[105.00,25.00],
[107.00,21.50],
*****************************t=21*****************************
22 generation time: 1.94 s
[127.00,7.50],
[111.00,13.00],
[184.00,3.00],
[110.00,21.00],
[105.00,25.00],
[107.00,21.50],
*****************************t=22*****************************
time to convergence: 1.98 s	
23 generation time: 2.02 s
[127.00,7.50],
[111.00,13.00],
[184.00,3.00],
[100.00,15.50],
[177.00,5.50],
*****************************t=23*****************************
24 generation time: 2.11 s
[127.00,7.50],
[111.00,13.00],
[184.00,3.00],
[100.00,15.50],
[177.00,5.50],
*****************************t=24*****************************
25 generation time: 2.20 s
[127.00,7.50],
[111.00,13.00],
[184.00,3.00],
[100.00,15.50],
[177.00,5.50],
*****************************t=25*****************************
26 generation time: 2.28 s
[127.00,7.50],
[111.00,13.00],
[184.00,3.00],
[100.00,15.50],
[177.00,5.50],
*****************************t=26*****************************
27 generation time: 2.38 s
[127.00,7.50],
[111.00,13.00],
[184.00,3.00],
[100.00,15.50],
[176.00,3.50],
*****************************t=27*****************************
28 generation time: 2.45 s
[127.00,7.50],
[111.00,13.00],
[184.00,3.00],
[100.00,15.50],
[176.00,3.50],
*****************************t=28*****************************
29 generation time: 2.55 s
[127.00,7.50],
[111.00,13.00],
[184.00,3.00],
[100.00,15.50],
[176.00,3.50],
*****************************t=29*****************************
30 generation time: 2.64 s
[127.00,7.50],
[100.00,13.00],
[184.00,3.00],
[176.00,3.50],
*****************************t=30*****************************
time to convergence: 2.69 s	
31 generation time: 2.72 s
[127.00,7.50],
[100.00,13.00],
[184.00,3.00],
[176.00,3.50],
[99.00,19.50],
*****************************t=31*****************************
32 generation time: 2.82 s
[127.00,7.50],
[100.00,13.00],
[184.00,3.00],
[176.00,3.50],
[99.00,19.50],
*****************************t=32*****************************
33 generation time: 2.92 s
[127.00,7.50],
[100.00,13.00],
[184.00,3.00],
[176.00,3.50],
[99.00,19.50],
*****************************t=33*****************************
34 generation time: 3.02 s
[127.00,7.50],
[100.00,13.00],
[184.00,3.00],
[176.00,3.50],
[99.00,19.50],
*****************************t=34*****************************
35 generation time: 3.12 s
[127.00,7.50],
[100.00,13.00],
[184.00,3.00],
[176.00,3.50],
[99.00,19.50],
*****************************t=35*****************************
time to convergence: 3.17 s	
36 generation time: 3.20 s
[127.00,7.50],
[100.00,13.00],
[184.00,3.00],
[176.00,3.50],
[99.00,19.50],
[175.00,5.00],
*****************************t=36*****************************
37 generation time: 3.29 s
[127.00,7.50],
[100.00,13.00],
[184.00,3.00],
[176.00,3.50],
[99.00,19.50],
[175.00,5.00],
*****************************t=37*****************************
38 generation time: 3.38 s
[127.00,7.50],
[100.00,13.00],
[184.00,3.00],
[176.00,3.50],
[99.00,19.50],
[175.00,5.00],
*****************************t=38*****************************
39 generation time: 3.48 s
[127.00,7.50],
[100.00,13.00],
[184.00,3.00],
[176.00,3.50],
[99.00,19.50],
[175.00,5.00],
*****************************t=39*****************************
40 generation time: 3.57 s
[127.00,7.50],
[100.00,13.00],
[184.00,3.00],
[176.00,3.50],
[99.00,19.50],
[175.00,5.00],
*****************************t=40*****************************
41 generation time: 3.67 s
[127.00,7.50],
[100.00,13.00],
[184.00,3.00],
[176.00,3.50],
[99.00,19.50],
[175.00,5.00],
*****************************t=41*****************************
42 generation time: 3.76 s
[127.00,7.50],
[100.00,13.00],
[184.00,3.00],
[176.00,3.50],
[99.00,19.50],
[175.00,5.00],
*****************************t=42*****************************
43 generation time: 3.86 s
[127.00,7.50],
[100.00,13.00],
[184.00,3.00],
[176.00,3.50],
[99.00,19.50],
[175.00,5.00],
*****************************t=43*****************************
44 generation time: 3.96 s
[127.00,7.50],
[100.00,13.00],
[184.00,3.00],
[176.00,3.50],
[99.00,19.50],
[175.00,5.00],
*****************************t=44*****************************
45 generation time: 4.05 s
[127.00,7.50],
[100.00,13.00],
[184.00,3.00],
[176.00,3.50],
[99.00,19.50],
[175.00,5.00],
*****************************t=45*****************************
46 generation time: 4.14 s
[127.00,7.50],
[100.00,13.00],
[184.00,3.00],
[176.00,3.50],
[99.00,19.50],
[175.00,5.00],
*****************************t=46*****************************
47 generation time: 4.23 s
[127.00,7.50],
[100.00,13.00],
[184.00,3.00],
[176.00,3.50],
[99.00,19.50],
[175.00,5.00],
*****************************t=47*****************************
time to convergence: 4.29 s	
48 generation time: 4.33 s
[127.00,7.50],
[100.00,13.00],
[184.00,3.00],
[176.00,3.50],
[99.00,19.50],
[175.00,5.00],
[122.00,9.00],
*****************************t=48*****************************
49 generation time: 4.42 s
[127.00,7.50],
[100.00,13.00],
[184.00,3.00],
[176.00,3.50],
[99.00,19.50],
[175.00,5.00],
[122.00,9.00],
*****************************t=49*****************************
50 generation time: 4.51 s
[127.00,7.50],
[100.00,13.00],
[184.00,3.00],
[176.00,3.50],
[99.00,19.50],
[175.00,5.00],
[122.00,9.00],
*****************************t=50*****************************
51 generation time: 4.61 s
[127.00,7.50],
[100.00,13.00],
[184.00,3.00],
[176.00,3.50],
[99.00,19.50],
[175.00,5.00],
[122.00,9.00],
*****************************t=51*****************************
time to convergence: 4.65 s	
52 generation time: 4.68 s
[127.00,7.50],
[100.00,13.00],
[184.00,3.00],
[176.00,3.50],
[99.00,19.50],
[175.00,5.00],
[122.00,9.00],
[202.00,1.50],
*****************************t=52*****************************
53 generation time: 4.78 s
[127.00,7.50],
[100.00,13.00],
[184.00,3.00],
[176.00,3.50],
[99.00,19.50],
[175.00,5.00],
[122.00,9.00],
[202.00,1.50],
*****************************t=53*****************************
54 generation time: 4.87 s
[127.00,7.50],
[100.00,13.00],
[184.00,3.00],
[176.00,3.50],
[99.00,19.50],
[175.00,5.00],
[122.00,9.00],
[202.00,1.50],
*****************************t=54*****************************
55 generation time: 4.97 s
[127.00,7.50],
[100.00,13.00],
[184.00,3.00],
[176.00,3.50],
[99.00,19.50],
[175.00,5.00],
[122.00,9.00],
[202.00,1.50],
*****************************t=55*****************************
56 generation time: 5.06 s
[127.00,7.50],
[100.00,13.00],
[184.00,3.00],
[176.00,3.50],
[99.00,19.50],
[175.00,5.00],
[122.00,9.00],
[202.00,1.50],
*****************************t=56*****************************
57 generation time: 5.15 s
[127.00,7.50],
[100.00,13.00],
[184.00,3.00],
[176.00,3.50],
[99.00,19.50],
[175.00,5.00],
[122.00,9.00],
[202.00,1.50],
*****************************t=57*****************************
58 generation time: 5.25 s
[127.00,7.50],
[100.00,13.00],
[184.00,3.00],
[176.00,3.50],
[99.00,19.50],
[175.00,5.00],
[122.00,9.00],
[202.00,1.50],
*****************************t=58*****************************
59 generation time: 5.34 s
[127.00,7.50],
[100.00,13.00],
[184.00,3.00],
[176.00,3.50],
[99.00,19.50],
[175.00,5.00],
[122.00,9.00],
[202.00,1.50],
*****************************t=59*****************************
60 generation time: 5.43 s
[127.00,7.50],
[100.00,13.00],
[184.00,3.00],
[176.00,3.50],
[98.00,13.50],
[175.00,5.00],
[122.00,9.00],
[202.00,1.50],
*****************************t=60*****************************
61 generation time: 5.53 s
[127.00,7.50],
[100.00,13.00],
[184.00,3.00],
[176.00,3.50],
[98.00,13.50],
[175.00,5.00],
[122.00,9.00],
[202.00,1.50],
*****************************t=61*****************************
62 generation time: 5.62 s
[127.00,7.50],
[100.00,13.00],
[184.00,3.00],
[176.00,3.50],
[98.00,13.50],
[175.00,5.00],
[122.00,9.00],
[202.00,1.50],
*****************************t=62*****************************
time to convergence: 5.67 s	
63 generation time: 5.70 s
[127.00,7.50],
[100.00,13.00],
[184.00,3.00],
[176.00,3.50],
[98.00,13.50],
[175.00,5.00],
[122.00,9.00],
[202.00,1.50],
[163.00,7.00],
*****************************t=63*****************************
64 generation time: 5.79 s
[127.00,7.50],
[100.00,13.00],
[184.00,3.00],
[176.00,3.50],
[98.00,13.50],
[175.00,5.00],
[122.00,9.00],
[202.00,1.50],
[163.00,7.00],
*****************************t=64*****************************
65 generation time: 5.89 s
[127.00,7.50],
[100.00,13.00],
[184.00,3.00],
[176.00,3.50],
[98.00,13.50],
[175.00,5.00],
[122.00,9.00],
[202.00,1.50],
[163.00,7.00],
*****************************t=65*****************************
66 generation time: 6.00 s
[127.00,7.50],
[100.00,13.00],
[184.00,3.00],
[176.00,3.50],
[98.00,13.50],
[175.00,5.00],
[122.00,9.00],
[202.00,1.50],
[163.00,7.00],
*****************************t=66*****************************
67 generation time: 6.08 s
[127.00,7.50],
[100.00,13.00],
[184.00,3.00],
[176.00,3.50],
[98.00,13.50],
[175.00,5.00],
[122.00,9.00],
[202.00,1.50],
[163.00,7.00],
*****************************t=67*****************************
68 generation time: 6.17 s
[127.00,7.50],
[100.00,13.00],
[184.00,3.00],
[176.00,3.50],
[98.00,13.50],
[175.00,5.00],
[122.00,9.00],
[202.00,1.50],
[163.00,7.00],
*****************************t=68*****************************
69 generation time: 6.26 s
[127.00,7.50],
[100.00,13.00],
[184.00,3.00],
[176.00,3.50],
[98.00,13.50],
[175.00,5.00],
[122.00,9.00],
[202.00,1.50],
[163.00,7.00],
*****************************t=69*****************************
70 generation time: 6.36 s
[127.00,7.50],
[100.00,13.00],
[184.00,3.00],
[176.00,3.50],
[98.00,13.50],
[175.00,5.00],
[122.00,9.00],
[202.00,1.50],
[163.00,7.00],
*****************************t=70*****************************
71 generation time: 6.45 s
[127.00,7.50],
[100.00,13.00],
[184.00,3.00],
[176.00,3.50],
[98.00,13.50],
[175.00,5.00],
[122.00,9.00],
[202.00,1.50],
[163.00,7.00],
*****************************t=71*****************************
72 generation time: 6.54 s
[127.00,7.50],
[100.00,13.00],
[184.00,3.00],
[176.00,3.50],
[98.00,13.50],
[175.00,5.00],
[122.00,9.00],
[202.00,1.50],
[163.00,7.00],
*****************************t=72*****************************
73 generation time: 6.64 s
[127.00,7.50],
[100.00,13.00],
[184.00,3.00],
[176.00,3.50],
[98.00,13.50],
[175.00,5.00],
[122.00,9.00],
[202.00,1.50],
[163.00,7.00],
*****************************t=73*****************************
74 generation time: 6.73 s
[127.00,7.50],
[100.00,13.00],
[184.00,3.00],
[176.00,3.50],
[98.00,13.50],
[175.00,5.00],
[122.00,9.00],
[202.00,1.50],
[163.00,7.00],
*****************************t=74*****************************
time to convergence: 6.80 s	
75 generation time: 6.84 s
[127.00,7.50],
[100.00,13.00],
[184.00,3.00],
[176.00,3.50],
[98.00,13.50],
[175.00,5.00],
[122.00,9.00],
[202.00,1.50],
[163.00,7.00],
[164.00,6.50],
*****************************t=75*****************************
76 generation time: 6.94 s
[127.00,7.50],
[100.00,13.00],
[184.00,3.00],
[176.00,3.50],
[98.00,13.50],
[175.00,5.00],
[122.00,9.00],
[202.00,1.50],
[163.00,7.00],
[164.00,6.50],
*****************************t=76*****************************
77 generation time: 7.04 s
[127.00,7.50],
[100.00,13.00],
[184.00,3.00],
[176.00,3.50],
[98.00,13.50],
[175.00,5.00],
[122.00,9.00],
[202.00,1.50],
[163.00,7.00],
[164.00,6.50],
*****************************t=77*****************************
78 generation time: 7.13 s
[127.00,7.50],
[100.00,13.00],
[184.00,3.00],
[176.00,3.50],
[98.00,13.50],
[175.00,5.00],
[122.00,9.00],
[202.00,1.50],
[163.00,7.00],
[164.00,6.50],
*****************************t=78*****************************
79 generation time: 7.23 s
[127.00,7.50],
[100.00,13.00],
[177.00,3.00],
[176.00,3.50],
[98.00,13.50],
[175.00,5.00],
[122.00,9.00],
[202.00,1.50],
[163.00,7.00],
[164.00,6.50],
*****************************t=79*****************************
80 generation time: 7.33 s
[127.00,7.50],
[100.00,13.00],
[177.00,3.00],
[176.00,3.50],
[98.00,13.50],
[175.00,5.00],
[122.00,9.00],
[202.00,1.50],
[163.00,7.00],
[164.00,6.50],
*****************************t=80*****************************
81 generation time: 7.43 s
[127.00,7.50],
[100.00,13.00],
[177.00,3.00],
[176.00,3.50],
[98.00,13.50],
[175.00,5.00],
[122.00,9.00],
[202.00,1.50],
[163.00,7.00],
[164.00,6.50],
*****************************t=81*****************************
82 generation time: 7.52 s
[127.00,7.50],
[100.00,13.00],
[177.00,3.00],
[176.00,3.50],
[98.00,13.50],
[175.00,5.00],
[122.00,9.00],
[202.00,1.50],
[163.00,7.00],
[164.00,6.50],
*****************************t=82*****************************
83 generation time: 7.62 s
[127.00,7.50],
[100.00,13.00],
[177.00,3.00],
[176.00,3.50],
[98.00,13.50],
[175.00,5.00],
[122.00,9.00],
[202.00,1.50],
[163.00,7.00],
[164.00,6.50],
*****************************t=83*****************************
84 generation time: 7.72 s
[127.00,7.50],
[100.00,13.00],
[177.00,3.00],
[176.00,3.50],
[98.00,13.50],
[175.00,5.00],
[122.00,9.00],
[202.00,1.50],
[163.00,7.00],
[164.00,6.50],
*****************************t=84*****************************
85 generation time: 7.81 s
[127.00,7.50],
[100.00,13.00],
[177.00,3.00],
[176.00,3.50],
[98.00,13.50],
[175.00,5.00],
[122.00,9.00],
[202.00,1.50],
[163.00,7.00],
[164.00,6.50],
*****************************t=85*****************************
86 generation time: 7.91 s
[127.00,7.50],
[100.00,13.00],
[177.00,3.00],
[176.00,3.50],
[98.00,13.50],
[175.00,5.00],
[122.00,9.00],
[202.00,1.50],
[163.00,7.00],
[164.00,6.50],
*****************************t=86*****************************
87 generation time: 8.00 s
[127.00,7.50],
[100.00,13.00],
[177.00,3.00],
[176.00,3.50],
[98.00,13.50],
[175.00,5.00],
[122.00,9.00],
[202.00,1.50],
[163.00,7.00],
[164.00,6.50],
*****************************t=87*****************************
88 generation time: 8.10 s
[127.00,7.50],
[100.00,13.00],
[177.00,3.00],
[176.00,3.50],
[98.00,13.50],
[175.00,5.00],
[122.00,9.00],
[202.00,1.50],
[163.00,7.00],
[164.00,6.50],
*****************************t=88*****************************
89 generation time: 8.20 s
[127.00,7.50],
[100.00,13.00],
[177.00,3.00],
[176.00,3.50],
[98.00,13.50],
[175.00,5.00],
[122.00,9.00],
[202.00,1.50],
[163.00,7.00],
[164.00,6.50],
*****************************t=89*****************************
90 generation time: 8.29 s
[127.00,7.50],
[100.00,13.00],
[177.00,3.00],
[176.00,3.50],
[98.00,13.50],
[175.00,5.00],
[122.00,9.00],
[202.00,1.50],
[163.00,7.00],
[164.00,6.50],
*****************************t=90*****************************
91 generation time: 8.39 s
[127.00,7.50],
[100.00,13.00],
[177.00,3.00],
[176.00,3.50],
[98.00,13.50],
[175.00,5.00],
[122.00,9.00],
[202.00,1.50],
[163.00,7.00],
[164.00,6.50],
*****************************t=91*****************************
92 generation time: 8.48 s
[127.00,7.50],
[100.00,13.00],
[177.00,3.00],
[176.00,3.50],
[98.00,13.50],
[175.00,5.00],
[122.00,9.00],
[202.00,1.50],
[163.00,7.00],
[164.00,6.50],
*****************************t=92*****************************
93 generation time: 8.56 s
[127.00,7.50],
[100.00,13.00],
[177.00,3.00],
[176.00,3.50],
[98.00,13.50],
[175.00,5.00],
[122.00,9.00],
[202.00,1.50],
[163.00,7.00],
[164.00,6.50],
*****************************t=93*****************************
94 generation time: 8.66 s
[127.00,7.50],
[100.00,13.00],
[177.00,3.00],
[176.00,3.50],
[98.00,13.50],
[175.00,5.00],
[122.00,9.00],
[202.00,1.50],
[163.00,7.00],
[164.00,6.50],
*****************************t=94*****************************
95 generation time: 8.75 s
[127.00,7.50],
[100.00,13.00],
[177.00,3.00],
[176.00,3.50],
[98.00,13.50],
[175.00,5.00],
[122.00,9.00],
[202.00,1.50],
[163.00,7.00],
[164.00,6.50],
*****************************t=95*****************************
96 generation time: 8.84 s
[127.00,7.50],
[100.00,13.00],
[177.00,3.00],
[176.00,3.50],
[98.00,13.50],
[175.00,5.00],
[122.00,9.00],
[202.00,1.50],
[163.00,7.00],
[164.00,6.50],
*****************************t=96*****************************
97 generation time: 8.94 s
[127.00,7.50],
[100.00,13.00],
[177.00,3.00],
[176.00,3.50],
[98.00,13.50],
[175.00,5.00],
[122.00,9.00],
[202.00,1.50],
[163.00,7.00],
[164.00,6.50],
*****************************t=97*****************************
98 generation time: 9.02 s
[127.00,7.50],
[100.00,13.00],
[177.00,3.00],
[176.00,3.50],
[98.00,13.50],
[175.00,5.00],
[122.00,9.00],
[202.00,1.50],
[163.00,7.00],
[164.00,6.50],
*****************************t=98*****************************
99 generation time: 9.11 s
[127.00,7.50],
[100.00,13.00],
[177.00,3.00],
[176.00,3.50],
[98.00,13.50],
[175.00,5.00],
[122.00,9.00],
[202.00,1.50],
[163.00,7.00],
[164.00,6.50],
*****************************t=99*****************************
100 generation time: 9.20 s
[127.00,7.50],
[100.00,13.00],
[177.00,3.00],
[176.00,3.50],
[98.00,13.50],
[175.00,5.00],
[122.00,9.00],
[202.00,1.50],
[163.00,7.00],
[164.00,6.50],
[127.00,7.50],
[100.00,13.00],
[177.00,3.00],
[176.00,3.50],
[98.00,13.50],
[175.00,5.00],
[122.00,9.00],
[202.00,1.50],
[163.00,7.00],
[164.00,6.50],
tot = 10
total time: 9.27 s
