m = 4 n = 10
pop = 30 gen = 100
init...begin
init...done
*****************************t=0*****************************
time to convergence: 0.06 s	
time to convergence: 0.06 s	
time to convergence: 0.06 s	
time to convergence: 0.06 s	
1 generation time: 0.09 s
[117.00,26.50],
[225.00,7.00],
[165.00,10.50],
[195.00,9.00],
[161.00,17.50],
*****************************t=1*****************************
time to convergence: 0.14 s	
time to convergence: 0.14 s	
time to convergence: 0.14 s	
2 generation time: 0.17 s
[117.00,26.50],
[180.00,7.00],
[165.00,10.50],
[148.00,15.50],
[132.00,21.00],
[199.00,3.00],
[114.00,35.00],
*****************************t=2*****************************
time to convergence: 0.23 s	
3 generation time: 0.25 s
[117.00,26.50],
[180.00,7.00],
[165.00,10.50],
[148.00,15.50],
[132.00,21.00],
[199.00,3.00],
[114.00,35.00],
[155.00,11.00],
*****************************t=3*****************************
time to convergence: 0.31 s	
4 generation time: 0.34 s
[117.00,26.50],
[180.00,7.00],
[165.00,10.50],
[148.00,15.50],
[132.00,21.00],
[199.00,3.00],
[114.00,35.00],
[155.00,11.00],
[185.00,3.50],
*****************************t=4*****************************
time to convergence: 0.39 s	
5 generation time: 0.42 s
[117.00,26.50],
[180.00,7.00],
[165.00,10.50],
[148.00,15.50],
[132.00,21.00],
[199.00,3.00],
[114.00,35.00],
[155.00,11.00],
[185.00,3.50],
[177.00,9.50],
*****************************t=5*****************************
6 generation time: 0.50 s
[110.00,25.00],
[180.00,7.00],
[165.00,10.50],
[148.00,15.50],
[132.00,21.00],
[199.00,3.00],
[155.00,11.00],
[185.00,3.50],
[177.00,9.50],
*****************************t=6*****************************
7 generation time: 0.58 s
[110.00,25.00],
[180.00,7.00],
[165.00,10.50],
[148.00,15.50],
[132.00,21.00],
[199.00,3.00],
[155.00,11.00],
[185.00,3.50],
[176.00,9.50],
*****************************t=7*****************************
time to convergence: 0.63 s	
time to convergence: 0.63 s	
8 generation time: 0.66 s
[110.00,25.00],
[180.00,7.00],
[152.00,10.50],
[148.00,15.50],
[132.00,21.00],
[199.00,3.00],
[185.00,3.50],
[176.00,9.50],
[131.00,23.00],
[177.00,9.00],
*****************************t=8*****************************
9 generation time: 0.73 s
[110.00,25.00],
[180.00,7.00],
[118.00,9.00],
[199.00,3.00],
[185.00,3.50],
[177.00,7.50],
*****************************t=9*****************************
10 generation time: 0.83 s
[108.00,13.00],
[180.00,7.00],
[118.00,9.00],
[199.00,3.00],
[185.00,3.50],
[177.00,7.50],
*****************************t=10*****************************
11 generation time: 0.92 s
[108.00,13.00],
[180.00,7.00],
[118.00,9.00],
[199.00,3.00],
[185.00,3.50],
[177.00,7.50],
*****************************t=11*****************************
12 generation time: 1.01 s
[108.00,13.00],
[180.00,7.00],
[118.00,9.00],
[186.00,3.00],
[185.00,3.50],
[177.00,7.50],
*****************************t=12*****************************
time to convergence: 1.07 s	
13 generation time: 1.10 s
[108.00,13.00],
[175.00,5.50],
[118.00,9.00],
[186.00,3.00],
[185.00,3.50],
[107.00,27.50],
*****************************t=13*****************************
time to convergence: 1.15 s	
14 generation time: 1.18 s
[108.00,13.00],
[175.00,5.50],
[118.00,9.00],
[186.00,3.00],
[185.00,3.50],
[107.00,27.50],
[140.00,7.50],
*****************************t=14*****************************
15 generation time: 1.27 s
[108.00,13.00],
[175.00,5.50],
[118.00,9.00],
[186.00,3.00],
[185.00,3.50],
[107.00,27.50],
[140.00,7.50],
*****************************t=15*****************************
16 generation time: 1.36 s
[108.00,13.00],
[175.00,5.50],
[118.00,9.00],
[186.00,3.00],
[185.00,3.50],
[107.00,27.50],
[140.00,7.50],
*****************************t=16*****************************
17 generation time: 1.45 s
[108.00,13.00],
[175.00,5.50],
[118.00,9.00],
[186.00,3.00],
[185.00,3.50],
[107.00,27.50],
[140.00,7.50],
*****************************t=17*****************************
18 generation time: 1.55 s
[108.00,13.00],
[175.00,5.50],
[118.00,9.00],
[186.00,3.00],
[185.00,3.50],
[107.00,27.50],
[140.00,7.50],
*****************************t=18*****************************
19 generation time: 1.64 s
[108.00,13.00],
[175.00,5.50],
[118.00,9.00],
[186.00,3.00],
[185.00,3.50],
[107.00,27.50],
[140.00,7.50],
*****************************t=19*****************************
20 generation time: 1.74 s
[108.00,13.00],
[175.00,5.50],
[118.00,9.00],
[186.00,3.00],
[185.00,3.50],
[107.00,27.50],
[140.00,7.50],
*****************************t=20*****************************
21 generation time: 1.84 s
[108.00,13.00],
[175.00,5.50],
[118.00,9.00],
[186.00,3.00],
[185.00,3.50],
[107.00,27.50],
[140.00,7.50],
*****************************t=21*****************************
22 generation time: 1.93 s
[108.00,13.00],
[175.00,5.50],
[118.00,9.00],
[186.00,3.00],
[185.00,3.50],
[107.00,27.50],
[140.00,7.50],
*****************************t=22*****************************
23 generation time: 2.03 s
[108.00,13.00],
[175.00,5.50],
[118.00,9.00],
[186.00,3.00],
[185.00,3.50],
[107.00,27.50],
[140.00,7.50],
*****************************t=23*****************************
24 generation time: 2.12 s
[108.00,13.00],
[175.00,5.50],
[118.00,9.00],
[186.00,3.00],
[185.00,3.50],
[107.00,27.50],
[140.00,7.50],
*****************************t=24*****************************
25 generation time: 2.21 s
[108.00,13.00],
[175.00,5.50],
[118.00,9.00],
[186.00,3.00],
[185.00,3.50],
[107.00,27.50],
[140.00,7.50],
*****************************t=25*****************************
26 generation time: 2.30 s
[108.00,13.00],
[175.00,5.50],
[118.00,9.00],
[186.00,3.00],
[185.00,3.50],
[107.00,27.50],
[140.00,7.50],
*****************************t=26*****************************
27 generation time: 2.40 s
[108.00,13.00],
[175.00,5.50],
[118.00,9.00],
[186.00,3.00],
[185.00,3.50],
[107.00,27.50],
[140.00,7.50],
*****************************t=27*****************************
28 generation time: 2.49 s
[108.00,13.00],
[175.00,5.50],
[118.00,9.00],
[186.00,3.00],
[185.00,3.50],
[107.00,27.50],
[140.00,7.50],
*****************************t=28*****************************
29 generation time: 2.58 s
[102.00,13.00],
[175.00,5.50],
[118.00,9.00],
[186.00,3.00],
[185.00,3.50],
[140.00,7.50],
*****************************t=29*****************************
30 generation time: 2.67 s
[102.00,13.00],
[175.00,5.50],
[118.00,9.00],
[186.00,3.00],
[185.00,3.50],
[140.00,7.50],
*****************************t=30*****************************
31 generation time: 2.75 s
[102.00,13.00],
[175.00,5.50],
[118.00,9.00],
[186.00,3.00],
[185.00,3.50],
[140.00,7.50],
*****************************t=31*****************************
32 generation time: 2.85 s
[102.00,13.00],
[175.00,5.50],
[118.00,9.00],
[186.00,3.00],
[185.00,3.50],
[140.00,7.50],
*****************************t=32*****************************
33 generation time: 2.94 s
[102.00,13.00],
[175.00,5.50],
[118.00,9.00],
[186.00,3.00],
[185.00,3.50],
[140.00,7.50],
*****************************t=33*****************************
34 generation time: 3.03 s
[102.00,13.00],
[175.00,5.50],
[118.00,9.00],
[186.00,3.00],
[185.00,3.50],
[140.00,7.50],
*****************************t=34*****************************
35 generation time: 3.13 s
[102.00,13.00],
[175.00,5.50],
[118.00,9.00],
[186.00,3.00],
[185.00,3.50],
[140.00,7.50],
*****************************t=35*****************************
36 generation time: 3.22 s
[102.00,13.00],
[175.00,5.50],
[118.00,9.00],
[186.00,3.00],
[185.00,3.50],
[140.00,7.50],
*****************************t=36*****************************
37 generation time: 3.31 s
[102.00,13.00],
[175.00,5.50],
[118.00,9.00],
[186.00,3.00],
[185.00,3.50],
[140.00,7.50],
*****************************t=37*****************************
38 generation time: 3.41 s
[102.00,13.00],
[175.00,5.50],
[118.00,9.00],
[186.00,3.00],
[185.00,3.50],
[140.00,7.50],
*****************************t=38*****************************
39 generation time: 3.50 s
[102.00,13.00],
[175.00,5.50],
[118.00,9.00],
[186.00,3.00],
[185.00,3.50],
[140.00,7.50],
*****************************t=39*****************************
40 generation time: 3.59 s
[102.00,13.00],
[175.00,5.50],
[118.00,9.00],
[186.00,3.00],
[185.00,3.50],
[140.00,7.50],
*****************************t=40*****************************
41 generation time: 3.69 s
[102.00,13.00],
[175.00,5.50],
[118.00,9.00],
[186.00,3.00],
[185.00,3.50],
[140.00,7.50],
*****************************t=41*****************************
42 generation time: 3.78 s
[102.00,13.00],
[175.00,5.50],
[118.00,9.00],
[186.00,3.00],
[185.00,3.50],
[140.00,7.50],
*****************************t=42*****************************
43 generation time: 3.86 s
[102.00,13.00],
[175.00,5.50],
[118.00,9.00],
[186.00,3.00],
[185.00,3.50],
[140.00,7.50],
*****************************t=43*****************************
44 generation time: 3.97 s
[102.00,13.00],
[175.00,5.50],
[118.00,9.00],
[186.00,3.00],
[185.00,3.50],
[140.00,7.50],
*****************************t=44*****************************
45 generation time: 4.06 s
[102.00,13.00],
[175.00,5.50],
[118.00,9.00],
[186.00,3.00],
[185.00,3.50],
[140.00,7.50],
*****************************t=45*****************************
46 generation time: 4.16 s
[102.00,13.00],
[175.00,5.50],
[118.00,9.00],
[186.00,3.00],
[185.00,3.50],
[140.00,7.50],
*****************************t=46*****************************
47 generation time: 4.22 s
[102.00,13.00],
[175.00,5.50],
[118.00,9.00],
[186.00,3.00],
[185.00,3.50],
[140.00,7.50],
*****************************t=47*****************************
48 generation time: 4.33 s
[102.00,13.00],
[175.00,5.50],
[118.00,9.00],
[186.00,3.00],
[185.00,3.50],
[140.00,7.50],
*****************************t=48*****************************
49 generation time: 4.42 s
[102.00,13.00],
[175.00,5.50],
[118.00,9.00],
[186.00,3.00],
[185.00,3.50],
[140.00,7.50],
*****************************t=49*****************************
50 generation time: 4.52 s
[102.00,13.00],
[175.00,5.50],
[118.00,9.00],
[186.00,3.00],
[185.00,3.50],
[140.00,7.50],
*****************************t=50*****************************
51 generation time: 4.59 s
[102.00,13.00],
[175.00,5.50],
[118.00,9.00],
[186.00,3.00],
[185.00,3.50],
[140.00,7.50],
*****************************t=51*****************************
52 generation time: 4.67 s
[102.00,13.00],
[175.00,5.50],
[118.00,9.00],
[186.00,1.50],
[185.00,3.50],
[140.00,7.50],
*****************************t=52*****************************
53 generation time: 4.77 s
[102.00,13.00],
[175.00,5.50],
[118.00,9.00],
[186.00,1.50],
[185.00,3.50],
[140.00,7.50],
*****************************t=53*****************************
54 generation time: 4.85 s
[102.00,13.00],
[175.00,5.50],
[118.00,9.00],
[186.00,1.50],
[185.00,3.50],
[140.00,7.50],
*****************************t=54*****************************
55 generation time: 4.95 s
[102.00,13.00],
[175.00,5.50],
[118.00,9.00],
[186.00,1.50],
[185.00,3.50],
[140.00,7.50],
*****************************t=55*****************************
56 generation time: 5.04 s
[102.00,13.00],
[175.00,5.50],
[118.00,9.00],
[186.00,1.50],
[185.00,3.50],
[140.00,7.50],
*****************************t=56*****************************
57 generation time: 5.14 s
[102.00,13.00],
[175.00,5.50],
[118.00,9.00],
[186.00,1.50],
[185.00,3.50],
[140.00,7.50],
*****************************t=57*****************************
58 generation time: 5.23 s
[102.00,13.00],
[175.00,5.50],
[118.00,9.00],
[186.00,1.50],
[185.00,3.50],
[140.00,7.50],
*****************************t=58*****************************
59 generation time: 5.33 s
[102.00,13.00],
[175.00,5.50],
[118.00,9.00],
[186.00,1.50],
[185.00,3.50],
[140.00,7.50],
*****************************t=59*****************************
60 generation time: 5.43 s
[102.00,13.00],
[175.00,5.50],
[118.00,9.00],
[186.00,1.50],
[185.00,3.50],
[140.00,7.50],
*****************************t=60*****************************
61 generation time: 5.52 s
[102.00,13.00],
[175.00,5.50],
[118.00,9.00],
[186.00,1.50],
[185.00,3.50],
[140.00,7.50],
*****************************t=61*****************************
62 generation time: 5.62 s
[102.00,13.00],
[175.00,5.50],
[118.00,9.00],
[186.00,1.50],
[185.00,3.50],
[140.00,7.50],
*****************************t=62*****************************
63 generation time: 5.71 s
[102.00,13.00],
[175.00,5.50],
[118.00,9.00],
[186.00,1.50],
[185.00,3.50],
[140.00,7.50],
*****************************t=63*****************************
64 generation time: 5.81 s
[102.00,13.00],
[175.00,5.50],
[118.00,9.00],
[186.00,1.50],
[185.00,3.50],
[140.00,7.50],
*****************************t=64*****************************
65 generation time: 5.90 s
[102.00,13.00],
[175.00,5.50],
[118.00,9.00],
[186.00,1.50],
[185.00,3.50],
[140.00,7.50],
*****************************t=65*****************************
66 generation time: 6.00 s
[102.00,13.00],
[175.00,5.50],
[118.00,9.00],
[186.00,1.50],
[185.00,3.50],
[140.00,7.50],
*****************************t=66*****************************
67 generation time: 6.09 s
[102.00,13.00],
[175.00,5.50],
[118.00,9.00],
[186.00,1.50],
[185.00,3.50],
[140.00,7.50],
*****************************t=67*****************************
68 generation time: 6.19 s
[102.00,13.00],
[175.00,5.50],
[118.00,9.00],
[186.00,1.50],
[185.00,3.50],
[140.00,7.50],
*****************************t=68*****************************
69 generation time: 6.28 s
[102.00,13.00],
[175.00,5.50],
[118.00,9.00],
[186.00,1.50],
[185.00,3.50],
[140.00,7.50],
*****************************t=69*****************************
70 generation time: 6.38 s
[102.00,13.00],
[175.00,5.50],
[118.00,9.00],
[186.00,1.50],
[185.00,3.50],
[140.00,7.50],
*****************************t=70*****************************
71 generation time: 6.47 s
[102.00,13.00],
[175.00,5.50],
[118.00,9.00],
[186.00,1.50],
[185.00,3.50],
[140.00,7.50],
*****************************t=71*****************************
72 generation time: 6.55 s
[102.00,13.00],
[175.00,5.50],
[118.00,9.00],
[186.00,1.50],
[185.00,3.50],
[140.00,7.50],
*****************************t=72*****************************
73 generation time: 6.64 s
[102.00,13.00],
[175.00,5.50],
[118.00,9.00],
[186.00,1.50],
[185.00,3.50],
[140.00,7.50],
*****************************t=73*****************************
74 generation time: 6.74 s
[102.00,13.00],
[175.00,5.50],
[118.00,9.00],
[186.00,1.50],
[185.00,3.50],
[140.00,7.50],
*****************************t=74*****************************
75 generation time: 6.83 s
[102.00,13.00],
[175.00,5.50],
[118.00,9.00],
[186.00,1.50],
[185.00,3.50],
[140.00,7.50],
*****************************t=75*****************************
76 generation time: 6.92 s
[102.00,13.00],
[175.00,5.50],
[118.00,9.00],
[186.00,1.50],
[185.00,3.50],
[140.00,7.50],
*****************************t=76*****************************
time to convergence: 6.99 s	
77 generation time: 7.02 s
[100.00,13.00],
[175.00,5.50],
[118.00,9.00],
[186.00,1.50],
[185.00,3.50],
[140.00,7.50],
*****************************t=77*****************************
78 generation time: 7.11 s
[100.00,13.00],
[175.00,5.50],
[118.00,9.00],
[186.00,1.50],
[185.00,3.50],
[140.00,7.50],
*****************************t=78*****************************
79 generation time: 7.21 s
[100.00,13.00],
[175.00,5.50],
[118.00,9.00],
[186.00,1.50],
[185.00,3.50],
[140.00,7.50],
*****************************t=79*****************************
80 generation time: 7.30 s
[100.00,13.00],
[175.00,5.50],
[118.00,9.00],
[186.00,1.50],
[185.00,3.50],
[140.00,7.50],
*****************************t=80*****************************
81 generation time: 7.39 s
[100.00,13.00],
[175.00,5.50],
[118.00,9.00],
[186.00,1.50],
[185.00,3.50],
[140.00,7.50],
*****************************t=81*****************************
82 generation time: 7.47 s
[100.00,13.00],
[175.00,5.50],
[118.00,9.00],
[186.00,1.50],
[185.00,3.50],
[140.00,7.50],
*****************************t=82*****************************
83 generation time: 7.58 s
[100.00,13.00],
[175.00,5.50],
[118.00,9.00],
[186.00,1.50],
[185.00,3.50],
[140.00,7.50],
*****************************t=83*****************************
84 generation time: 7.66 s
[100.00,13.00],
[175.00,5.50],
[118.00,9.00],
[186.00,1.50],
[185.00,3.50],
[140.00,7.50],
*****************************t=84*****************************
85 generation time: 7.75 s
[100.00,13.00],
[175.00,5.50],
[118.00,9.00],
[186.00,1.50],
[185.00,3.50],
[140.00,7.50],
*****************************t=85*****************************
86 generation time: 7.85 s
[100.00,13.00],
[175.00,5.50],
[118.00,9.00],
[186.00,1.50],
[185.00,3.50],
[140.00,7.50],
*****************************t=86*****************************
87 generation time: 7.94 s
[100.00,13.00],
[175.00,5.50],
[118.00,9.00],
[186.00,1.50],
[185.00,3.50],
[140.00,7.50],
*****************************t=87*****************************
88 generation time: 8.03 s
[100.00,13.00],
[175.00,5.50],
[118.00,9.00],
[186.00,1.50],
[185.00,3.50],
[140.00,7.50],
*****************************t=88*****************************
89 generation time: 8.13 s
[100.00,13.00],
[175.00,5.50],
[118.00,9.00],
[186.00,1.50],
[185.00,3.50],
[140.00,7.50],
*****************************t=89*****************************
90 generation time: 8.21 s
[100.00,13.00],
[175.00,5.50],
[118.00,9.00],
[186.00,1.50],
[185.00,3.50],
[140.00,7.50],
*****************************t=90*****************************
91 generation time: 8.30 s
[100.00,13.00],
[175.00,5.50],
[118.00,9.00],
[186.00,1.50],
[185.00,3.50],
[140.00,7.50],
*****************************t=91*****************************
92 generation time: 8.41 s
[100.00,13.00],
[175.00,5.50],
[118.00,9.00],
[186.00,1.50],
[185.00,3.50],
[140.00,7.50],
*****************************t=92*****************************
93 generation time: 8.50 s
[100.00,13.00],
[175.00,5.50],
[118.00,9.00],
[186.00,1.50],
[185.00,3.50],
[140.00,7.50],
*****************************t=93*****************************
94 generation time: 8.60 s
[100.00,13.00],
[175.00,5.50],
[118.00,9.00],
[186.00,1.50],
[185.00,3.50],
[140.00,7.50],
*****************************t=94*****************************
95 generation time: 8.68 s
[100.00,13.00],
[175.00,5.50],
[118.00,9.00],
[186.00,1.50],
[185.00,3.50],
[140.00,7.50],
*****************************t=95*****************************
96 generation time: 8.78 s
[100.00,13.00],
[175.00,5.50],
[118.00,9.00],
[186.00,1.50],
[185.00,3.50],
[140.00,7.50],
*****************************t=96*****************************
97 generation time: 8.89 s
[100.00,13.00],
[175.00,5.50],
[118.00,9.00],
[186.00,1.50],
[185.00,3.50],
[140.00,7.50],
*****************************t=97*****************************
98 generation time: 9.00 s
[100.00,13.00],
[175.00,5.50],
[118.00,9.00],
[186.00,1.50],
[185.00,3.50],
[140.00,7.50],
*****************************t=98*****************************
99 generation time: 9.12 s
[100.00,13.00],
[175.00,5.50],
[118.00,9.00],
[186.00,1.50],
[185.00,3.50],
[140.00,7.50],
*****************************t=99*****************************
100 generation time: 9.25 s
[100.00,13.00],
[175.00,5.50],
[118.00,9.00],
[186.00,1.50],
[185.00,3.50],
[140.00,7.50],
[100.00,13.00],
[175.00,5.50],
[118.00,9.00],
[186.00,1.50],
[185.00,3.50],
[140.00,7.50],
tot = 6
total time: 9.31 s
