m = 4 n = 10
pop = 30 gen = 100
init...begin
init...done
*****************************t=0*****************************
time to convergence: 0.06 s	
time to convergence: 0.06 s	
time to convergence: 0.06 s	
time to convergence: 0.07 s	
1 generation time: 0.10 s
[155.00,13.00],
[191.00,3.00],
[118.00,43.00],
[189.00,11.00],
[119.00,26.50],
*****************************t=1*****************************
2 generation time: 0.20 s
[155.00,13.00],
[191.00,3.00],
[112.00,21.00],
[180.00,8.50],
*****************************t=2*****************************
3 generation time: 0.31 s
[155.00,13.00],
[191.00,3.00],
[112.00,21.00],
[180.00,8.50],
*****************************t=3*****************************
4 generation time: 0.41 s
[155.00,13.00],
[191.00,3.00],
[112.00,21.00],
[175.00,5.00],
*****************************t=4*****************************
time to convergence: 0.47 s	
5 generation time: 0.50 s
[155.00,13.00],
[191.00,3.00],
[112.00,21.00],
[175.00,5.00],
[165.00,7.50],
*****************************t=5*****************************
time to convergence: 0.57 s	
6 generation time: 0.60 s
[155.00,13.00],
[191.00,3.00],
[112.00,21.00],
[175.00,5.00],
[165.00,7.50],
[148.00,18.50],
*****************************t=6*****************************
time to convergence: 0.67 s	
7 generation time: 0.70 s
[155.00,13.00],
[191.00,3.00],
[112.00,21.00],
[175.00,5.00],
[165.00,7.50],
[119.00,17.50],
[147.00,15.00],
*****************************t=7*****************************
time to convergence: 0.77 s	
8 generation time: 0.81 s
[155.00,13.00],
[191.00,3.00],
[99.00,19.50],
[175.00,5.00],
[165.00,7.50],
[119.00,17.50],
[147.00,15.00],
[166.00,7.00],
*****************************t=8*****************************
9 generation time: 0.91 s
[155.00,13.00],
[191.00,3.00],
[99.00,19.50],
[175.00,5.00],
[165.00,7.50],
[119.00,17.50],
[143.00,15.00],
[166.00,7.00],
*****************************t=9*****************************
time to convergence: 0.97 s	
10 generation time: 1.01 s
[155.00,13.00],
[191.00,3.00],
[99.00,19.50],
[175.00,5.00],
[165.00,7.50],
[119.00,17.50],
[143.00,15.00],
[166.00,7.00],
[138.00,17.00],
*****************************t=10*****************************
time to convergence: 1.08 s	
11 generation time: 1.11 s
[133.00,11.00],
[191.00,3.00],
[99.00,19.50],
[175.00,5.00],
[165.00,7.50],
[116.00,17.00],
[166.00,7.00],
[152.00,9.00],
*****************************t=11*****************************
12 generation time: 1.22 s
[133.00,11.00],
[189.00,1.50],
[99.00,19.50],
[175.00,5.00],
[165.00,7.50],
[110.00,13.50],
[166.00,7.00],
[152.00,9.00],
*****************************t=12*****************************
13 generation time: 1.31 s
[133.00,11.00],
[189.00,1.50],
[99.00,19.50],
[175.00,5.00],
[165.00,7.50],
[110.00,13.50],
[166.00,7.00],
[152.00,9.00],
*****************************t=13*****************************
14 generation time: 1.40 s
[133.00,11.00],
[189.00,1.50],
[99.00,19.50],
[175.00,5.00],
[153.00,7.50],
[110.00,13.50],
[166.00,7.00],
[152.00,9.00],
*****************************t=14*****************************
time to convergence: 1.47 s	
time to convergence: 1.47 s	
15 generation time: 1.50 s
[133.00,11.00],
[189.00,1.50],
[99.00,19.50],
[175.00,5.00],
[153.00,7.50],
[110.00,13.50],
[166.00,7.00],
[152.00,9.00],
[112.00,13.00],
[140.00,10.50],
*****************************t=15*****************************
16 generation time: 1.60 s
[133.00,11.00],
[189.00,1.50],
[99.00,19.50],
[175.00,5.00],
[153.00,7.50],
[110.00,13.50],
[166.00,7.00],
[152.00,9.00],
[112.00,13.00],
[137.00,10.50],
*****************************t=16*****************************
17 generation time: 1.70 s
[133.00,11.00],
[189.00,1.50],
[99.00,19.50],
[175.00,5.00],
[153.00,7.50],
[110.00,13.50],
[166.00,7.00],
[152.00,9.00],
[112.00,13.00],
[137.00,10.50],
*****************************t=17*****************************
18 generation time: 1.80 s
[127.00,7.50],
[189.00,1.50],
[99.00,19.50],
[175.00,5.00],
[110.00,13.50],
[166.00,7.00],
[112.00,13.00],
*****************************t=18*****************************
19 generation time: 1.90 s
[127.00,7.50],
[189.00,1.50],
[99.00,19.50],
[175.00,5.00],
[110.00,13.50],
[166.00,7.00],
[112.00,13.00],
*****************************t=19*****************************
20 generation time: 1.99 s
[127.00,7.50],
[189.00,1.50],
[99.00,19.50],
[175.00,5.00],
[110.00,13.50],
[165.00,7.00],
[112.00,13.00],
*****************************t=20*****************************
21 generation time: 2.10 s
[127.00,7.50],
[189.00,1.50],
[99.00,19.50],
[175.00,5.00],
[110.00,13.50],
[165.00,7.00],
[112.00,13.00],
*****************************t=21*****************************
22 generation time: 2.22 s
[127.00,7.50],
[189.00,1.50],
[99.00,19.50],
[175.00,5.00],
[102.00,13.00],
[165.00,7.00],
*****************************t=22*****************************
23 generation time: 2.34 s
[127.00,7.50],
[189.00,1.50],
[99.00,19.50],
[175.00,5.00],
[102.00,13.00],
[165.00,7.00],
*****************************t=23*****************************
24 generation time: 2.45 s
[127.00,7.50],
[189.00,1.50],
[99.00,19.50],
[175.00,5.00],
[102.00,13.00],
[165.00,7.00],
*****************************t=24*****************************
25 generation time: 2.56 s
[127.00,7.50],
[189.00,1.50],
[99.00,19.50],
[175.00,5.00],
[101.00,13.00],
[165.00,7.00],
*****************************t=25*****************************
26 generation time: 2.68 s
[127.00,7.50],
[189.00,1.50],
[99.00,19.50],
[175.00,5.00],
[101.00,13.00],
[165.00,7.00],
*****************************t=26*****************************
27 generation time: 2.79 s
[127.00,7.50],
[189.00,1.50],
[99.00,19.50],
[175.00,5.00],
[101.00,13.00],
[165.00,7.00],
*****************************t=27*****************************
28 generation time: 2.89 s
[127.00,7.50],
[189.00,1.50],
[99.00,19.50],
[175.00,5.00],
[101.00,13.00],
[165.00,7.00],
*****************************t=28*****************************
29 generation time: 3.00 s
[127.00,7.50],
[189.00,1.50],
[99.00,19.50],
[175.00,5.00],
[100.00,13.00],
[165.00,7.00],
*****************************t=29*****************************
30 generation time: 3.10 s
[127.00,7.50],
[189.00,1.50],
[99.00,19.50],
[175.00,5.00],
[100.00,13.00],
[165.00,7.00],
*****************************t=30*****************************
31 generation time: 3.19 s
[127.00,7.50],
[189.00,1.50],
[99.00,19.50],
[175.00,5.00],
[100.00,13.00],
[165.00,7.00],
*****************************t=31*****************************
32 generation time: 3.31 s
[127.00,7.50],
[189.00,1.50],
[99.00,19.50],
[175.00,5.00],
[100.00,13.00],
[165.00,7.00],
*****************************t=32*****************************
33 generation time: 3.42 s
[127.00,7.50],
[189.00,1.50],
[99.00,19.50],
[175.00,5.00],
[100.00,13.00],
[165.00,7.00],
*****************************t=33*****************************
34 generation time: 3.53 s
[127.00,7.50],
[189.00,1.50],
[99.00,19.50],
[175.00,5.00],
[100.00,13.00],
[165.00,7.00],
*****************************t=34*****************************
35 generation time: 3.64 s
[127.00,7.50],
[189.00,1.50],
[99.00,19.50],
[175.00,5.00],
[100.00,13.00],
[165.00,7.00],
*****************************t=35*****************************
time to convergence: 3.71 s	
36 generation time: 3.75 s
[127.00,7.50],
[189.00,1.50],
[99.00,19.50],
[175.00,5.00],
[100.00,13.00],
[165.00,7.00],
[167.00,6.50],
*****************************t=36*****************************
37 generation time: 3.87 s
[127.00,7.50],
[189.00,1.50],
[99.00,19.50],
[175.00,5.00],
[100.00,13.00],
[165.00,7.00],
[167.00,6.50],
*****************************t=37*****************************
38 generation time: 3.98 s
[127.00,7.50],
[189.00,1.50],
[99.00,19.50],
[175.00,5.00],
[100.00,13.00],
[165.00,7.00],
[167.00,6.50],
*****************************t=38*****************************
39 generation time: 4.10 s
[127.00,7.50],
[189.00,1.50],
[99.00,19.50],
[175.00,4.50],
[100.00,13.00],
[165.00,7.00],
[167.00,6.50],
*****************************t=39*****************************
40 generation time: 4.21 s
[127.00,7.50],
[189.00,1.50],
[99.00,19.50],
[175.00,4.50],
[100.00,13.00],
[165.00,7.00],
[167.00,6.50],
*****************************t=40*****************************
41 generation time: 4.32 s
[127.00,7.50],
[189.00,1.50],
[99.00,19.50],
[175.00,4.50],
[100.00,13.00],
[165.00,7.00],
[167.00,6.50],
*****************************t=41*****************************
42 generation time: 4.42 s
[127.00,7.50],
[189.00,1.50],
[99.00,19.50],
[175.00,4.50],
[100.00,13.00],
[165.00,7.00],
[167.00,6.50],
*****************************t=42*****************************
43 generation time: 4.54 s
[127.00,7.50],
[189.00,1.50],
[99.00,19.50],
[175.00,4.50],
[100.00,13.00],
[165.00,7.00],
[167.00,6.50],
*****************************t=43*****************************
44 generation time: 4.65 s
[127.00,7.50],
[189.00,1.50],
[99.00,19.50],
[175.00,4.50],
[100.00,13.00],
[165.00,7.00],
[167.00,6.50],
*****************************t=44*****************************
45 generation time: 4.77 s
[127.00,7.50],
[189.00,1.50],
[99.00,19.50],
[175.00,4.50],
[100.00,13.00],
[165.00,7.00],
[167.00,6.50],
*****************************t=45*****************************
time to convergence: 4.84 s	
46 generation time: 4.88 s
[127.00,7.50],
[189.00,1.50],
[99.00,19.50],
[175.00,4.50],
[100.00,13.00],
[165.00,7.00],
[167.00,6.50],
[176.00,3.50],
*****************************t=46*****************************
47 generation time: 4.99 s
[127.00,7.50],
[189.00,1.50],
[99.00,19.50],
[175.00,4.50],
[100.00,13.00],
[165.00,7.00],
[167.00,6.50],
[176.00,3.50],
*****************************t=47*****************************
48 generation time: 5.11 s
[127.00,7.50],
[189.00,1.50],
[99.00,19.50],
[175.00,4.50],
[100.00,13.00],
[165.00,7.00],
[167.00,6.50],
[176.00,3.50],
*****************************t=48*****************************
49 generation time: 5.22 s
[127.00,7.50],
[189.00,1.50],
[99.00,19.50],
[175.00,4.50],
[100.00,13.00],
[165.00,7.00],
[167.00,6.50],
[176.00,3.50],
*****************************t=49*****************************
50 generation time: 5.32 s
[127.00,7.50],
[189.00,1.50],
[99.00,19.50],
[175.00,4.50],
[100.00,13.00],
[165.00,7.00],
[167.00,6.50],
[176.00,3.50],
*****************************t=50*****************************
time to convergence: 5.40 s	
51 generation time: 5.44 s
[127.00,7.50],
[189.00,1.50],
[99.00,19.50],
[175.00,4.50],
[100.00,13.00],
[165.00,7.00],
[167.00,6.50],
[176.00,3.50],
[122.00,9.00],
*****************************t=51*****************************
52 generation time: 5.56 s
[127.00,7.50],
[189.00,1.50],
[99.00,19.50],
[175.00,4.50],
[100.00,13.00],
[165.00,7.00],
[167.00,6.50],
[176.00,3.50],
[122.00,9.00],
*****************************t=52*****************************
53 generation time: 5.66 s
[127.00,7.50],
[189.00,1.50],
[99.00,19.50],
[175.00,4.50],
[100.00,13.00],
[165.00,7.00],
[167.00,6.50],
[176.00,3.50],
[122.00,9.00],
*****************************t=53*****************************
54 generation time: 5.77 s
[127.00,7.50],
[189.00,1.50],
[99.00,19.50],
[175.00,4.50],
[100.00,13.00],
[165.00,7.00],
[167.00,6.50],
[176.00,3.50],
[122.00,9.00],
*****************************t=54*****************************
55 generation time: 5.89 s
[127.00,7.50],
[189.00,1.50],
[99.00,19.50],
[175.00,4.50],
[100.00,13.00],
[165.00,7.00],
[167.00,6.50],
[176.00,3.50],
[122.00,9.00],
*****************************t=55*****************************
56 generation time: 6.00 s
[127.00,7.50],
[189.00,1.50],
[99.00,19.50],
[175.00,4.50],
[100.00,13.00],
[165.00,7.00],
[167.00,6.50],
[176.00,3.50],
[122.00,9.00],
*****************************t=56*****************************
57 generation time: 6.11 s
[127.00,7.50],
[189.00,1.50],
[99.00,19.50],
[175.00,4.50],
[100.00,13.00],
[165.00,7.00],
[167.00,6.50],
[176.00,3.50],
[122.00,9.00],
*****************************t=57*****************************
58 generation time: 6.23 s
[127.00,7.50],
[189.00,1.50],
[99.00,19.50],
[175.00,4.50],
[100.00,13.00],
[165.00,7.00],
[167.00,6.50],
[176.00,3.50],
[122.00,9.00],
*****************************t=58*****************************
59 generation time: 6.33 s
[127.00,7.50],
[189.00,1.50],
[98.00,13.50],
[175.00,4.50],
[100.00,13.00],
[165.00,7.00],
[167.00,6.50],
[176.00,3.50],
[122.00,9.00],
*****************************t=59*****************************
60 generation time: 6.45 s
[127.00,7.50],
[189.00,1.50],
[98.00,13.50],
[175.00,4.50],
[100.00,13.00],
[165.00,7.00],
[167.00,6.50],
[176.00,3.50],
[122.00,9.00],
*****************************t=60*****************************
61 generation time: 6.55 s
[127.00,7.50],
[189.00,1.50],
[98.00,13.50],
[175.00,4.50],
[100.00,13.00],
[165.00,7.00],
[167.00,6.50],
[176.00,3.50],
[122.00,9.00],
*****************************t=61*****************************
62 generation time: 6.68 s
[127.00,7.50],
[189.00,1.50],
[98.00,13.50],
[175.00,4.50],
[100.00,13.00],
[165.00,7.00],
[167.00,6.50],
[176.00,3.50],
[122.00,9.00],
*****************************t=62*****************************
63 generation time: 6.80 s
[127.00,7.50],
[189.00,1.50],
[98.00,13.50],
[175.00,4.50],
[100.00,13.00],
[165.00,7.00],
[167.00,6.50],
[176.00,3.50],
[122.00,9.00],
*****************************t=63*****************************
64 generation time: 6.91 s
[127.00,7.50],
[189.00,1.50],
[98.00,13.50],
[175.00,4.50],
[100.00,13.00],
[165.00,7.00],
[167.00,6.50],
[176.00,3.50],
[122.00,9.00],
*****************************t=64*****************************
65 generation time: 7.02 s
[127.00,7.50],
[189.00,1.50],
[98.00,13.50],
[175.00,4.50],
[100.00,13.00],
[165.00,7.00],
[167.00,6.50],
[176.00,3.50],
[122.00,9.00],
*****************************t=65*****************************
66 generation time: 7.14 s
[127.00,7.50],
[189.00,1.50],
[98.00,13.50],
[175.00,4.50],
[100.00,13.00],
[165.00,7.00],
[167.00,6.50],
[176.00,3.50],
[122.00,9.00],
*****************************t=66*****************************
67 generation time: 7.25 s
[127.00,7.50],
[189.00,1.50],
[98.00,13.50],
[175.00,4.50],
[100.00,13.00],
[165.00,7.00],
[167.00,6.50],
[176.00,3.50],
[122.00,9.00],
*****************************t=67*****************************
68 generation time: 7.37 s
[127.00,7.50],
[189.00,1.50],
[98.00,13.50],
[175.00,4.50],
[100.00,13.00],
[165.00,7.00],
[167.00,6.50],
[176.00,3.50],
[122.00,9.00],
*****************************t=68*****************************
69 generation time: 7.48 s
[127.00,7.50],
[189.00,1.50],
[98.00,13.50],
[175.00,4.50],
[100.00,13.00],
[165.00,7.00],
[167.00,6.50],
[176.00,3.50],
[122.00,9.00],
*****************************t=69*****************************
70 generation time: 7.60 s
[127.00,7.50],
[189.00,1.50],
[98.00,13.50],
[175.00,4.50],
[100.00,13.00],
[165.00,7.00],
[167.00,6.50],
[176.00,3.50],
[122.00,9.00],
*****************************t=70*****************************
71 generation time: 7.72 s
[127.00,7.50],
[189.00,1.50],
[98.00,13.50],
[175.00,4.50],
[100.00,13.00],
[165.00,7.00],
[167.00,6.50],
[176.00,3.50],
[122.00,9.00],
*****************************t=71*****************************
72 generation time: 7.84 s
[127.00,7.50],
[189.00,1.50],
[98.00,13.50],
[175.00,4.50],
[100.00,13.00],
[165.00,7.00],
[167.00,6.50],
[176.00,3.50],
[122.00,9.00],
*****************************t=72*****************************
73 generation time: 7.95 s
[127.00,7.50],
[189.00,1.50],
[98.00,13.50],
[175.00,4.50],
[100.00,13.00],
[165.00,7.00],
[167.00,6.50],
[176.00,3.50],
[122.00,9.00],
*****************************t=73*****************************
74 generation time: 8.05 s
[127.00,7.50],
[189.00,1.50],
[98.00,13.50],
[175.00,4.50],
[100.00,13.00],
[165.00,7.00],
[167.00,6.50],
[176.00,3.50],
[122.00,9.00],
*****************************t=74*****************************
time to convergence: 8.12 s	
75 generation time: 8.16 s
[127.00,7.50],
[189.00,1.50],
[98.00,13.50],
[175.00,4.50],
[100.00,13.00],
[165.00,7.00],
[167.00,6.50],
[176.00,3.50],
[122.00,9.00],
[188.00,3.00],
*****************************t=75*****************************
76 generation time: 8.28 s
[127.00,7.50],
[189.00,1.50],
[98.00,13.50],
[175.00,4.50],
[100.00,13.00],
[165.00,7.00],
[167.00,6.50],
[176.00,3.50],
[122.00,9.00],
[188.00,3.00],
*****************************t=76*****************************
77 generation time: 8.40 s
[127.00,7.50],
[189.00,1.50],
[98.00,13.50],
[175.00,4.50],
[100.00,13.00],
[165.00,7.00],
[167.00,6.50],
[176.00,3.50],
[122.00,9.00],
[188.00,3.00],
*****************************t=77*****************************
78 generation time: 8.52 s
[127.00,7.50],
[189.00,1.50],
[98.00,13.50],
[175.00,4.50],
[100.00,13.00],
[165.00,7.00],
[167.00,6.50],
[176.00,3.50],
[122.00,9.00],
[188.00,3.00],
*****************************t=78*****************************
79 generation time: 8.63 s
[127.00,7.50],
[189.00,1.50],
[98.00,13.50],
[175.00,4.50],
[100.00,13.00],
[165.00,7.00],
[167.00,6.50],
[176.00,3.50],
[122.00,9.00],
[188.00,3.00],
*****************************t=79*****************************
80 generation time: 8.75 s
[127.00,7.50],
[189.00,1.50],
[98.00,13.50],
[175.00,4.50],
[100.00,13.00],
[165.00,7.00],
[167.00,6.50],
[176.00,3.50],
[122.00,9.00],
[188.00,3.00],
*****************************t=80*****************************
81 generation time: 8.87 s
[127.00,7.50],
[189.00,1.50],
[98.00,13.50],
[175.00,4.50],
[100.00,13.00],
[165.00,7.00],
[167.00,6.50],
[176.00,3.50],
[122.00,9.00],
[188.00,3.00],
*****************************t=81*****************************
time to convergence: 8.93 s	
82 generation time: 8.96 s
[127.00,7.50],
[189.00,1.50],
[98.00,13.50],
[175.00,4.50],
[100.00,13.00],
[163.00,7.00],
[167.00,6.50],
[176.00,3.50],
[122.00,9.00],
[188.00,3.00],
[174.00,5.50],
*****************************t=82*****************************
83 generation time: 9.05 s
[127.00,7.50],
[189.00,1.50],
[98.00,13.50],
[175.00,4.50],
[100.00,13.00],
[163.00,7.00],
[167.00,6.50],
[176.00,3.50],
[122.00,9.00],
[188.00,3.00],
[174.00,5.50],
*****************************t=83*****************************
84 generation time: 9.16 s
[127.00,7.50],
[189.00,1.50],
[98.00,13.50],
[175.00,4.50],
[100.00,13.00],
[163.00,7.00],
[167.00,6.50],
[176.00,3.50],
[122.00,9.00],
[188.00,3.00],
[174.00,5.50],
*****************************t=84*****************************
85 generation time: 9.25 s
[127.00,7.50],
[189.00,1.50],
[98.00,13.50],
[175.00,4.50],
[100.00,13.00],
[163.00,7.00],
[167.00,6.50],
[176.00,3.50],
[122.00,9.00],
[188.00,3.00],
[174.00,5.50],
*****************************t=85*****************************
86 generation time: 9.36 s
[127.00,7.50],
[189.00,1.50],
[98.00,13.50],
[175.00,4.50],
[100.00,13.00],
[163.00,7.00],
[167.00,6.50],
[176.00,3.50],
[122.00,9.00],
[188.00,3.00],
[174.00,5.50],
*****************************t=86*****************************
87 generation time: 9.48 s
[127.00,7.50],
[189.00,1.50],
[98.00,13.50],
[175.00,4.50],
[100.00,13.00],
[163.00,7.00],
[167.00,6.50],
[176.00,3.50],
[122.00,9.00],
[188.00,3.00],
[174.00,5.50],
*****************************t=87*****************************
88 generation time: 9.59 s
[127.00,7.50],
[189.00,1.50],
[98.00,13.50],
[175.00,4.50],
[100.00,13.00],
[163.00,7.00],
[167.00,6.50],
[176.00,3.50],
[122.00,9.00],
[188.00,3.00],
[174.00,5.50],
*****************************t=88*****************************
89 generation time: 9.70 s
[127.00,7.50],
[189.00,1.50],
[98.00,13.50],
[175.00,4.50],
[100.00,13.00],
[163.00,7.00],
[167.00,6.50],
[176.00,3.50],
[122.00,9.00],
[188.00,3.00],
[174.00,5.50],
*****************************t=89*****************************
90 generation time: 9.81 s
[127.00,7.50],
[189.00,1.50],
[98.00,13.50],
[175.00,4.50],
[100.00,13.00],
[163.00,7.00],
[167.00,6.50],
[176.00,3.50],
[122.00,9.00],
[188.00,3.00],
[174.00,5.50],
*****************************t=90*****************************
91 generation time: 9.92 s
[127.00,7.50],
[189.00,1.50],
[98.00,13.50],
[175.00,4.50],
[100.00,13.00],
[163.00,7.00],
[167.00,6.50],
[176.00,3.50],
[122.00,9.00],
[188.00,3.00],
[174.00,5.50],
*****************************t=91*****************************
92 generation time: 10.02 s
[127.00,7.50],
[189.00,1.50],
[98.00,13.50],
[175.00,4.50],
[100.00,13.00],
[163.00,7.00],
[167.00,6.50],
[176.00,3.50],
[122.00,9.00],
[188.00,3.00],
[174.00,5.50],
*****************************t=92*****************************
93 generation time: 10.13 s
[127.00,7.50],
[189.00,1.50],
[98.00,13.50],
[175.00,4.50],
[100.00,13.00],
[163.00,7.00],
[167.00,6.50],
[176.00,3.50],
[122.00,9.00],
[188.00,3.00],
[174.00,5.50],
*****************************t=93*****************************
94 generation time: 10.22 s
[127.00,7.50],
[189.00,1.50],
[98.00,13.50],
[175.00,4.50],
[100.00,13.00],
[163.00,7.00],
[167.00,6.50],
[176.00,3.50],
[122.00,9.00],
[188.00,3.00],
[174.00,5.50],
*****************************t=94*****************************
95 generation time: 10.31 s
[127.00,7.50],
[189.00,1.50],
[98.00,13.50],
[175.00,4.50],
[100.00,13.00],
[163.00,7.00],
[167.00,6.50],
[176.00,3.50],
[122.00,9.00],
[188.00,3.00],
[174.00,5.50],
*****************************t=95*****************************
96 generation time: 10.42 s
[127.00,7.50],
[189.00,1.50],
[98.00,13.50],
[175.00,4.50],
[100.00,13.00],
[163.00,7.00],
[167.00,6.50],
[176.00,3.50],
[122.00,9.00],
[188.00,3.00],
[174.00,5.50],
*****************************t=96*****************************
97 generation time: 10.51 s
[127.00,7.50],
[189.00,1.50],
[98.00,13.50],
[175.00,4.50],
[100.00,13.00],
[163.00,7.00],
[167.00,6.50],
[176.00,3.50],
[122.00,9.00],
[188.00,3.00],
[174.00,5.50],
*****************************t=97*****************************
98 generation time: 10.62 s
[127.00,7.50],
[189.00,1.50],
[98.00,13.50],
[175.00,4.50],
[100.00,13.00],
[163.00,7.00],
[167.00,6.50],
[176.00,3.50],
[122.00,9.00],
[188.00,3.00],
[174.00,5.50],
*****************************t=98*****************************
99 generation time: 10.73 s
[127.00,7.50],
[189.00,1.50],
[98.00,13.50],
[175.00,4.50],
[100.00,13.00],
[163.00,7.00],
[167.00,6.50],
[176.00,3.50],
[122.00,9.00],
[188.00,3.00],
[174.00,5.50],
*****************************t=99*****************************
100 generation time: 10.83 s
[127.00,7.50],
[189.00,1.50],
[98.00,13.50],
[175.00,4.50],
[100.00,13.00],
[163.00,7.00],
[167.00,6.50],
[176.00,3.50],
[122.00,9.00],
[188.00,3.00],
[174.00,5.50],
[127.00,7.50],
[189.00,1.50],
[98.00,13.50],
[175.00,4.50],
[100.00,13.00],
[163.00,7.00],
[167.00,6.50],
[176.00,3.50],
[122.00,9.00],
[188.00,3.00],
[174.00,5.50],
tot = 11
total time: 10.89 s
