m = 4 n = 10
pop = 30 gen = 100
init...begin
init...done
*****************************t=0*****************************
time to convergence: 0.07 s	
time to convergence: 0.07 s	
1 generation time: 0.10 s
[133.00,19.00],
[199.00,4.50],
[136.00,11.00],
*****************************t=1*****************************
time to convergence: 0.16 s	
time to convergence: 0.16 s	
2 generation time: 0.19 s
[133.00,19.00],
[199.00,4.50],
[136.00,11.00],
[180.00,7.00],
[120.00,29.00],
*****************************t=2*****************************
3 generation time: 0.29 s
[133.00,19.00],
[199.00,4.50],
[136.00,11.00],
[180.00,7.00],
[120.00,29.00],
*****************************t=3*****************************
4 generation time: 0.39 s
[133.00,19.00],
[199.00,4.50],
[136.00,11.00],
[180.00,7.00],
[120.00,29.00],
*****************************t=4*****************************
5 generation time: 0.48 s
[133.00,19.00],
[199.00,4.50],
[136.00,11.00],
[180.00,7.00],
[115.00,29.00],
*****************************t=5*****************************
6 generation time: 0.58 s
[133.00,19.00],
[199.00,4.50],
[136.00,11.00],
[180.00,7.00],
[115.00,29.00],
*****************************t=6*****************************
time to convergence: 0.66 s	
7 generation time: 0.69 s
[133.00,19.00],
[199.00,4.50],
[136.00,11.00],
[180.00,7.00],
[115.00,29.00],
[128.00,21.00],
*****************************t=7*****************************
time to convergence: 0.75 s	
8 generation time: 0.79 s
[133.00,19.00],
[199.00,4.50],
[136.00,11.00],
[180.00,7.00],
[115.00,29.00],
[128.00,21.00],
[116.00,26.50],
*****************************t=8*****************************
time to convergence: 0.85 s	
9 generation time: 0.89 s
[133.00,19.00],
[199.00,4.50],
[136.00,11.00],
[180.00,7.00],
[115.00,29.00],
[128.00,21.00],
[116.00,26.50],
[161.00,7.50],
*****************************t=9*****************************
10 generation time: 0.98 s
[133.00,19.00],
[199.00,4.50],
[136.00,11.00],
[180.00,7.00],
[115.00,29.00],
[128.00,21.00],
[116.00,26.50],
[161.00,7.50],
*****************************t=10*****************************
11 generation time: 1.08 s
[102.00,13.00],
[199.00,4.50],
[136.00,11.00],
[180.00,7.00],
[161.00,7.50],
*****************************t=11*****************************
12 generation time: 1.18 s
[102.00,13.00],
[199.00,4.50],
[136.00,11.00],
[180.00,7.00],
[161.00,7.50],
*****************************t=12*****************************
time to convergence: 1.25 s	
13 generation time: 1.28 s
[102.00,13.00],
[199.00,4.50],
[136.00,11.00],
[180.00,7.00],
[161.00,7.50],
[142.00,10.50],
*****************************t=13*****************************
time to convergence: 1.34 s	
14 generation time: 1.38 s
[102.00,13.00],
[199.00,4.50],
[132.00,9.50],
[180.00,7.00],
[161.00,7.50],
[98.00,13.50],
*****************************t=14*****************************
15 generation time: 1.47 s
[102.00,13.00],
[199.00,4.50],
[132.00,9.50],
[180.00,7.00],
[161.00,7.50],
[98.00,13.50],
*****************************t=15*****************************
16 generation time: 1.57 s
[102.00,13.00],
[199.00,4.50],
[132.00,9.50],
[180.00,7.00],
[161.00,7.50],
[98.00,13.50],
*****************************t=16*****************************
17 generation time: 1.67 s
[102.00,13.00],
[199.00,4.50],
[132.00,9.50],
[180.00,7.00],
[161.00,7.50],
[98.00,13.50],
*****************************t=17*****************************
18 generation time: 1.77 s
[102.00,13.00],
[199.00,4.50],
[132.00,9.50],
[180.00,7.00],
[161.00,7.50],
[98.00,13.50],
*****************************t=18*****************************
19 generation time: 1.87 s
[102.00,13.00],
[199.00,4.50],
[132.00,9.50],
[180.00,7.00],
[161.00,7.50],
[98.00,13.50],
*****************************t=19*****************************
20 generation time: 1.99 s
[102.00,13.00],
[199.00,4.50],
[132.00,9.50],
[180.00,7.00],
[161.00,7.50],
[98.00,13.50],
*****************************t=20*****************************
time to convergence: 2.06 s	
21 generation time: 2.10 s
[102.00,13.00],
[199.00,4.50],
[132.00,9.50],
[180.00,7.00],
[161.00,7.50],
[98.00,13.50],
[156.00,9.00],
*****************************t=21*****************************
22 generation time: 2.21 s
[101.00,13.00],
[185.00,4.50],
[132.00,9.50],
[180.00,7.00],
[161.00,7.50],
[98.00,13.50],
[156.00,9.00],
*****************************t=22*****************************
23 generation time: 2.31 s
[101.00,13.00],
[185.00,4.50],
[132.00,9.50],
[180.00,7.00],
[161.00,7.50],
[98.00,13.50],
[156.00,9.00],
*****************************t=23*****************************
24 generation time: 2.43 s
[101.00,13.00],
[185.00,4.50],
[132.00,9.50],
[180.00,7.00],
[161.00,7.50],
[98.00,13.50],
[156.00,9.00],
*****************************t=24*****************************
25 generation time: 2.55 s
[101.00,13.00],
[185.00,4.50],
[132.00,9.50],
[180.00,7.00],
[161.00,7.50],
[98.00,13.50],
[156.00,9.00],
*****************************t=25*****************************
26 generation time: 2.66 s
[101.00,13.00],
[185.00,4.50],
[132.00,9.50],
[180.00,7.00],
[161.00,7.50],
[98.00,13.50],
[156.00,9.00],
*****************************t=26*****************************
27 generation time: 2.77 s
[101.00,13.00],
[185.00,4.50],
[132.00,9.50],
[180.00,7.00],
[161.00,7.50],
[98.00,13.50],
[156.00,9.00],
*****************************t=27*****************************
28 generation time: 2.89 s
[101.00,13.00],
[185.00,4.50],
[132.00,9.50],
[180.00,7.00],
[161.00,7.50],
[98.00,13.50],
[156.00,9.00],
*****************************t=28*****************************
time to convergence: 2.96 s	
29 generation time: 3.00 s
[101.00,13.00],
[185.00,4.50],
[132.00,9.50],
[180.00,7.00],
[161.00,7.50],
[98.00,13.50],
[156.00,9.00],
[127.00,11.50],
*****************************t=29*****************************
30 generation time: 3.12 s
[101.00,13.00],
[185.00,4.50],
[132.00,9.50],
[180.00,7.00],
[161.00,7.50],
[98.00,13.50],
[156.00,9.00],
[127.00,11.50],
*****************************t=30*****************************
31 generation time: 3.23 s
[101.00,13.00],
[185.00,4.50],
[132.00,9.50],
[180.00,7.00],
[161.00,7.50],
[98.00,13.50],
[156.00,9.00],
[127.00,11.50],
*****************************t=31*****************************
32 generation time: 3.34 s
[101.00,13.00],
[185.00,4.50],
[132.00,9.50],
[180.00,7.00],
[161.00,7.50],
[98.00,13.50],
[156.00,9.00],
[127.00,11.50],
*****************************t=32*****************************
33 generation time: 3.45 s
[101.00,13.00],
[185.00,4.50],
[132.00,9.50],
[180.00,7.00],
[161.00,7.50],
[98.00,13.50],
[156.00,9.00],
[127.00,11.50],
*****************************t=33*****************************
34 generation time: 3.56 s
[101.00,13.00],
[185.00,4.50],
[132.00,9.50],
[180.00,7.00],
[161.00,7.50],
[98.00,13.50],
[156.00,9.00],
[127.00,11.50],
*****************************t=34*****************************
35 generation time: 3.67 s
[101.00,13.00],
[185.00,4.50],
[132.00,9.50],
[180.00,7.00],
[161.00,7.50],
[98.00,13.50],
[156.00,9.00],
[127.00,11.50],
*****************************t=35*****************************
36 generation time: 3.78 s
[101.00,13.00],
[185.00,4.50],
[132.00,9.50],
[180.00,7.00],
[161.00,7.50],
[98.00,13.50],
[156.00,9.00],
[127.00,11.50],
*****************************t=36*****************************
37 generation time: 3.90 s
[101.00,13.00],
[176.00,3.50],
[132.00,9.50],
[161.00,7.50],
[98.00,13.50],
[156.00,9.00],
[127.00,11.50],
*****************************t=37*****************************
38 generation time: 4.01 s
[101.00,13.00],
[176.00,3.50],
[132.00,9.50],
[161.00,7.50],
[98.00,13.50],
[156.00,9.00],
[127.00,11.50],
*****************************t=38*****************************
39 generation time: 4.12 s
[101.00,13.00],
[176.00,3.50],
[132.00,9.50],
[149.00,7.50],
[98.00,13.50],
[127.00,11.50],
*****************************t=39*****************************
40 generation time: 4.23 s
[101.00,13.00],
[176.00,3.50],
[132.00,9.50],
[149.00,7.50],
[98.00,13.50],
[127.00,11.50],
*****************************t=40*****************************
41 generation time: 4.34 s
[101.00,13.00],
[176.00,3.50],
[132.00,9.50],
[149.00,7.50],
[98.00,13.50],
[127.00,11.50],
*****************************t=41*****************************
42 generation time: 4.45 s
[101.00,13.00],
[176.00,3.50],
[132.00,9.50],
[149.00,7.50],
[98.00,13.50],
[127.00,11.50],
*****************************t=42*****************************
43 generation time: 4.56 s
[101.00,13.00],
[176.00,3.50],
[132.00,9.50],
[149.00,7.50],
[98.00,13.50],
[127.00,11.50],
*****************************t=43*****************************
44 generation time: 4.67 s
[101.00,13.00],
[176.00,3.50],
[132.00,9.50],
[149.00,7.50],
[98.00,13.50],
[127.00,11.50],
*****************************t=44*****************************
45 generation time: 4.78 s
[101.00,13.00],
[176.00,3.50],
[132.00,9.50],
[149.00,7.50],
[98.00,13.50],
[127.00,11.50],
*****************************t=45*****************************
46 generation time: 4.89 s
[101.00,13.00],
[176.00,3.50],
[132.00,9.50],
[149.00,7.50],
[98.00,13.50],
[127.00,11.50],
*****************************t=46*****************************
47 generation time: 5.01 s
[101.00,13.00],
[176.00,3.50],
[132.00,9.50],
[149.00,7.50],
[98.00,13.50],
[127.00,11.50],
*****************************t=47*****************************
48 generation time: 5.12 s
[101.00,13.00],
[176.00,3.50],
[132.00,9.50],
[149.00,7.50],
[98.00,13.50],
[127.00,11.50],
*****************************t=48*****************************
49 generation time: 5.23 s
[101.00,13.00],
[176.00,3.50],
[132.00,9.50],
[149.00,7.50],
[98.00,13.50],
[127.00,11.50],
*****************************t=49*****************************
50 generation time: 5.34 s
[101.00,13.00],
[176.00,3.50],
[132.00,9.50],
[149.00,7.50],
[98.00,13.50],
[127.00,11.50],
*****************************t=50*****************************
51 generation time: 5.45 s
[101.00,13.00],
[176.00,3.50],
[132.00,9.50],
[149.00,7.50],
[98.00,13.50],
[127.00,11.50],
*****************************t=51*****************************
52 generation time: 5.56 s
[101.00,13.00],
[176.00,3.50],
[132.00,9.50],
[149.00,7.50],
[98.00,13.50],
[127.00,11.50],
*****************************t=52*****************************
53 generation time: 5.67 s
[101.00,13.00],
[176.00,3.50],
[132.00,9.50],
[149.00,7.50],
[98.00,13.50],
[127.00,11.50],
*****************************t=53*****************************
54 generation time: 5.78 s
[101.00,13.00],
[176.00,3.50],
[132.00,9.50],
[149.00,7.50],
[98.00,13.50],
[127.00,11.50],
*****************************t=54*****************************
55 generation time: 5.88 s
[101.00,13.00],
[176.00,3.50],
[132.00,9.50],
[149.00,7.50],
[98.00,13.50],
[127.00,11.50],
*****************************t=55*****************************
56 generation time: 6.00 s
[101.00,13.00],
[176.00,3.50],
[132.00,9.50],
[149.00,7.50],
[98.00,13.50],
[127.00,11.50],
*****************************t=56*****************************
57 generation time: 6.11 s
[101.00,13.00],
[176.00,3.50],
[132.00,9.50],
[149.00,7.50],
[98.00,13.50],
[127.00,11.50],
*****************************t=57*****************************
58 generation time: 6.21 s
[101.00,13.00],
[176.00,3.50],
[132.00,9.50],
[149.00,7.50],
[98.00,13.50],
[127.00,11.50],
*****************************t=58*****************************
59 generation time: 6.32 s
[101.00,13.00],
[176.00,3.50],
[132.00,9.50],
[149.00,7.50],
[98.00,13.50],
[127.00,11.50],
*****************************t=59*****************************
60 generation time: 6.44 s
[101.00,13.00],
[176.00,3.50],
[132.00,9.50],
[149.00,7.50],
[98.00,13.50],
[127.00,11.50],
*****************************t=60*****************************
61 generation time: 6.55 s
[101.00,13.00],
[176.00,3.50],
[132.00,9.50],
[149.00,7.50],
[98.00,13.50],
[127.00,11.50],
*****************************t=61*****************************
time to convergence: 6.61 s	
62 generation time: 6.65 s
[101.00,13.00],
[176.00,3.50],
[132.00,9.50],
[149.00,7.50],
[98.00,13.50],
[127.00,11.50],
[192.00,3.00],
*****************************t=62*****************************
63 generation time: 6.76 s
[101.00,13.00],
[176.00,3.50],
[132.00,9.50],
[149.00,7.50],
[98.00,13.50],
[127.00,11.50],
[192.00,3.00],
*****************************t=63*****************************
64 generation time: 6.87 s
[101.00,13.00],
[176.00,3.50],
[132.00,9.50],
[149.00,7.50],
[98.00,13.50],
[127.00,11.50],
[192.00,3.00],
*****************************t=64*****************************
65 generation time: 6.98 s
[101.00,13.00],
[176.00,3.50],
[132.00,9.50],
[149.00,7.50],
[98.00,13.50],
[127.00,11.50],
[192.00,3.00],
*****************************t=65*****************************
66 generation time: 7.09 s
[101.00,13.00],
[176.00,3.50],
[132.00,9.50],
[149.00,7.50],
[98.00,13.50],
[127.00,11.50],
[192.00,3.00],
*****************************t=66*****************************
67 generation time: 7.20 s
[101.00,13.00],
[176.00,3.50],
[132.00,9.50],
[149.00,7.50],
[98.00,13.50],
[127.00,11.50],
[192.00,3.00],
*****************************t=67*****************************
68 generation time: 7.31 s
[101.00,13.00],
[176.00,3.50],
[132.00,9.50],
[149.00,7.50],
[98.00,13.50],
[127.00,11.50],
[192.00,3.00],
*****************************t=68*****************************
69 generation time: 7.43 s
[101.00,13.00],
[176.00,3.50],
[132.00,9.50],
[149.00,7.50],
[98.00,13.50],
[127.00,11.50],
[192.00,3.00],
*****************************t=69*****************************
70 generation time: 7.57 s
[101.00,13.00],
[176.00,3.50],
[132.00,9.50],
[149.00,7.50],
[98.00,13.50],
[127.00,11.50],
[192.00,3.00],
*****************************t=70*****************************
71 generation time: 7.68 s
[101.00,13.00],
[176.00,3.50],
[132.00,9.50],
[149.00,7.50],
[98.00,13.50],
[127.00,11.50],
[192.00,3.00],
*****************************t=71*****************************
72 generation time: 7.79 s
[101.00,13.00],
[176.00,3.50],
[132.00,9.50],
[149.00,7.50],
[98.00,13.50],
[127.00,11.50],
[192.00,3.00],
*****************************t=72*****************************
time to convergence: 7.87 s	
73 generation time: 7.92 s
[101.00,13.00],
[176.00,3.50],
[132.00,9.50],
[149.00,7.50],
[98.00,13.50],
[127.00,11.50],
[192.00,3.00],
[163.00,7.00],
*****************************t=73*****************************
74 generation time: 8.03 s
[101.00,13.00],
[176.00,3.50],
[132.00,9.50],
[149.00,7.50],
[98.00,13.50],
[127.00,11.50],
[192.00,3.00],
[163.00,7.00],
*****************************t=74*****************************
75 generation time: 8.15 s
[101.00,13.00],
[176.00,3.50],
[132.00,9.50],
[149.00,7.50],
[98.00,13.50],
[127.00,11.50],
[192.00,3.00],
[163.00,7.00],
*****************************t=75*****************************
76 generation time: 8.27 s
[101.00,13.00],
[176.00,3.50],
[132.00,9.50],
[149.00,7.50],
[98.00,13.50],
[127.00,11.50],
[192.00,3.00],
[163.00,7.00],
*****************************t=76*****************************
77 generation time: 8.38 s
[101.00,13.00],
[176.00,3.50],
[132.00,9.50],
[149.00,7.50],
[98.00,13.50],
[127.00,11.50],
[192.00,3.00],
[163.00,7.00],
*****************************t=77*****************************
78 generation time: 8.50 s
[101.00,13.00],
[176.00,3.50],
[132.00,9.50],
[149.00,7.50],
[98.00,13.50],
[127.00,11.50],
[192.00,3.00],
[163.00,7.00],
*****************************t=78*****************************
79 generation time: 8.61 s
[101.00,13.00],
[176.00,3.50],
[132.00,9.50],
[149.00,7.50],
[98.00,13.50],
[127.00,11.50],
[192.00,3.00],
[163.00,7.00],
*****************************t=79*****************************
80 generation time: 8.72 s
[101.00,13.00],
[176.00,3.50],
[132.00,9.50],
[149.00,7.50],
[98.00,13.50],
[127.00,11.50],
[192.00,3.00],
[163.00,7.00],
*****************************t=80*****************************
81 generation time: 8.84 s
[101.00,13.00],
[176.00,3.50],
[132.00,9.50],
[149.00,7.50],
[98.00,13.50],
[127.00,11.50],
[192.00,3.00],
[163.00,7.00],
*****************************t=81*****************************
82 generation time: 8.94 s
[101.00,13.00],
[176.00,3.50],
[132.00,9.50],
[149.00,7.50],
[98.00,13.50],
[127.00,11.50],
[192.00,3.00],
[163.00,7.00],
*****************************t=82*****************************
83 generation time: 9.05 s
[101.00,13.00],
[176.00,3.50],
[132.00,9.50],
[149.00,7.50],
[98.00,13.50],
[127.00,11.50],
[192.00,3.00],
[163.00,7.00],
*****************************t=83*****************************
84 generation time: 9.17 s
[101.00,13.00],
[176.00,3.50],
[132.00,9.50],
[149.00,7.50],
[98.00,13.50],
[127.00,11.50],
[192.00,3.00],
[163.00,7.00],
*****************************t=84*****************************
85 generation time: 9.28 s
[101.00,13.00],
[176.00,3.50],
[132.00,9.50],
[149.00,7.50],
[98.00,13.50],
[127.00,11.50],
[192.00,3.00],
[163.00,7.00],
*****************************t=85*****************************
86 generation time: 9.39 s
[101.00,13.00],
[176.00,3.50],
[132.00,9.50],
[149.00,7.50],
[98.00,13.50],
[127.00,11.50],
[192.00,3.00],
[163.00,7.00],
*****************************t=86*****************************
87 generation time: 9.49 s
[101.00,13.00],
[176.00,3.50],
[132.00,9.50],
[149.00,7.50],
[98.00,13.50],
[127.00,11.50],
[192.00,3.00],
[163.00,7.00],
*****************************t=87*****************************
88 generation time: 9.61 s
[101.00,13.00],
[176.00,3.50],
[132.00,9.50],
[149.00,7.50],
[98.00,13.50],
[127.00,11.50],
[192.00,3.00],
[163.00,7.00],
*****************************t=88*****************************
89 generation time: 9.72 s
[101.00,13.00],
[176.00,3.50],
[132.00,9.50],
[149.00,7.50],
[98.00,13.50],
[127.00,11.50],
[192.00,3.00],
[163.00,7.00],
*****************************t=89*****************************
90 generation time: 9.84 s
[101.00,13.00],
[176.00,3.50],
[132.00,9.50],
[149.00,7.50],
[98.00,13.50],
[127.00,11.50],
[192.00,3.00],
[163.00,7.00],
*****************************t=90*****************************
91 generation time: 9.95 s
[101.00,13.00],
[176.00,3.50],
[132.00,9.50],
[149.00,7.50],
[98.00,13.50],
[127.00,11.50],
[192.00,3.00],
[163.00,7.00],
*****************************t=91*****************************
92 generation time: 10.07 s
[101.00,13.00],
[176.00,3.50],
[132.00,9.50],
[149.00,7.50],
[98.00,13.50],
[127.00,11.50],
[192.00,3.00],
[163.00,7.00],
*****************************t=92*****************************
93 generation time: 10.18 s
[101.00,13.00],
[176.00,3.50],
[132.00,9.50],
[149.00,7.50],
[98.00,13.50],
[127.00,11.50],
[192.00,3.00],
[163.00,7.00],
*****************************t=93*****************************
94 generation time: 10.29 s
[101.00,13.00],
[176.00,3.50],
[132.00,9.50],
[149.00,7.50],
[98.00,13.50],
[127.00,11.50],
[192.00,3.00],
[163.00,7.00],
*****************************t=94*****************************
95 generation time: 10.40 s
[101.00,13.00],
[176.00,3.50],
[132.00,9.50],
[149.00,7.50],
[98.00,13.50],
[127.00,11.50],
[192.00,3.00],
[163.00,7.00],
*****************************t=95*****************************
96 generation time: 10.52 s
[101.00,13.00],
[176.00,3.50],
[132.00,9.50],
[149.00,7.50],
[98.00,13.50],
[127.00,11.50],
[192.00,3.00],
[163.00,7.00],
*****************************t=96*****************************
97 generation time: 10.63 s
[101.00,13.00],
[176.00,3.50],
[132.00,9.50],
[149.00,7.50],
[98.00,13.50],
[127.00,11.50],
[192.00,3.00],
[163.00,7.00],
*****************************t=97*****************************
98 generation time: 10.74 s
[101.00,13.00],
[176.00,3.50],
[132.00,9.50],
[149.00,7.50],
[98.00,13.50],
[127.00,11.50],
[192.00,3.00],
[163.00,7.00],
*****************************t=98*****************************
99 generation time: 10.86 s
[101.00,13.00],
[176.00,3.50],
[132.00,9.50],
[149.00,7.50],
[98.00,13.50],
[127.00,11.50],
[192.00,3.00],
[163.00,7.00],
*****************************t=99*****************************
100 generation time: 10.97 s
[101.00,13.00],
[176.00,3.50],
[132.00,9.50],
[149.00,7.50],
[98.00,13.50],
[127.00,11.50],
[192.00,3.00],
[163.00,7.00],
[101.00,13.00],
[176.00,3.50],
[132.00,9.50],
[149.00,7.50],
[98.00,13.50],
[127.00,11.50],
[192.00,3.00],
[163.00,7.00],
tot = 8
total time: 11.03 s
