m = 4 n = 10
pop = 30 gen = 100
init...begin
init...done
*****************************t=0*****************************
time to convergence: 0.07 s	
time to convergence: 0.07 s	
time to convergence: 0.07 s	
1 generation time: 0.10 s
[147.00,36.50],
[175.00,7.00],
[170.00,16.50],
[155.00,17.00],
*****************************t=1*****************************
time to convergence: 0.17 s	
2 generation time: 0.20 s
[140.00,25.50],
[175.00,7.00],
[170.00,16.50],
[155.00,17.00],
[219.00,6.50],
*****************************t=2*****************************
time to convergence: 0.28 s	
3 generation time: 0.32 s
[140.00,25.50],
[175.00,7.00],
[170.00,16.50],
[155.00,17.00],
[219.00,6.50],
[120.00,29.00],
*****************************t=3*****************************
4 generation time: 0.44 s
[139.00,21.00],
[175.00,7.00],
[153.00,13.50],
[219.00,6.50],
[120.00,29.00],
*****************************t=4*****************************
time to convergence: 0.52 s	
time to convergence: 0.52 s	
5 generation time: 0.56 s
[139.00,21.00],
[175.00,7.00],
[153.00,13.50],
[205.00,6.50],
[120.00,29.00],
[174.00,11.00],
[144.00,19.00],
*****************************t=5*****************************
time to convergence: 0.64 s	
time to convergence: 0.65 s	
6 generation time: 0.69 s
[139.00,21.00],
[175.00,7.00],
[153.00,13.50],
[191.00,3.50],
[120.00,29.00],
[174.00,11.00],
[144.00,19.00],
[163.00,12.50],
[148.00,14.50],
*****************************t=6*****************************
time to convergence: 0.77 s	
7 generation time: 0.81 s
[139.00,21.00],
[175.00,7.00],
[153.00,13.50],
[191.00,3.50],
[107.00,25.00],
[174.00,11.00],
[144.00,19.00],
[163.00,12.50],
[148.00,14.50],
[188.00,5.50],
*****************************t=7*****************************
8 generation time: 0.93 s
[139.00,21.00],
[175.00,7.00],
[153.00,13.50],
[191.00,3.50],
[107.00,25.00],
[174.00,11.00],
[144.00,19.00],
[163.00,12.50],
[148.00,14.50],
[188.00,5.50],
*****************************t=8*****************************
time to convergence: 1.01 s	
9 generation time: 1.05 s
[139.00,21.00],
[175.00,7.00],
[153.00,13.50],
[191.00,3.50],
[107.00,25.00],
[174.00,11.00],
[144.00,19.00],
[163.00,12.50],
[148.00,14.50],
[188.00,5.50],
[155.00,13.00],
*****************************t=9*****************************
10 generation time: 1.16 s
[123.00,11.00],
[175.00,7.00],
[191.00,3.50],
[107.00,25.00],
[188.00,5.50],
*****************************t=10*****************************
11 generation time: 1.27 s
[123.00,11.00],
[175.00,7.00],
[191.00,3.50],
[107.00,25.00],
[188.00,5.50],
*****************************t=11*****************************
12 generation time: 1.38 s
[123.00,11.00],
[175.00,7.00],
[191.00,3.50],
[107.00,25.00],
[188.00,5.50],
*****************************t=12*****************************
13 generation time: 1.50 s
[123.00,11.00],
[175.00,7.00],
[191.00,3.50],
[107.00,25.00],
[188.00,5.50],
*****************************t=13*****************************
14 generation time: 1.61 s
[123.00,11.00],
[175.00,7.00],
[191.00,3.50],
[107.00,25.00],
[188.00,5.50],
*****************************t=14*****************************
15 generation time: 1.73 s
[123.00,11.00],
[175.00,7.00],
[191.00,3.50],
[107.00,25.00],
[188.00,5.50],
*****************************t=15*****************************
time to convergence: 1.81 s	
time to convergence: 1.81 s	
16 generation time: 1.85 s
[123.00,11.00],
[175.00,7.00],
[187.00,1.50],
[107.00,25.00],
[170.00,10.50],
[109.00,15.00],
*****************************t=16*****************************
17 generation time: 1.99 s
[123.00,11.00],
[175.00,7.00],
[187.00,1.50],
[107.00,25.00],
[140.00,10.50],
[109.00,15.00],
*****************************t=17*****************************
18 generation time: 2.10 s
[123.00,11.00],
[175.00,7.00],
[187.00,1.50],
[107.00,25.00],
[140.00,10.50],
[109.00,15.00],
*****************************t=18*****************************
19 generation time: 2.22 s
[123.00,11.00],
[166.00,7.00],
[187.00,1.50],
[107.00,25.00],
[140.00,10.50],
[109.00,15.00],
*****************************t=19*****************************
time to convergence: 2.29 s	
20 generation time: 2.33 s
[123.00,11.00],
[166.00,7.00],
[187.00,1.50],
[107.00,25.00],
[140.00,10.50],
[109.00,15.00],
[143.00,9.00],
*****************************t=20*****************************
time to convergence: 2.42 s	
21 generation time: 2.45 s
[123.00,11.00],
[166.00,7.00],
[187.00,1.50],
[107.00,25.00],
[140.00,10.50],
[109.00,15.00],
[143.00,9.00],
[122.00,13.00],
*****************************t=21*****************************
22 generation time: 2.57 s
[123.00,11.00],
[166.00,7.00],
[187.00,1.50],
[107.00,15.50],
[140.00,10.50],
[109.00,15.00],
[143.00,9.00],
[122.00,13.00],
*****************************t=22*****************************
23 generation time: 2.68 s
[123.00,11.00],
[166.00,7.00],
[187.00,1.50],
[107.00,15.50],
[140.00,10.50],
[109.00,15.00],
[143.00,9.00],
[122.00,13.00],
*****************************t=23*****************************
24 generation time: 2.79 s
[123.00,11.00],
[166.00,7.00],
[187.00,1.50],
[107.00,15.50],
[140.00,10.50],
[109.00,15.00],
[143.00,9.00],
[122.00,13.00],
*****************************t=24*****************************
25 generation time: 2.91 s
[123.00,11.00],
[166.00,7.00],
[187.00,1.50],
[107.00,15.50],
[140.00,10.50],
[109.00,15.00],
[143.00,9.00],
[122.00,13.00],
*****************************t=25*****************************
time to convergence: 2.98 s	
26 generation time: 3.03 s
[123.00,11.00],
[166.00,7.00],
[187.00,1.50],
[107.00,15.50],
[140.00,10.50],
[109.00,15.00],
[143.00,9.00],
[122.00,13.00],
[105.00,25.00],
*****************************t=26*****************************
27 generation time: 3.14 s
[123.00,11.00],
[166.00,7.00],
[187.00,1.50],
[107.00,15.50],
[140.00,10.50],
[109.00,15.00],
[143.00,9.00],
[122.00,13.00],
[105.00,25.00],
*****************************t=27*****************************
28 generation time: 3.26 s
[123.00,11.00],
[166.00,7.00],
[187.00,1.50],
[107.00,15.50],
[140.00,10.50],
[109.00,15.00],
[143.00,9.00],
[122.00,13.00],
[105.00,25.00],
*****************************t=28*****************************
29 generation time: 3.39 s
[123.00,11.00],
[166.00,7.00],
[187.00,1.50],
[107.00,15.50],
[140.00,10.50],
[109.00,15.00],
[143.00,9.00],
[122.00,13.00],
[105.00,25.00],
*****************************t=29*****************************
30 generation time: 3.50 s
[123.00,11.00],
[166.00,7.00],
[187.00,1.50],
[107.00,15.50],
[140.00,10.50],
[109.00,15.00],
[143.00,9.00],
[122.00,13.00],
[105.00,25.00],
*****************************t=30*****************************
31 generation time: 3.64 s
[123.00,11.00],
[166.00,7.00],
[187.00,1.50],
[107.00,15.50],
[140.00,10.50],
[109.00,15.00],
[143.00,9.00],
[122.00,13.00],
[105.00,25.00],
*****************************t=31*****************************
32 generation time: 3.75 s
[123.00,11.00],
[166.00,7.00],
[187.00,1.50],
[107.00,15.50],
[140.00,10.50],
[109.00,15.00],
[143.00,9.00],
[122.00,13.00],
[105.00,25.00],
*****************************t=32*****************************
time to convergence: 3.83 s	
33 generation time: 3.86 s
[123.00,11.00],
[166.00,7.00],
[187.00,1.50],
[107.00,15.50],
[140.00,10.50],
[109.00,15.00],
[143.00,9.00],
[122.00,13.00],
[101.00,19.50],
[186.00,5.50],
*****************************t=33*****************************
34 generation time: 3.97 s
[123.00,11.00],
[166.00,7.00],
[187.00,1.50],
[107.00,15.50],
[140.00,10.50],
[109.00,15.00],
[143.00,9.00],
[122.00,13.00],
[101.00,19.50],
[186.00,5.50],
*****************************t=34*****************************
35 generation time: 4.09 s
[123.00,11.00],
[166.00,7.00],
[187.00,1.50],
[107.00,15.50],
[140.00,10.50],
[109.00,15.00],
[143.00,9.00],
[122.00,13.00],
[101.00,19.50],
[186.00,5.50],
*****************************t=35*****************************
36 generation time: 4.20 s
[123.00,11.00],
[166.00,7.00],
[187.00,1.50],
[107.00,15.50],
[140.00,10.50],
[109.00,15.00],
[143.00,9.00],
[122.00,13.00],
[101.00,19.50],
[186.00,5.50],
*****************************t=36*****************************
37 generation time: 4.33 s
[123.00,11.00],
[166.00,7.00],
[187.00,1.50],
[107.00,15.50],
[140.00,10.50],
[109.00,15.00],
[143.00,9.00],
[122.00,13.00],
[101.00,19.50],
[186.00,5.50],
*****************************t=37*****************************
38 generation time: 4.47 s
[123.00,11.00],
[166.00,7.00],
[187.00,1.50],
[107.00,15.50],
[140.00,10.50],
[109.00,15.00],
[143.00,9.00],
[122.00,13.00],
[101.00,19.50],
[186.00,5.50],
*****************************t=38*****************************
39 generation time: 4.58 s
[123.00,11.00],
[166.00,7.00],
[187.00,1.50],
[107.00,15.50],
[140.00,10.50],
[109.00,15.00],
[143.00,9.00],
[122.00,13.00],
[101.00,19.50],
[177.00,3.00],
*****************************t=39*****************************
40 generation time: 4.68 s
[123.00,11.00],
[166.00,7.00],
[187.00,1.50],
[107.00,15.50],
[140.00,10.50],
[109.00,15.00],
[143.00,9.00],
[122.00,13.00],
[101.00,19.50],
[177.00,3.00],
*****************************t=40*****************************
41 generation time: 4.81 s
[123.00,11.00],
[166.00,7.00],
[187.00,1.50],
[107.00,15.50],
[140.00,10.50],
[109.00,15.00],
[143.00,9.00],
[122.00,13.00],
[101.00,19.50],
[177.00,3.00],
*****************************t=41*****************************
42 generation time: 4.94 s
[123.00,11.00],
[166.00,7.00],
[187.00,1.50],
[107.00,15.50],
[140.00,10.50],
[109.00,15.00],
[143.00,9.00],
[122.00,13.00],
[101.00,19.50],
[177.00,3.00],
*****************************t=42*****************************
43 generation time: 5.09 s
[123.00,11.00],
[166.00,7.00],
[187.00,1.50],
[107.00,15.50],
[140.00,10.50],
[109.00,15.00],
[143.00,9.00],
[112.00,13.00],
[101.00,19.50],
[177.00,3.00],
*****************************t=43*****************************
44 generation time: 5.20 s
[122.00,9.00],
[166.00,7.00],
[187.00,1.50],
[107.00,15.50],
[109.00,15.00],
[112.00,13.00],
[101.00,19.50],
[177.00,3.00],
*****************************t=44*****************************
45 generation time: 5.32 s
[122.00,9.00],
[166.00,7.00],
[187.00,1.50],
[107.00,15.50],
[109.00,15.00],
[112.00,13.00],
[101.00,19.50],
[177.00,3.00],
*****************************t=45*****************************
46 generation time: 5.44 s
[122.00,9.00],
[166.00,7.00],
[187.00,1.50],
[107.00,15.50],
[109.00,15.00],
[112.00,13.00],
[101.00,19.50],
[177.00,3.00],
*****************************t=46*****************************
47 generation time: 5.57 s
[122.00,9.00],
[166.00,7.00],
[187.00,1.50],
[107.00,15.50],
[109.00,15.00],
[112.00,13.00],
[101.00,19.50],
[177.00,3.00],
*****************************t=47*****************************
48 generation time: 5.70 s
[122.00,9.00],
[166.00,7.00],
[187.00,1.50],
[107.00,15.50],
[109.00,15.00],
[112.00,13.00],
[101.00,19.50],
[177.00,3.00],
*****************************t=48*****************************
49 generation time: 5.82 s
[122.00,9.00],
[166.00,7.00],
[187.00,1.50],
[107.00,15.50],
[109.00,15.00],
[112.00,13.00],
[101.00,19.50],
[177.00,3.00],
*****************************t=49*****************************
50 generation time: 5.93 s
[122.00,9.00],
[166.00,7.00],
[187.00,1.50],
[107.00,15.50],
[109.00,15.00],
[112.00,13.00],
[101.00,19.50],
[177.00,3.00],
*****************************t=50*****************************
51 generation time: 6.04 s
[118.00,9.00],
[166.00,7.00],
[187.00,1.50],
[107.00,15.50],
[109.00,15.00],
[112.00,13.00],
[101.00,19.50],
[177.00,3.00],
*****************************t=51*****************************
52 generation time: 6.17 s
[118.00,9.00],
[166.00,7.00],
[187.00,1.50],
[107.00,15.50],
[109.00,15.00],
[112.00,13.00],
[101.00,19.50],
[177.00,3.00],
*****************************t=52*****************************
53 generation time: 6.28 s
[118.00,9.00],
[166.00,7.00],
[187.00,1.50],
[107.00,15.50],
[109.00,15.00],
[112.00,13.00],
[101.00,19.50],
[177.00,3.00],
*****************************t=53*****************************
54 generation time: 6.42 s
[118.00,9.00],
[166.00,7.00],
[187.00,1.50],
[107.00,15.50],
[109.00,15.00],
[112.00,13.00],
[101.00,19.50],
[177.00,3.00],
*****************************t=54*****************************
55 generation time: 6.55 s
[118.00,9.00],
[166.00,7.00],
[187.00,1.50],
[107.00,15.50],
[109.00,15.00],
[112.00,13.00],
[101.00,19.50],
[177.00,3.00],
*****************************t=55*****************************
time to convergence: 6.62 s	
56 generation time: 6.67 s
[118.00,9.00],
[166.00,7.00],
[187.00,1.50],
[107.00,15.50],
[109.00,15.00],
[112.00,13.00],
[101.00,19.50],
[177.00,3.00],
[163.00,8.50],
*****************************t=56*****************************
57 generation time: 6.78 s
[118.00,9.00],
[166.00,7.00],
[187.00,1.50],
[107.00,15.50],
[109.00,15.00],
[112.00,13.00],
[101.00,19.50],
[177.00,3.00],
[163.00,8.50],
*****************************t=57*****************************
58 generation time: 6.92 s
[118.00,9.00],
[166.00,7.00],
[187.00,1.50],
[107.00,15.50],
[109.00,15.00],
[112.00,13.00],
[101.00,19.50],
[177.00,3.00],
[163.00,8.50],
*****************************t=58*****************************
59 generation time: 7.12 s
[118.00,9.00],
[166.00,7.00],
[187.00,1.50],
[107.00,15.50],
[109.00,15.00],
[112.00,13.00],
[101.00,19.50],
[177.00,3.00],
[163.00,8.50],
*****************************t=59*****************************
60 generation time: 7.32 s
[118.00,9.00],
[166.00,7.00],
[187.00,1.50],
[102.00,13.00],
[101.00,19.50],
[177.00,3.00],
[163.00,8.50],
*****************************t=60*****************************
61 generation time: 7.46 s
[118.00,9.00],
[166.00,7.00],
[187.00,1.50],
[102.00,13.00],
[101.00,19.50],
[177.00,3.00],
[163.00,8.50],
*****************************t=61*****************************
62 generation time: 7.59 s
[118.00,9.00],
[166.00,7.00],
[187.00,1.50],
[102.00,13.00],
[101.00,19.50],
[177.00,3.00],
[163.00,8.50],
*****************************t=62*****************************
63 generation time: 7.72 s
[118.00,9.00],
[166.00,7.00],
[187.00,1.50],
[102.00,13.00],
[101.00,19.50],
[177.00,3.00],
[163.00,8.50],
*****************************t=63*****************************
64 generation time: 7.85 s
[118.00,9.00],
[166.00,7.00],
[187.00,1.50],
[102.00,13.00],
[101.00,19.50],
[177.00,3.00],
[163.00,8.50],
*****************************t=64*****************************
65 generation time: 7.97 s
[118.00,9.00],
[166.00,7.00],
[187.00,1.50],
[102.00,13.00],
[101.00,19.50],
[177.00,3.00],
[163.00,8.50],
*****************************t=65*****************************
66 generation time: 8.10 s
[118.00,9.00],
[166.00,7.00],
[187.00,1.50],
[100.00,13.00],
[177.00,3.00],
[163.00,8.50],
*****************************t=66*****************************
67 generation time: 8.21 s
[118.00,9.00],
[166.00,7.00],
[187.00,1.50],
[100.00,13.00],
[177.00,3.00],
[163.00,8.50],
*****************************t=67*****************************
68 generation time: 8.32 s
[118.00,9.00],
[166.00,7.00],
[187.00,1.50],
[100.00,13.00],
[177.00,3.00],
[163.00,8.50],
*****************************t=68*****************************
69 generation time: 8.46 s
[118.00,9.00],
[166.00,7.00],
[187.00,1.50],
[100.00,13.00],
[177.00,3.00],
[163.00,8.50],
*****************************t=69*****************************
70 generation time: 8.60 s
[118.00,9.00],
[166.00,7.00],
[187.00,1.50],
[100.00,13.00],
[177.00,3.00],
[163.00,8.50],
*****************************t=70*****************************
71 generation time: 8.71 s
[118.00,9.00],
[166.00,7.00],
[187.00,1.50],
[100.00,13.00],
[177.00,3.00],
[149.00,7.50],
*****************************t=71*****************************
72 generation time: 8.83 s
[118.00,9.00],
[166.00,7.00],
[187.00,1.50],
[100.00,13.00],
[177.00,3.00],
[149.00,7.50],
*****************************t=72*****************************
73 generation time: 8.96 s
[118.00,9.00],
[166.00,7.00],
[187.00,1.50],
[100.00,13.00],
[177.00,3.00],
[149.00,7.50],
*****************************t=73*****************************
74 generation time: 9.11 s
[118.00,9.00],
[166.00,7.00],
[187.00,1.50],
[100.00,13.00],
[177.00,3.00],
[149.00,7.50],
*****************************t=74*****************************
75 generation time: 9.24 s
[118.00,9.00],
[166.00,7.00],
[187.00,1.50],
[100.00,13.00],
[177.00,3.00],
[149.00,7.50],
*****************************t=75*****************************
76 generation time: 9.38 s
[118.00,9.00],
[166.00,7.00],
[187.00,1.50],
[100.00,13.00],
[177.00,3.00],
[149.00,7.50],
*****************************t=76*****************************
77 generation time: 9.51 s
[118.00,9.00],
[166.00,7.00],
[187.00,1.50],
[100.00,13.00],
[177.00,3.00],
[149.00,7.50],
*****************************t=77*****************************
78 generation time: 9.63 s
[118.00,9.00],
[166.00,7.00],
[187.00,1.50],
[100.00,13.00],
[177.00,3.00],
[149.00,7.50],
*****************************t=78*****************************
79 generation time: 9.76 s
[118.00,9.00],
[166.00,7.00],
[187.00,1.50],
[100.00,13.00],
[177.00,3.00],
[149.00,7.50],
*****************************t=79*****************************
80 generation time: 9.88 s
[118.00,9.00],
[166.00,7.00],
[187.00,1.50],
[100.00,13.00],
[177.00,3.00],
[149.00,7.50],
*****************************t=80*****************************
81 generation time: 10.00 s
[118.00,9.00],
[166.00,7.00],
[187.00,1.50],
[100.00,13.00],
[177.00,3.00],
[149.00,7.50],
*****************************t=81*****************************
82 generation time: 10.13 s
[118.00,9.00],
[165.00,7.00],
[187.00,1.50],
[100.00,13.00],
[177.00,3.00],
[149.00,7.50],
*****************************t=82*****************************
83 generation time: 10.25 s
[118.00,9.00],
[165.00,7.00],
[187.00,1.50],
[100.00,13.00],
[177.00,3.00],
[149.00,7.50],
*****************************t=83*****************************
84 generation time: 10.38 s
[118.00,9.00],
[165.00,7.00],
[187.00,1.50],
[100.00,13.00],
[177.00,3.00],
[149.00,7.50],
*****************************t=84*****************************
85 generation time: 10.51 s
[118.00,9.00],
[165.00,7.00],
[187.00,1.50],
[100.00,13.00],
[177.00,3.00],
[149.00,7.50],
*****************************t=85*****************************
86 generation time: 10.63 s
[118.00,9.00],
[165.00,7.00],
[187.00,1.50],
[100.00,13.00],
[177.00,3.00],
[149.00,7.50],
*****************************t=86*****************************
87 generation time: 10.76 s
[118.00,9.00],
[165.00,7.00],
[187.00,1.50],
[100.00,13.00],
[177.00,3.00],
[149.00,7.50],
*****************************t=87*****************************
88 generation time: 10.89 s
[118.00,9.00],
[165.00,7.00],
[187.00,1.50],
[100.00,13.00],
[177.00,3.00],
[149.00,7.50],
*****************************t=88*****************************
89 generation time: 11.01 s
[118.00,9.00],
[165.00,7.00],
[187.00,1.50],
[100.00,13.00],
[177.00,3.00],
[149.00,7.50],
*****************************t=89*****************************
90 generation time: 11.13 s
[118.00,9.00],
[165.00,7.00],
[187.00,1.50],
[100.00,13.00],
[177.00,3.00],
[149.00,7.50],
*****************************t=90*****************************
91 generation time: 11.24 s
[118.00,9.00],
[165.00,7.00],
[187.00,1.50],
[100.00,13.00],
[177.00,3.00],
[149.00,7.50],
*****************************t=91*****************************
92 generation time: 11.36 s
[118.00,9.00],
[165.00,7.00],
[187.00,1.50],
[100.00,13.00],
[177.00,3.00],
[149.00,7.50],
*****************************t=92*****************************
93 generation time: 11.49 s
[118.00,9.00],
[165.00,7.00],
[187.00,1.50],
[100.00,13.00],
[177.00,3.00],
[149.00,7.50],
*****************************t=93*****************************
94 generation time: 11.62 s
[118.00,9.00],
[165.00,7.00],
[187.00,1.50],
[100.00,13.00],
[177.00,3.00],
[149.00,7.50],
*****************************t=94*****************************
95 generation time: 11.75 s
[118.00,9.00],
[165.00,7.00],
[187.00,1.50],
[100.00,13.00],
[177.00,3.00],
[149.00,7.50],
*****************************t=95*****************************
96 generation time: 11.90 s
[118.00,9.00],
[165.00,7.00],
[187.00,1.50],
[100.00,13.00],
[177.00,3.00],
[149.00,7.50],
*****************************t=96*****************************
97 generation time: 12.02 s
[118.00,9.00],
[165.00,7.00],
[187.00,1.50],
[100.00,13.00],
[177.00,3.00],
[149.00,7.50],
*****************************t=97*****************************
98 generation time: 12.15 s
[118.00,9.00],
[165.00,7.00],
[187.00,1.50],
[100.00,13.00],
[177.00,3.00],
[149.00,7.50],
*****************************t=98*****************************
99 generation time: 12.27 s
[118.00,9.00],
[165.00,7.00],
[187.00,1.50],
[100.00,13.00],
[177.00,3.00],
[149.00,7.50],
*****************************t=99*****************************
100 generation time: 12.40 s
[118.00,9.00],
[165.00,7.00],
[187.00,1.50],
[100.00,13.00],
[177.00,3.00],
[149.00,7.50],
[118.00,9.00],
[165.00,7.00],
[187.00,1.50],
[100.00,13.00],
[177.00,3.00],
[149.00,7.50],
tot = 6
total time: 12.46 s
