m = 4 n = 10
pop = 30 gen = 100
init...begin
init...done
*****************************t=0*****************************
time to convergence: 0.05 s	
1 generation time: 0.08 s
[124.00,11.00],
[165.00,9.00],
*****************************t=1*****************************
time to convergence: 0.14 s	
time to convergence: 0.14 s	
2 generation time: 0.16 s
[124.00,11.00],
[165.00,9.00],
[219.00,8.50],
[117.00,27.00],
*****************************t=2*****************************
3 generation time: 0.25 s
[124.00,11.00],
[165.00,9.00],
[219.00,8.50],
[117.00,27.00],
*****************************t=3*****************************
time to convergence: 0.30 s	
4 generation time: 0.33 s
[124.00,11.00],
[165.00,9.00],
[219.00,8.50],
[117.00,27.00],
[118.00,15.00],
*****************************t=4*****************************
5 generation time: 0.42 s
[124.00,11.00],
[165.00,9.00],
[190.00,7.50],
[116.00,27.00],
[118.00,15.00],
*****************************t=5*****************************
6 generation time: 0.50 s
[118.00,11.00],
[165.00,9.00],
[190.00,7.50],
[116.00,27.00],
*****************************t=6*****************************
time to convergence: 0.55 s	
7 generation time: 0.58 s
[118.00,11.00],
[158.00,7.50],
[116.00,27.00],
[107.00,27.50],
*****************************t=7*****************************
8 generation time: 0.66 s
[118.00,11.00],
[158.00,7.50],
[116.00,17.00],
[107.00,27.50],
*****************************t=8*****************************
time to convergence: 0.70 s	
time to convergence: 0.70 s	
9 generation time: 0.73 s
[118.00,11.00],
[158.00,7.50],
[116.00,17.00],
[107.00,27.50],
[179.00,5.50],
[142.00,10.50],
*****************************t=9*****************************
time to convergence: 0.80 s	
10 generation time: 0.83 s
[118.00,11.00],
[149.00,7.50],
[116.00,17.00],
[107.00,27.50],
[179.00,5.50],
[142.00,10.50],
[110.00,25.00],
*****************************t=10*****************************
11 generation time: 0.91 s
[118.00,11.00],
[149.00,7.50],
[116.00,17.00],
[107.00,27.50],
[179.00,5.50],
[142.00,10.50],
[110.00,25.00],
*****************************t=11*****************************
12 generation time: 1.00 s
[118.00,11.00],
[149.00,7.50],
[110.00,17.00],
[107.00,27.50],
[179.00,5.50],
[128.00,9.00],
*****************************t=12*****************************
time to convergence: 1.05 s	
13 generation time: 1.08 s
[118.00,11.00],
[149.00,7.50],
[108.00,13.00],
[107.00,27.50],
[179.00,5.50],
[128.00,9.00],
*****************************t=13*****************************
time to convergence: 1.14 s	
14 generation time: 1.16 s
[118.00,11.00],
[149.00,7.50],
[108.00,13.00],
[107.00,27.50],
[179.00,5.50],
[128.00,9.00],
[167.00,6.50],
*****************************t=14*****************************
15 generation time: 1.25 s
[118.00,11.00],
[149.00,7.50],
[108.00,13.00],
[107.00,27.50],
[179.00,5.50],
[128.00,9.00],
[167.00,6.50],
*****************************t=15*****************************
time to convergence: 1.30 s	
16 generation time: 1.34 s
[118.00,11.00],
[149.00,7.50],
[108.00,13.00],
[107.00,27.50],
[179.00,5.50],
[128.00,9.00],
[167.00,6.50],
[166.00,7.00],
*****************************t=16*****************************
17 generation time: 1.44 s
[118.00,9.00],
[149.00,7.50],
[108.00,13.00],
[107.00,27.50],
[179.00,5.50],
[167.00,6.50],
[166.00,7.00],
*****************************t=17*****************************
18 generation time: 1.53 s
[118.00,9.00],
[149.00,7.50],
[108.00,13.00],
[107.00,27.50],
[179.00,5.50],
[167.00,6.50],
[166.00,7.00],
*****************************t=18*****************************
19 generation time: 1.61 s
[118.00,9.00],
[149.00,7.50],
[108.00,13.00],
[107.00,27.50],
[179.00,5.50],
[167.00,6.50],
[166.00,7.00],
*****************************t=19*****************************
20 generation time: 1.70 s
[118.00,9.00],
[149.00,7.50],
[108.00,13.00],
[107.00,27.50],
[179.00,5.50],
[167.00,6.50],
[166.00,7.00],
*****************************t=20*****************************
21 generation time: 1.81 s
[118.00,9.00],
[125.00,7.50],
[108.00,13.00],
[107.00,27.50],
[179.00,5.50],
[167.00,6.50],
[166.00,7.00],
*****************************t=21*****************************
22 generation time: 1.91 s
[118.00,9.00],
[125.00,7.50],
[108.00,13.00],
[107.00,27.50],
[179.00,5.50],
[167.00,6.50],
[166.00,7.00],
*****************************t=22*****************************
23 generation time: 2.00 s
[118.00,9.00],
[125.00,7.50],
[108.00,13.00],
[107.00,27.50],
[179.00,5.50],
[167.00,6.50],
[166.00,7.00],
*****************************t=23*****************************
24 generation time: 2.10 s
[118.00,9.00],
[125.00,7.50],
[108.00,13.00],
[107.00,27.50],
[179.00,5.50],
[167.00,6.50],
[166.00,7.00],
*****************************t=24*****************************
25 generation time: 2.20 s
[118.00,9.00],
[125.00,7.50],
[108.00,13.00],
[107.00,27.50],
[179.00,5.50],
[167.00,6.50],
[166.00,7.00],
*****************************t=25*****************************
26 generation time: 2.28 s
[118.00,9.00],
[125.00,7.50],
[102.00,13.00],
[179.00,5.50],
[167.00,6.50],
[166.00,7.00],
*****************************t=26*****************************
27 generation time: 2.37 s
[118.00,9.00],
[125.00,7.50],
[102.00,13.00],
[179.00,5.50],
[167.00,6.50],
[166.00,7.00],
*****************************t=27*****************************
28 generation time: 2.46 s
[118.00,9.00],
[125.00,7.50],
[102.00,13.00],
[179.00,5.50],
[167.00,6.50],
[166.00,7.00],
*****************************t=28*****************************
29 generation time: 2.56 s
[118.00,9.00],
[125.00,7.50],
[102.00,13.00],
[179.00,5.50],
[167.00,6.50],
[166.00,7.00],
*****************************t=29*****************************
30 generation time: 2.66 s
[118.00,9.00],
[125.00,7.50],
[102.00,13.00],
[179.00,5.50],
[167.00,6.50],
[166.00,7.00],
*****************************t=30*****************************
31 generation time: 2.75 s
[118.00,9.00],
[125.00,7.50],
[102.00,13.00],
[179.00,5.50],
[167.00,6.50],
[166.00,7.00],
*****************************t=31*****************************
time to convergence: 2.82 s	
32 generation time: 2.85 s
[118.00,9.00],
[125.00,7.50],
[102.00,13.00],
[179.00,5.50],
[167.00,6.50],
[166.00,7.00],
[101.00,19.50],
*****************************t=32*****************************
33 generation time: 2.95 s
[118.00,9.00],
[125.00,7.50],
[102.00,13.00],
[179.00,5.50],
[167.00,6.50],
[166.00,7.00],
[101.00,19.50],
*****************************t=33*****************************
34 generation time: 3.05 s
[118.00,9.00],
[125.00,7.50],
[102.00,13.00],
[179.00,5.50],
[167.00,6.50],
[166.00,7.00],
[101.00,19.50],
*****************************t=34*****************************
35 generation time: 3.14 s
[118.00,9.00],
[125.00,7.50],
[102.00,13.00],
[179.00,5.50],
[167.00,6.50],
[166.00,7.00],
[101.00,19.50],
*****************************t=35*****************************
36 generation time: 3.24 s
[118.00,9.00],
[125.00,7.50],
[102.00,13.00],
[179.00,5.50],
[167.00,6.50],
[166.00,7.00],
[101.00,19.50],
*****************************t=36*****************************
37 generation time: 3.32 s
[118.00,9.00],
[125.00,7.50],
[102.00,13.00],
[179.00,5.50],
[167.00,6.50],
[166.00,7.00],
[101.00,19.50],
*****************************t=37*****************************
38 generation time: 3.42 s
[118.00,9.00],
[125.00,7.50],
[102.00,13.00],
[179.00,5.50],
[167.00,6.50],
[166.00,7.00],
[101.00,19.50],
*****************************t=38*****************************
39 generation time: 3.51 s
[118.00,9.00],
[125.00,7.50],
[102.00,13.00],
[179.00,5.50],
[167.00,6.50],
[166.00,7.00],
[101.00,19.50],
*****************************t=39*****************************
40 generation time: 3.61 s
[118.00,9.00],
[125.00,7.50],
[102.00,13.00],
[179.00,5.50],
[167.00,6.50],
[166.00,7.00],
[101.00,19.50],
*****************************t=40*****************************
41 generation time: 3.70 s
[118.00,9.00],
[125.00,7.50],
[102.00,13.00],
[179.00,5.50],
[167.00,6.50],
[166.00,7.00],
[101.00,19.50],
*****************************t=41*****************************
42 generation time: 3.79 s
[118.00,9.00],
[125.00,7.50],
[102.00,13.00],
[179.00,5.50],
[167.00,6.50],
[166.00,7.00],
[101.00,19.50],
*****************************t=42*****************************
time to convergence: 3.86 s	
43 generation time: 3.89 s
[118.00,9.00],
[125.00,7.50],
[102.00,13.00],
[179.00,5.50],
[167.00,6.50],
[166.00,7.00],
[101.00,19.50],
[180.00,3.50],
*****************************t=43*****************************
44 generation time: 3.98 s
[118.00,9.00],
[125.00,7.50],
[102.00,13.00],
[179.00,5.50],
[167.00,6.50],
[166.00,7.00],
[101.00,19.50],
[180.00,3.50],
*****************************t=44*****************************
45 generation time: 4.07 s
[118.00,9.00],
[125.00,7.50],
[102.00,13.00],
[179.00,5.50],
[167.00,6.50],
[166.00,7.00],
[101.00,19.50],
[180.00,3.50],
*****************************t=45*****************************
46 generation time: 4.17 s
[118.00,9.00],
[125.00,7.50],
[102.00,13.00],
[179.00,5.50],
[167.00,6.50],
[166.00,7.00],
[101.00,19.50],
[180.00,3.50],
*****************************t=46*****************************
47 generation time: 4.26 s
[118.00,9.00],
[125.00,7.50],
[102.00,13.00],
[179.00,5.50],
[167.00,6.50],
[166.00,7.00],
[101.00,19.50],
[180.00,3.50],
*****************************t=47*****************************
48 generation time: 4.36 s
[118.00,9.00],
[125.00,7.50],
[102.00,13.00],
[179.00,5.50],
[167.00,6.50],
[166.00,7.00],
[101.00,19.50],
[180.00,3.50],
*****************************t=48*****************************
49 generation time: 4.45 s
[118.00,9.00],
[125.00,7.50],
[102.00,13.00],
[179.00,5.50],
[167.00,6.50],
[166.00,7.00],
[101.00,19.50],
[180.00,3.50],
*****************************t=49*****************************
50 generation time: 4.54 s
[118.00,9.00],
[125.00,7.50],
[102.00,13.00],
[179.00,5.50],
[167.00,6.50],
[166.00,7.00],
[101.00,19.50],
[180.00,3.50],
*****************************t=50*****************************
51 generation time: 4.64 s
[118.00,9.00],
[125.00,7.50],
[102.00,13.00],
[179.00,5.50],
[167.00,6.50],
[166.00,7.00],
[101.00,19.50],
[180.00,3.50],
*****************************t=51*****************************
52 generation time: 4.73 s
[118.00,9.00],
[125.00,7.50],
[102.00,13.00],
[179.00,5.50],
[167.00,6.50],
[166.00,7.00],
[101.00,19.50],
[180.00,3.50],
*****************************t=52*****************************
53 generation time: 4.82 s
[118.00,9.00],
[125.00,7.50],
[102.00,13.00],
[179.00,5.50],
[167.00,6.50],
[166.00,7.00],
[101.00,19.50],
[180.00,3.50],
*****************************t=53*****************************
54 generation time: 4.92 s
[118.00,9.00],
[125.00,7.50],
[102.00,13.00],
[179.00,5.50],
[167.00,6.50],
[166.00,7.00],
[101.00,19.50],
[180.00,3.50],
*****************************t=54*****************************
55 generation time: 5.01 s
[118.00,9.00],
[125.00,7.50],
[102.00,13.00],
[179.00,5.50],
[167.00,6.50],
[166.00,7.00],
[101.00,19.50],
[180.00,3.50],
*****************************t=55*****************************
56 generation time: 5.11 s
[118.00,9.00],
[125.00,7.50],
[102.00,13.00],
[179.00,5.50],
[167.00,6.50],
[166.00,7.00],
[101.00,19.50],
[180.00,3.50],
*****************************t=56*****************************
57 generation time: 5.20 s
[118.00,9.00],
[125.00,7.50],
[102.00,13.00],
[179.00,5.50],
[167.00,6.50],
[166.00,7.00],
[101.00,19.50],
[180.00,3.50],
*****************************t=57*****************************
58 generation time: 5.29 s
[118.00,9.00],
[125.00,7.50],
[102.00,13.00],
[179.00,5.50],
[167.00,6.50],
[166.00,7.00],
[101.00,19.50],
[180.00,3.50],
*****************************t=58*****************************
59 generation time: 5.39 s
[118.00,9.00],
[125.00,7.50],
[102.00,13.00],
[179.00,5.50],
[167.00,6.50],
[166.00,7.00],
[101.00,19.50],
[180.00,3.50],
*****************************t=59*****************************
60 generation time: 5.48 s
[118.00,9.00],
[125.00,7.50],
[101.00,13.00],
[179.00,5.50],
[167.00,6.50],
[165.00,7.00],
[180.00,3.50],
*****************************t=60*****************************
61 generation time: 5.57 s
[118.00,9.00],
[125.00,7.50],
[101.00,13.00],
[179.00,5.50],
[167.00,6.50],
[165.00,7.00],
[180.00,3.50],
*****************************t=61*****************************
62 generation time: 5.65 s
[118.00,9.00],
[125.00,7.50],
[101.00,13.00],
[179.00,5.50],
[167.00,6.50],
[165.00,7.00],
[180.00,3.50],
*****************************t=62*****************************
63 generation time: 5.75 s
[118.00,9.00],
[125.00,7.50],
[101.00,13.00],
[179.00,5.50],
[167.00,6.50],
[165.00,7.00],
[180.00,3.50],
*****************************t=63*****************************
64 generation time: 5.85 s
[118.00,9.00],
[125.00,7.50],
[101.00,13.00],
[179.00,5.50],
[167.00,6.50],
[165.00,7.00],
[180.00,3.50],
*****************************t=64*****************************
65 generation time: 5.95 s
[118.00,9.00],
[125.00,7.50],
[101.00,13.00],
[179.00,5.50],
[167.00,6.50],
[165.00,7.00],
[180.00,3.50],
*****************************t=65*****************************
66 generation time: 6.05 s
[118.00,9.00],
[125.00,7.50],
[101.00,13.00],
[179.00,5.50],
[167.00,6.50],
[165.00,7.00],
[180.00,3.50],
*****************************t=66*****************************
67 generation time: 6.14 s
[118.00,9.00],
[125.00,7.50],
[101.00,13.00],
[179.00,5.50],
[167.00,6.50],
[165.00,7.00],
[180.00,3.50],
*****************************t=67*****************************
68 generation time: 6.24 s
[118.00,9.00],
[125.00,7.50],
[101.00,13.00],
[179.00,5.50],
[167.00,6.50],
[165.00,7.00],
[180.00,3.50],
*****************************t=68*****************************
69 generation time: 6.34 s
[118.00,9.00],
[125.00,7.50],
[101.00,13.00],
[179.00,5.50],
[167.00,6.50],
[165.00,7.00],
[180.00,3.50],
*****************************t=69*****************************
70 generation time: 6.44 s
[118.00,9.00],
[125.00,7.50],
[101.00,13.00],
[179.00,5.50],
[167.00,6.50],
[165.00,7.00],
[180.00,3.50],
*****************************t=70*****************************
71 generation time: 6.53 s
[118.00,9.00],
[125.00,7.50],
[100.00,13.00],
[179.00,5.50],
[167.00,6.50],
[165.00,7.00],
[180.00,3.50],
*****************************t=71*****************************
72 generation time: 6.61 s
[118.00,9.00],
[125.00,7.50],
[100.00,13.00],
[179.00,5.50],
[167.00,6.50],
[165.00,7.00],
[180.00,3.50],
*****************************t=72*****************************
73 generation time: 6.71 s
[118.00,9.00],
[125.00,7.50],
[100.00,13.00],
[179.00,5.50],
[167.00,6.50],
[165.00,7.00],
[180.00,3.50],
*****************************t=73*****************************
74 generation time: 6.82 s
[118.00,9.00],
[125.00,7.50],
[100.00,13.00],
[179.00,5.50],
[167.00,6.50],
[165.00,7.00],
[180.00,3.50],
*****************************t=74*****************************
75 generation time: 6.90 s
[118.00,9.00],
[125.00,7.50],
[100.00,13.00],
[179.00,5.50],
[167.00,6.50],
[165.00,7.00],
[180.00,3.50],
*****************************t=75*****************************
76 generation time: 7.00 s
[118.00,9.00],
[125.00,7.50],
[100.00,13.00],
[179.00,5.50],
[167.00,6.50],
[165.00,7.00],
[180.00,3.50],
*****************************t=76*****************************
77 generation time: 7.10 s
[118.00,9.00],
[125.00,7.50],
[100.00,13.00],
[179.00,5.50],
[167.00,6.50],
[165.00,7.00],
[180.00,3.50],
*****************************t=77*****************************
78 generation time: 7.20 s
[118.00,9.00],
[125.00,7.50],
[100.00,13.00],
[179.00,5.50],
[167.00,6.50],
[165.00,7.00],
[180.00,3.50],
*****************************t=78*****************************
79 generation time: 7.29 s
[118.00,9.00],
[125.00,7.50],
[100.00,13.00],
[179.00,5.50],
[167.00,6.50],
[165.00,7.00],
[180.00,3.50],
*****************************t=79*****************************
80 generation time: 7.39 s
[118.00,9.00],
[125.00,7.50],
[100.00,13.00],
[176.00,3.50],
[167.00,6.50],
[165.00,7.00],
*****************************t=80*****************************
81 generation time: 7.48 s
[118.00,9.00],
[125.00,7.50],
[100.00,13.00],
[176.00,3.50],
[167.00,6.50],
[165.00,7.00],
*****************************t=81*****************************
82 generation time: 7.58 s
[118.00,9.00],
[125.00,7.50],
[100.00,13.00],
[176.00,3.50],
[167.00,6.50],
[165.00,7.00],
*****************************t=82*****************************
83 generation time: 7.68 s
[118.00,9.00],
[125.00,7.50],
[100.00,13.00],
[176.00,3.50],
[167.00,6.50],
[165.00,7.00],
*****************************t=83*****************************
time to convergence: 7.74 s	
84 generation time: 7.78 s
[118.00,9.00],
[125.00,7.50],
[100.00,13.00],
[176.00,3.50],
[167.00,6.50],
[165.00,7.00],
[193.00,3.00],
*****************************t=84*****************************
85 generation time: 7.87 s
[118.00,9.00],
[125.00,7.50],
[100.00,13.00],
[176.00,3.50],
[167.00,6.50],
[165.00,7.00],
[193.00,3.00],
*****************************t=85*****************************
86 generation time: 7.97 s
[118.00,9.00],
[125.00,7.50],
[100.00,13.00],
[176.00,3.50],
[167.00,6.50],
[165.00,7.00],
[193.00,3.00],
*****************************t=86*****************************
87 generation time: 8.06 s
[118.00,9.00],
[125.00,7.50],
[100.00,13.00],
[176.00,3.50],
[167.00,6.50],
[165.00,7.00],
[193.00,3.00],
*****************************t=87*****************************
88 generation time: 8.16 s
[118.00,9.00],
[125.00,7.50],
[100.00,13.00],
[176.00,3.50],
[167.00,6.50],
[165.00,7.00],
[193.00,3.00],
*****************************t=88*****************************
89 generation time: 8.26 s
[118.00,9.00],
[125.00,7.50],
[100.00,13.00],
[176.00,3.50],
[167.00,6.50],
[165.00,7.00],
[193.00,3.00],
*****************************t=89*****************************
90 generation time: 8.34 s
[118.00,9.00],
[125.00,7.50],
[100.00,13.00],
[176.00,3.50],
[167.00,6.50],
[165.00,7.00],
[193.00,3.00],
*****************************t=90*****************************
91 generation time: 8.43 s
[118.00,9.00],
[125.00,7.50],
[100.00,13.00],
[176.00,3.50],
[167.00,6.50],
[165.00,7.00],
[193.00,3.00],
*****************************t=91*****************************
92 generation time: 8.53 s
[118.00,9.00],
[125.00,7.50],
[100.00,13.00],
[176.00,3.50],
[167.00,6.50],
[165.00,7.00],
[193.00,3.00],
*****************************t=92*****************************
93 generation time: 8.62 s
[118.00,9.00],
[125.00,7.50],
[100.00,13.00],
[176.00,3.50],
[167.00,6.50],
[165.00,7.00],
[193.00,3.00],
*****************************t=93*****************************
94 generation time: 8.71 s
[118.00,9.00],
[125.00,7.50],
[100.00,13.00],
[176.00,3.50],
[167.00,6.50],
[165.00,7.00],
[193.00,3.00],
*****************************t=94*****************************
95 generation time: 8.81 s
[118.00,9.00],
[125.00,7.50],
[100.00,13.00],
[176.00,3.50],
[167.00,6.50],
[165.00,7.00],
[193.00,3.00],
*****************************t=95*****************************
96 generation time: 8.90 s
[118.00,9.00],
[125.00,7.50],
[100.00,13.00],
[176.00,3.50],
[167.00,6.50],
[165.00,7.00],
[193.00,3.00],
*****************************t=96*****************************
97 generation time: 8.99 s
[118.00,9.00],
[125.00,7.50],
[100.00,13.00],
[176.00,3.50],
[167.00,6.50],
[165.00,7.00],
[193.00,3.00],
*****************************t=97*****************************
98 generation time: 9.09 s
[118.00,9.00],
[125.00,7.50],
[100.00,13.00],
[176.00,3.50],
[167.00,6.50],
[165.00,7.00],
[193.00,3.00],
*****************************t=98*****************************
99 generation time: 9.18 s
[118.00,9.00],
[125.00,7.50],
[100.00,13.00],
[176.00,3.50],
[167.00,6.50],
[165.00,7.00],
[193.00,3.00],
*****************************t=99*****************************
100 generation time: 9.28 s
[118.00,9.00],
[125.00,7.50],
[100.00,13.00],
[176.00,3.50],
[167.00,6.50],
[165.00,7.00],
[193.00,3.00],
[118.00,9.00],
[125.00,7.50],
[100.00,13.00],
[176.00,3.50],
[167.00,6.50],
[165.00,7.00],
[193.00,3.00],
tot = 7
total time: 9.32 s
