m = 4 n = 10
pop = 30 gen = 100
init...begin
init...done
*****************************t=0*****************************
time to convergence: 0.05 s	
time to convergence: 0.05 s	
time to convergence: 0.05 s	
time to convergence: 0.05 s	
1 generation time: 0.08 s
[155.00,13.00],
[191.00,3.00],
[118.00,43.00],
[189.00,11.00],
[119.00,26.50],
*****************************t=1*****************************
2 generation time: 0.16 s
[155.00,13.00],
[191.00,3.00],
[112.00,21.00],
[180.00,8.50],
*****************************t=2*****************************
3 generation time: 0.23 s
[155.00,13.00],
[191.00,3.00],
[112.00,21.00],
[180.00,8.50],
*****************************t=3*****************************
4 generation time: 0.31 s
[155.00,13.00],
[191.00,3.00],
[112.00,21.00],
[175.00,5.00],
*****************************t=4*****************************
time to convergence: 0.36 s	
5 generation time: 0.39 s
[155.00,13.00],
[191.00,3.00],
[112.00,21.00],
[175.00,5.00],
[165.00,7.50],
*****************************t=5*****************************
time to convergence: 0.45 s	
6 generation time: 0.48 s
[155.00,13.00],
[191.00,3.00],
[112.00,21.00],
[175.00,5.00],
[165.00,7.50],
[148.00,18.50],
*****************************t=6*****************************
time to convergence: 0.53 s	
7 generation time: 0.56 s
[155.00,13.00],
[191.00,3.00],
[112.00,21.00],
[175.00,5.00],
[165.00,7.50],
[119.00,17.50],
[147.00,15.00],
*****************************t=7*****************************
time to convergence: 0.61 s	
8 generation time: 0.64 s
[155.00,13.00],
[191.00,3.00],
[99.00,19.50],
[175.00,5.00],
[165.00,7.50],
[119.00,17.50],
[147.00,15.00],
[166.00,7.00],
*****************************t=8*****************************
9 generation time: 0.72 s
[155.00,13.00],
[191.00,3.00],
[99.00,19.50],
[175.00,5.00],
[165.00,7.50],
[119.00,17.50],
[143.00,15.00],
[166.00,7.00],
*****************************t=9*****************************
time to convergence: 0.78 s	
10 generation time: 0.81 s
[155.00,13.00],
[191.00,3.00],
[99.00,19.50],
[175.00,5.00],
[165.00,7.50],
[119.00,17.50],
[143.00,15.00],
[166.00,7.00],
[138.00,17.00],
*****************************t=10*****************************
time to convergence: 0.88 s	
11 generation time: 0.91 s
[133.00,11.00],
[191.00,3.00],
[99.00,19.50],
[175.00,5.00],
[165.00,7.50],
[116.00,17.00],
[166.00,7.00],
[152.00,9.00],
*****************************t=11*****************************
12 generation time: 1.00 s
[133.00,11.00],
[189.00,1.50],
[99.00,19.50],
[175.00,5.00],
[165.00,7.50],
[110.00,13.50],
[166.00,7.00],
[152.00,9.00],
*****************************t=12*****************************
13 generation time: 1.08 s
[133.00,11.00],
[189.00,1.50],
[99.00,19.50],
[175.00,5.00],
[165.00,7.50],
[110.00,13.50],
[166.00,7.00],
[152.00,9.00],
*****************************t=13*****************************
14 generation time: 1.16 s
[133.00,11.00],
[189.00,1.50],
[99.00,19.50],
[175.00,5.00],
[153.00,7.50],
[110.00,13.50],
[166.00,7.00],
[152.00,9.00],
*****************************t=14*****************************
time to convergence: 1.22 s	
time to convergence: 1.22 s	
15 generation time: 1.25 s
[133.00,11.00],
[189.00,1.50],
[99.00,19.50],
[175.00,5.00],
[153.00,7.50],
[110.00,13.50],
[166.00,7.00],
[152.00,9.00],
[112.00,13.00],
[140.00,10.50],
*****************************t=15*****************************
16 generation time: 1.33 s
[133.00,11.00],
[189.00,1.50],
[99.00,19.50],
[175.00,5.00],
[153.00,7.50],
[110.00,13.50],
[166.00,7.00],
[152.00,9.00],
[112.00,13.00],
[137.00,10.50],
*****************************t=16*****************************
17 generation time: 1.42 s
[133.00,11.00],
[189.00,1.50],
[99.00,19.50],
[175.00,5.00],
[153.00,7.50],
[110.00,13.50],
[166.00,7.00],
[152.00,9.00],
[112.00,13.00],
[137.00,10.50],
*****************************t=17*****************************
18 generation time: 1.50 s
[127.00,7.50],
[189.00,1.50],
[99.00,19.50],
[175.00,5.00],
[110.00,13.50],
[166.00,7.00],
[112.00,13.00],
*****************************t=18*****************************
19 generation time: 1.59 s
[127.00,7.50],
[189.00,1.50],
[99.00,19.50],
[175.00,5.00],
[110.00,13.50],
[166.00,7.00],
[112.00,13.00],
*****************************t=19*****************************
20 generation time: 1.67 s
[127.00,7.50],
[189.00,1.50],
[99.00,19.50],
[175.00,5.00],
[110.00,13.50],
[165.00,7.00],
[112.00,13.00],
*****************************t=20*****************************
21 generation time: 1.77 s
[127.00,7.50],
[189.00,1.50],
[99.00,19.50],
[175.00,5.00],
[110.00,13.50],
[165.00,7.00],
[112.00,13.00],
*****************************t=21*****************************
22 generation time: 1.86 s
[127.00,7.50],
[189.00,1.50],
[99.00,19.50],
[175.00,5.00],
[102.00,13.00],
[165.00,7.00],
*****************************t=22*****************************
23 generation time: 1.96 s
[127.00,7.50],
[189.00,1.50],
[99.00,19.50],
[175.00,5.00],
[102.00,13.00],
[165.00,7.00],
*****************************t=23*****************************
24 generation time: 2.05 s
[127.00,7.50],
[189.00,1.50],
[99.00,19.50],
[175.00,5.00],
[102.00,13.00],
[165.00,7.00],
*****************************t=24*****************************
25 generation time: 2.15 s
[127.00,7.50],
[189.00,1.50],
[99.00,19.50],
[175.00,5.00],
[101.00,13.00],
[165.00,7.00],
*****************************t=25*****************************
26 generation time: 2.25 s
[127.00,7.50],
[189.00,1.50],
[99.00,19.50],
[175.00,5.00],
[101.00,13.00],
[165.00,7.00],
*****************************t=26*****************************
27 generation time: 2.34 s
[127.00,7.50],
[189.00,1.50],
[99.00,19.50],
[175.00,5.00],
[101.00,13.00],
[165.00,7.00],
*****************************t=27*****************************
28 generation time: 2.44 s
[127.00,7.50],
[189.00,1.50],
[99.00,19.50],
[175.00,5.00],
[101.00,13.00],
[165.00,7.00],
*****************************t=28*****************************
29 generation time: 2.53 s
[127.00,7.50],
[189.00,1.50],
[99.00,19.50],
[175.00,5.00],
[100.00,13.00],
[165.00,7.00],
*****************************t=29*****************************
30 generation time: 2.60 s
[127.00,7.50],
[189.00,1.50],
[99.00,19.50],
[175.00,5.00],
[100.00,13.00],
[165.00,7.00],
*****************************t=30*****************************
31 generation time: 2.67 s
[127.00,7.50],
[189.00,1.50],
[99.00,19.50],
[175.00,5.00],
[100.00,13.00],
[165.00,7.00],
*****************************t=31*****************************
32 generation time: 2.78 s
[127.00,7.50],
[189.00,1.50],
[99.00,19.50],
[175.00,5.00],
[100.00,13.00],
[165.00,7.00],
*****************************t=32*****************************
33 generation time: 2.88 s
[127.00,7.50],
[189.00,1.50],
[99.00,19.50],
[175.00,5.00],
[100.00,13.00],
[165.00,7.00],
*****************************t=33*****************************
34 generation time: 2.97 s
[127.00,7.50],
[189.00,1.50],
[99.00,19.50],
[175.00,5.00],
[100.00,13.00],
[165.00,7.00],
*****************************t=34*****************************
35 generation time: 3.07 s
[127.00,7.50],
[189.00,1.50],
[99.00,19.50],
[175.00,5.00],
[100.00,13.00],
[165.00,7.00],
*****************************t=35*****************************
time to convergence: 3.13 s	
36 generation time: 3.16 s
[127.00,7.50],
[189.00,1.50],
[99.00,19.50],
[175.00,5.00],
[100.00,13.00],
[165.00,7.00],
[167.00,6.50],
*****************************t=36*****************************
37 generation time: 3.25 s
[127.00,7.50],
[189.00,1.50],
[99.00,19.50],
[175.00,5.00],
[100.00,13.00],
[165.00,7.00],
[167.00,6.50],
*****************************t=37*****************************
38 generation time: 3.35 s
[127.00,7.50],
[189.00,1.50],
[99.00,19.50],
[175.00,5.00],
[100.00,13.00],
[165.00,7.00],
[167.00,6.50],
*****************************t=38*****************************
39 generation time: 3.44 s
[127.00,7.50],
[189.00,1.50],
[99.00,19.50],
[175.00,4.50],
[100.00,13.00],
[165.00,7.00],
[167.00,6.50],
*****************************t=39*****************************
40 generation time: 3.53 s
[127.00,7.50],
[189.00,1.50],
[99.00,19.50],
[175.00,4.50],
[100.00,13.00],
[165.00,7.00],
[167.00,6.50],
*****************************t=40*****************************
41 generation time: 3.63 s
[127.00,7.50],
[189.00,1.50],
[99.00,19.50],
[175.00,4.50],
[100.00,13.00],
[165.00,7.00],
[167.00,6.50],
*****************************t=41*****************************
42 generation time: 3.72 s
[127.00,7.50],
[189.00,1.50],
[99.00,19.50],
[175.00,4.50],
[100.00,13.00],
[165.00,7.00],
[167.00,6.50],
*****************************t=42*****************************
43 generation time: 3.82 s
[127.00,7.50],
[189.00,1.50],
[99.00,19.50],
[175.00,4.50],
[100.00,13.00],
[165.00,7.00],
[167.00,6.50],
*****************************t=43*****************************
44 generation time: 3.91 s
[127.00,7.50],
[189.00,1.50],
[99.00,19.50],
[175.00,4.50],
[100.00,13.00],
[165.00,7.00],
[167.00,6.50],
*****************************t=44*****************************
45 generation time: 4.00 s
[127.00,7.50],
[189.00,1.50],
[99.00,19.50],
[175.00,4.50],
[100.00,13.00],
[165.00,7.00],
[167.00,6.50],
*****************************t=45*****************************
time to convergence: 4.07 s	
46 generation time: 4.10 s
[127.00,7.50],
[189.00,1.50],
[99.00,19.50],
[175.00,4.50],
[100.00,13.00],
[165.00,7.00],
[167.00,6.50],
[176.00,3.50],
*****************************t=46*****************************
47 generation time: 4.19 s
[127.00,7.50],
[189.00,1.50],
[99.00,19.50],
[175.00,4.50],
[100.00,13.00],
[165.00,7.00],
[167.00,6.50],
[176.00,3.50],
*****************************t=47*****************************
48 generation time: 4.28 s
[127.00,7.50],
[189.00,1.50],
[99.00,19.50],
[175.00,4.50],
[100.00,13.00],
[165.00,7.00],
[167.00,6.50],
[176.00,3.50],
*****************************t=48*****************************
49 generation time: 4.38 s
[127.00,7.50],
[189.00,1.50],
[99.00,19.50],
[175.00,4.50],
[100.00,13.00],
[165.00,7.00],
[167.00,6.50],
[176.00,3.50],
*****************************t=49*****************************
50 generation time: 4.46 s
[127.00,7.50],
[189.00,1.50],
[99.00,19.50],
[175.00,4.50],
[100.00,13.00],
[165.00,7.00],
[167.00,6.50],
[176.00,3.50],
*****************************t=50*****************************
time to convergence: 4.52 s	
51 generation time: 4.55 s
[127.00,7.50],
[189.00,1.50],
[99.00,19.50],
[175.00,4.50],
[100.00,13.00],
[165.00,7.00],
[167.00,6.50],
[176.00,3.50],
[122.00,9.00],
*****************************t=51*****************************
52 generation time: 4.64 s
[127.00,7.50],
[189.00,1.50],
[99.00,19.50],
[175.00,4.50],
[100.00,13.00],
[165.00,7.00],
[167.00,6.50],
[176.00,3.50],
[122.00,9.00],
*****************************t=52*****************************
53 generation time: 4.74 s
[127.00,7.50],
[189.00,1.50],
[99.00,19.50],
[175.00,4.50],
[100.00,13.00],
[165.00,7.00],
[167.00,6.50],
[176.00,3.50],
[122.00,9.00],
*****************************t=53*****************************
54 generation time: 4.83 s
[127.00,7.50],
[189.00,1.50],
[99.00,19.50],
[175.00,4.50],
[100.00,13.00],
[165.00,7.00],
[167.00,6.50],
[176.00,3.50],
[122.00,9.00],
*****************************t=54*****************************
55 generation time: 4.93 s
[127.00,7.50],
[189.00,1.50],
[99.00,19.50],
[175.00,4.50],
[100.00,13.00],
[165.00,7.00],
[167.00,6.50],
[176.00,3.50],
[122.00,9.00],
*****************************t=55*****************************
56 generation time: 5.03 s
[127.00,7.50],
[189.00,1.50],
[99.00,19.50],
[175.00,4.50],
[100.00,13.00],
[165.00,7.00],
[167.00,6.50],
[176.00,3.50],
[122.00,9.00],
*****************************t=56*****************************
57 generation time: 5.12 s
[127.00,7.50],
[189.00,1.50],
[99.00,19.50],
[175.00,4.50],
[100.00,13.00],
[165.00,7.00],
[167.00,6.50],
[176.00,3.50],
[122.00,9.00],
*****************************t=57*****************************
58 generation time: 5.22 s
[127.00,7.50],
[189.00,1.50],
[99.00,19.50],
[175.00,4.50],
[100.00,13.00],
[165.00,7.00],
[167.00,6.50],
[176.00,3.50],
[122.00,9.00],
*****************************t=58*****************************
59 generation time: 5.31 s
[127.00,7.50],
[189.00,1.50],
[98.00,13.50],
[175.00,4.50],
[100.00,13.00],
[165.00,7.00],
[167.00,6.50],
[176.00,3.50],
[122.00,9.00],
*****************************t=59*****************************
60 generation time: 5.41 s
[127.00,7.50],
[189.00,1.50],
[98.00,13.50],
[175.00,4.50],
[100.00,13.00],
[165.00,7.00],
[167.00,6.50],
[176.00,3.50],
[122.00,9.00],
*****************************t=60*****************************
61 generation time: 5.49 s
[127.00,7.50],
[189.00,1.50],
[98.00,13.50],
[175.00,4.50],
[100.00,13.00],
[165.00,7.00],
[167.00,6.50],
[176.00,3.50],
[122.00,9.00],
*****************************t=61*****************************
62 generation time: 5.59 s
[127.00,7.50],
[189.00,1.50],
[98.00,13.50],
[175.00,4.50],
[100.00,13.00],
[165.00,7.00],
[167.00,6.50],
[176.00,3.50],
[122.00,9.00],
*****************************t=62*****************************
63 generation time: 5.68 s
[127.00,7.50],
[189.00,1.50],
[98.00,13.50],
[175.00,4.50],
[100.00,13.00],
[165.00,7.00],
[167.00,6.50],
[176.00,3.50],
[122.00,9.00],
*****************************t=63*****************************
64 generation time: 5.78 s
[127.00,7.50],
[189.00,1.50],
[98.00,13.50],
[175.00,4.50],
[100.00,13.00],
[165.00,7.00],
[167.00,6.50],
[176.00,3.50],
[122.00,9.00],
*****************************t=64*****************************
65 generation time: 5.88 s
[127.00,7.50],
[189.00,1.50],
[98.00,13.50],
[175.00,4.50],
[100.00,13.00],
[165.00,7.00],
[167.00,6.50],
[176.00,3.50],
[122.00,9.00],
*****************************t=65*****************************
66 generation time: 5.97 s
[127.00,7.50],
[189.00,1.50],
[98.00,13.50],
[175.00,4.50],
[100.00,13.00],
[165.00,7.00],
[167.00,6.50],
[176.00,3.50],
[122.00,9.00],
*****************************t=66*****************************
67 generation time: 6.07 s
[127.00,7.50],
[189.00,1.50],
[98.00,13.50],
[175.00,4.50],
[100.00,13.00],
[165.00,7.00],
[167.00,6.50],
[176.00,3.50],
[122.00,9.00],
*****************************t=67*****************************
68 generation time: 6.17 s
[127.00,7.50],
[189.00,1.50],
[98.00,13.50],
[175.00,4.50],
[100.00,13.00],
[165.00,7.00],
[167.00,6.50],
[176.00,3.50],
[122.00,9.00],
*****************************t=68*****************************
69 generation time: 6.25 s
[127.00,7.50],
[189.00,1.50],
[98.00,13.50],
[175.00,4.50],
[100.00,13.00],
[165.00,7.00],
[167.00,6.50],
[176.00,3.50],
[122.00,9.00],
*****************************t=69*****************************
70 generation time: 6.35 s
[127.00,7.50],
[189.00,1.50],
[98.00,13.50],
[175.00,4.50],
[100.00,13.00],
[165.00,7.00],
[167.00,6.50],
[176.00,3.50],
[122.00,9.00],
*****************************t=70*****************************
71 generation time: 6.44 s
[127.00,7.50],
[189.00,1.50],
[98.00,13.50],
[175.00,4.50],
[100.00,13.00],
[165.00,7.00],
[167.00,6.50],
[176.00,3.50],
[122.00,9.00],
*****************************t=71*****************************
72 generation time: 6.54 s
[127.00,7.50],
[189.00,1.50],
[98.00,13.50],
[175.00,4.50],
[100.00,13.00],
[165.00,7.00],
[167.00,6.50],
[176.00,3.50],
[122.00,9.00],
*****************************t=72*****************************
73 generation time: 6.62 s
[127.00,7.50],
[189.00,1.50],
[98.00,13.50],
[175.00,4.50],
[100.00,13.00],
[165.00,7.00],
[167.00,6.50],
[176.00,3.50],
[122.00,9.00],
*****************************t=73*****************************
74 generation time: 6.71 s
[127.00,7.50],
[189.00,1.50],
[98.00,13.50],
[175.00,4.50],
[100.00,13.00],
[165.00,7.00],
[167.00,6.50],
[176.00,3.50],
[122.00,9.00],
*****************************t=74*****************************
time to convergence: 6.76 s	
75 generation time: 6.79 s
[127.00,7.50],
[189.00,1.50],
[98.00,13.50],
[175.00,4.50],
[100.00,13.00],
[165.00,7.00],
[167.00,6.50],
[176.00,3.50],
[122.00,9.00],
[188.00,3.00],
*****************************t=75*****************************
76 generation time: 6.88 s
[127.00,7.50],
[189.00,1.50],
[98.00,13.50],
[175.00,4.50],
[100.00,13.00],
[165.00,7.00],
[167.00,6.50],
[176.00,3.50],
[122.00,9.00],
[188.00,3.00],
*****************************t=76*****************************
77 generation time: 6.97 s
[127.00,7.50],
[189.00,1.50],
[98.00,13.50],
[175.00,4.50],
[100.00,13.00],
[165.00,7.00],
[167.00,6.50],
[176.00,3.50],
[122.00,9.00],
[188.00,3.00],
*****************************t=77*****************************
78 generation time: 7.07 s
[127.00,7.50],
[189.00,1.50],
[98.00,13.50],
[175.00,4.50],
[100.00,13.00],
[165.00,7.00],
[167.00,6.50],
[176.00,3.50],
[122.00,9.00],
[188.00,3.00],
*****************************t=78*****************************
79 generation time: 7.16 s
[127.00,7.50],
[189.00,1.50],
[98.00,13.50],
[175.00,4.50],
[100.00,13.00],
[165.00,7.00],
[167.00,6.50],
[176.00,3.50],
[122.00,9.00],
[188.00,3.00],
*****************************t=79*****************************
80 generation time: 7.27 s
[127.00,7.50],
[189.00,1.50],
[98.00,13.50],
[175.00,4.50],
[100.00,13.00],
[165.00,7.00],
[167.00,6.50],
[176.00,3.50],
[122.00,9.00],
[188.00,3.00],
*****************************t=80*****************************
81 generation time: 7.36 s
[127.00,7.50],
[189.00,1.50],
[98.00,13.50],
[175.00,4.50],
[100.00,13.00],
[165.00,7.00],
[167.00,6.50],
[176.00,3.50],
[122.00,9.00],
[188.00,3.00],
*****************************t=81*****************************
time to convergence: 7.41 s	
82 generation time: 7.44 s
[127.00,7.50],
[189.00,1.50],
[98.00,13.50],
[175.00,4.50],
[100.00,13.00],
[163.00,7.00],
[167.00,6.50],
[176.00,3.50],
[122.00,9.00],
[188.00,3.00],
[174.00,5.50],
*****************************t=82*****************************
83 generation time: 7.52 s
[127.00,7.50],
[189.00,1.50],
[98.00,13.50],
[175.00,4.50],
[100.00,13.00],
[163.00,7.00],
[167.00,6.50],
[176.00,3.50],
[122.00,9.00],
[188.00,3.00],
[174.00,5.50],
*****************************t=83*****************************
84 generation time: 7.60 s
[127.00,7.50],
[189.00,1.50],
[98.00,13.50],
[175.00,4.50],
[100.00,13.00],
[163.00,7.00],
[167.00,6.50],
[176.00,3.50],
[122.00,9.00],
[188.00,3.00],
[174.00,5.50],
*****************************t=84*****************************
85 generation time: 7.68 s
[127.00,7.50],
[189.00,1.50],
[98.00,13.50],
[175.00,4.50],
[100.00,13.00],
[163.00,7.00],
[167.00,6.50],
[176.00,3.50],
[122.00,9.00],
[188.00,3.00],
[174.00,5.50],
*****************************t=85*****************************
86 generation time: 7.77 s
[127.00,7.50],
[189.00,1.50],
[98.00,13.50],
[175.00,4.50],
[100.00,13.00],
[163.00,7.00],
[167.00,6.50],
[176.00,3.50],
[122.00,9.00],
[188.00,3.00],
[174.00,5.50],
*****************************t=86*****************************
87 generation time: 7.86 s
[127.00,7.50],
[189.00,1.50],
[98.00,13.50],
[175.00,4.50],
[100.00,13.00],
[163.00,7.00],
[167.00,6.50],
[176.00,3.50],
[122.00,9.00],
[188.00,3.00],
[174.00,5.50],
*****************************t=87*****************************
88 generation time: 7.94 s
[127.00,7.50],
[189.00,1.50],
[98.00,13.50],
[175.00,4.50],
[100.00,13.00],
[163.00,7.00],
[167.00,6.50],
[176.00,3.50],
[122.00,9.00],
[188.00,3.00],
[174.00,5.50],
*****************************t=88*****************************
89 generation time: 8.05 s
[127.00,7.50],
[189.00,1.50],
[98.00,13.50],
[175.00,4.50],
[100.00,13.00],
[163.00,7.00],
[167.00,6.50],
[176.00,3.50],
[122.00,9.00],
[188.00,3.00],
[174.00,5.50],
*****************************t=89*****************************
90 generation time: 8.14 s
[127.00,7.50],
[189.00,1.50],
[98.00,13.50],
[175.00,4.50],
[100.00,13.00],
[163.00,7.00],
[167.00,6.50],
[176.00,3.50],
[122.00,9.00],
[188.00,3.00],
[174.00,5.50],
*****************************t=90*****************************
91 generation time: 8.24 s
[127.00,7.50],
[189.00,1.50],
[98.00,13.50],
[175.00,4.50],
[100.00,13.00],
[163.00,7.00],
[167.00,6.50],
[176.00,3.50],
[122.00,9.00],
[188.00,3.00],
[174.00,5.50],
*****************************t=91*****************************
92 generation time: 8.32 s
[127.00,7.50],
[189.00,1.50],
[98.00,13.50],
[175.00,4.50],
[100.00,13.00],
[163.00,7.00],
[167.00,6.50],
[176.00,3.50],
[122.00,9.00],
[188.00,3.00],
[174.00,5.50],
*****************************t=92*****************************
93 generation time: 8.41 s
[127.00,7.50],
[189.00,1.50],
[98.00,13.50],
[175.00,4.50],
[100.00,13.00],
[163.00,7.00],
[167.00,6.50],
[176.00,3.50],
[122.00,9.00],
[188.00,3.00],
[174.00,5.50],
*****************************t=93*****************************
94 generation time: 8.49 s
[127.00,7.50],
[189.00,1.50],
[98.00,13.50],
[175.00,4.50],
[100.00,13.00],
[163.00,7.00],
[167.00,6.50],
[176.00,3.50],
[122.00,9.00],
[188.00,3.00],
[174.00,5.50],
*****************************t=94*****************************
95 generation time: 8.57 s
[127.00,7.50],
[189.00,1.50],
[98.00,13.50],
[175.00,4.50],
[100.00,13.00],
[163.00,7.00],
[167.00,6.50],
[176.00,3.50],
[122.00,9.00],
[188.00,3.00],
[174.00,5.50],
*****************************t=95*****************************
96 generation time: 8.66 s
[127.00,7.50],
[189.00,1.50],
[98.00,13.50],
[175.00,4.50],
[100.00,13.00],
[163.00,7.00],
[167.00,6.50],
[176.00,3.50],
[122.00,9.00],
[188.00,3.00],
[174.00,5.50],
*****************************t=96*****************************
97 generation time: 8.74 s
[127.00,7.50],
[189.00,1.50],
[98.00,13.50],
[175.00,4.50],
[100.00,13.00],
[163.00,7.00],
[167.00,6.50],
[176.00,3.50],
[122.00,9.00],
[188.00,3.00],
[174.00,5.50],
*****************************t=97*****************************
98 generation time: 8.83 s
[127.00,7.50],
[189.00,1.50],
[98.00,13.50],
[175.00,4.50],
[100.00,13.00],
[163.00,7.00],
[167.00,6.50],
[176.00,3.50],
[122.00,9.00],
[188.00,3.00],
[174.00,5.50],
*****************************t=98*****************************
99 generation time: 8.94 s
[127.00,7.50],
[189.00,1.50],
[98.00,13.50],
[175.00,4.50],
[100.00,13.00],
[163.00,7.00],
[167.00,6.50],
[176.00,3.50],
[122.00,9.00],
[188.00,3.00],
[174.00,5.50],
*****************************t=99*****************************
100 generation time: 9.02 s
[127.00,7.50],
[189.00,1.50],
[98.00,13.50],
[175.00,4.50],
[100.00,13.00],
[163.00,7.00],
[167.00,6.50],
[176.00,3.50],
[122.00,9.00],
[188.00,3.00],
[174.00,5.50],
[127.00,7.50],
[189.00,1.50],
[98.00,13.50],
[175.00,4.50],
[100.00,13.00],
[163.00,7.00],
[167.00,6.50],
[176.00,3.50],
[122.00,9.00],
[188.00,3.00],
[174.00,5.50],
tot = 11
total time: 9.07 s
