m = 4 n = 10
pop = 30 gen = 100
init...begin
init...done
*****************************t=0*****************************
time to convergence: 0.05 s	
time to convergence: 0.06 s	
1 generation time: 0.08 s
[133.00,19.00],
[199.00,4.50],
[136.00,11.00],
*****************************t=1*****************************
time to convergence: 0.14 s	
time to convergence: 0.14 s	
2 generation time: 0.16 s
[133.00,19.00],
[199.00,4.50],
[136.00,11.00],
[180.00,7.00],
[120.00,29.00],
*****************************t=2*****************************
3 generation time: 0.25 s
[133.00,19.00],
[199.00,4.50],
[136.00,11.00],
[180.00,7.00],
[120.00,29.00],
*****************************t=3*****************************
4 generation time: 0.33 s
[133.00,19.00],
[199.00,4.50],
[136.00,11.00],
[180.00,7.00],
[120.00,29.00],
*****************************t=4*****************************
5 generation time: 0.41 s
[133.00,19.00],
[199.00,4.50],
[136.00,11.00],
[180.00,7.00],
[115.00,29.00],
*****************************t=5*****************************
6 generation time: 0.49 s
[133.00,19.00],
[199.00,4.50],
[136.00,11.00],
[180.00,7.00],
[115.00,29.00],
*****************************t=6*****************************
time to convergence: 0.55 s	
7 generation time: 0.58 s
[133.00,19.00],
[199.00,4.50],
[136.00,11.00],
[180.00,7.00],
[115.00,29.00],
[128.00,21.00],
*****************************t=7*****************************
time to convergence: 0.63 s	
8 generation time: 0.66 s
[133.00,19.00],
[199.00,4.50],
[136.00,11.00],
[180.00,7.00],
[115.00,29.00],
[128.00,21.00],
[116.00,26.50],
*****************************t=8*****************************
time to convergence: 0.71 s	
9 generation time: 0.74 s
[133.00,19.00],
[199.00,4.50],
[136.00,11.00],
[180.00,7.00],
[115.00,29.00],
[128.00,21.00],
[116.00,26.50],
[161.00,7.50],
*****************************t=9*****************************
10 generation time: 0.83 s
[133.00,19.00],
[199.00,4.50],
[136.00,11.00],
[180.00,7.00],
[115.00,29.00],
[128.00,21.00],
[116.00,26.50],
[161.00,7.50],
*****************************t=10*****************************
11 generation time: 0.90 s
[102.00,13.00],
[199.00,4.50],
[136.00,11.00],
[180.00,7.00],
[161.00,7.50],
*****************************t=11*****************************
12 generation time: 0.98 s
[102.00,13.00],
[199.00,4.50],
[136.00,11.00],
[180.00,7.00],
[161.00,7.50],
*****************************t=12*****************************
time to convergence: 1.04 s	
13 generation time: 1.06 s
[102.00,13.00],
[199.00,4.50],
[136.00,11.00],
[180.00,7.00],
[161.00,7.50],
[142.00,10.50],
*****************************t=13*****************************
time to convergence: 1.12 s	
14 generation time: 1.15 s
[102.00,13.00],
[199.00,4.50],
[132.00,9.50],
[180.00,7.00],
[161.00,7.50],
[98.00,13.50],
*****************************t=14*****************************
15 generation time: 1.23 s
[102.00,13.00],
[199.00,4.50],
[132.00,9.50],
[180.00,7.00],
[161.00,7.50],
[98.00,13.50],
*****************************t=15*****************************
16 generation time: 1.31 s
[102.00,13.00],
[199.00,4.50],
[132.00,9.50],
[180.00,7.00],
[161.00,7.50],
[98.00,13.50],
*****************************t=16*****************************
17 generation time: 1.39 s
[102.00,13.00],
[199.00,4.50],
[132.00,9.50],
[180.00,7.00],
[161.00,7.50],
[98.00,13.50],
*****************************t=17*****************************
18 generation time: 1.48 s
[102.00,13.00],
[199.00,4.50],
[132.00,9.50],
[180.00,7.00],
[161.00,7.50],
[98.00,13.50],
*****************************t=18*****************************
19 generation time: 1.56 s
[102.00,13.00],
[199.00,4.50],
[132.00,9.50],
[180.00,7.00],
[161.00,7.50],
[98.00,13.50],
*****************************t=19*****************************
20 generation time: 1.65 s
[102.00,13.00],
[199.00,4.50],
[132.00,9.50],
[180.00,7.00],
[161.00,7.50],
[98.00,13.50],
*****************************t=20*****************************
time to convergence: 1.70 s	
21 generation time: 1.73 s
[102.00,13.00],
[199.00,4.50],
[132.00,9.50],
[180.00,7.00],
[161.00,7.50],
[98.00,13.50],
[156.00,9.00],
*****************************t=21*****************************
22 generation time: 1.83 s
[101.00,13.00],
[185.00,4.50],
[132.00,9.50],
[180.00,7.00],
[161.00,7.50],
[98.00,13.50],
[156.00,9.00],
*****************************t=22*****************************
23 generation time: 1.90 s
[101.00,13.00],
[185.00,4.50],
[132.00,9.50],
[180.00,7.00],
[161.00,7.50],
[98.00,13.50],
[156.00,9.00],
*****************************t=23*****************************
24 generation time: 1.98 s
[101.00,13.00],
[185.00,4.50],
[132.00,9.50],
[180.00,7.00],
[161.00,7.50],
[98.00,13.50],
[156.00,9.00],
*****************************t=24*****************************
25 generation time: 2.08 s
[101.00,13.00],
[185.00,4.50],
[132.00,9.50],
[180.00,7.00],
[161.00,7.50],
[98.00,13.50],
[156.00,9.00],
*****************************t=25*****************************
26 generation time: 2.17 s
[101.00,13.00],
[185.00,4.50],
[132.00,9.50],
[180.00,7.00],
[161.00,7.50],
[98.00,13.50],
[156.00,9.00],
*****************************t=26*****************************
27 generation time: 2.26 s
[101.00,13.00],
[185.00,4.50],
[132.00,9.50],
[180.00,7.00],
[161.00,7.50],
[98.00,13.50],
[156.00,9.00],
*****************************t=27*****************************
28 generation time: 2.36 s
[101.00,13.00],
[185.00,4.50],
[132.00,9.50],
[180.00,7.00],
[161.00,7.50],
[98.00,13.50],
[156.00,9.00],
*****************************t=28*****************************
time to convergence: 2.42 s	
29 generation time: 2.45 s
[101.00,13.00],
[185.00,4.50],
[132.00,9.50],
[180.00,7.00],
[161.00,7.50],
[98.00,13.50],
[156.00,9.00],
[127.00,11.50],
*****************************t=29*****************************
30 generation time: 2.54 s
[101.00,13.00],
[185.00,4.50],
[132.00,9.50],
[180.00,7.00],
[161.00,7.50],
[98.00,13.50],
[156.00,9.00],
[127.00,11.50],
*****************************t=30*****************************
31 generation time: 2.65 s
[101.00,13.00],
[185.00,4.50],
[132.00,9.50],
[180.00,7.00],
[161.00,7.50],
[98.00,13.50],
[156.00,9.00],
[127.00,11.50],
*****************************t=31*****************************
32 generation time: 2.75 s
[101.00,13.00],
[185.00,4.50],
[132.00,9.50],
[180.00,7.00],
[161.00,7.50],
[98.00,13.50],
[156.00,9.00],
[127.00,11.50],
*****************************t=32*****************************
33 generation time: 2.84 s
[101.00,13.00],
[185.00,4.50],
[132.00,9.50],
[180.00,7.00],
[161.00,7.50],
[98.00,13.50],
[156.00,9.00],
[127.00,11.50],
*****************************t=33*****************************
34 generation time: 2.94 s
[101.00,13.00],
[185.00,4.50],
[132.00,9.50],
[180.00,7.00],
[161.00,7.50],
[98.00,13.50],
[156.00,9.00],
[127.00,11.50],
*****************************t=34*****************************
35 generation time: 3.03 s
[101.00,13.00],
[185.00,4.50],
[132.00,9.50],
[180.00,7.00],
[161.00,7.50],
[98.00,13.50],
[156.00,9.00],
[127.00,11.50],
*****************************t=35*****************************
36 generation time: 3.13 s
[101.00,13.00],
[185.00,4.50],
[132.00,9.50],
[180.00,7.00],
[161.00,7.50],
[98.00,13.50],
[156.00,9.00],
[127.00,11.50],
*****************************t=36*****************************
37 generation time: 3.23 s
[101.00,13.00],
[176.00,3.50],
[132.00,9.50],
[161.00,7.50],
[98.00,13.50],
[156.00,9.00],
[127.00,11.50],
*****************************t=37*****************************
38 generation time: 3.32 s
[101.00,13.00],
[176.00,3.50],
[132.00,9.50],
[161.00,7.50],
[98.00,13.50],
[156.00,9.00],
[127.00,11.50],
*****************************t=38*****************************
39 generation time: 3.42 s
[101.00,13.00],
[176.00,3.50],
[132.00,9.50],
[149.00,7.50],
[98.00,13.50],
[127.00,11.50],
*****************************t=39*****************************
40 generation time: 3.52 s
[101.00,13.00],
[176.00,3.50],
[132.00,9.50],
[149.00,7.50],
[98.00,13.50],
[127.00,11.50],
*****************************t=40*****************************
41 generation time: 3.61 s
[101.00,13.00],
[176.00,3.50],
[132.00,9.50],
[149.00,7.50],
[98.00,13.50],
[127.00,11.50],
*****************************t=41*****************************
42 generation time: 3.71 s
[101.00,13.00],
[176.00,3.50],
[132.00,9.50],
[149.00,7.50],
[98.00,13.50],
[127.00,11.50],
*****************************t=42*****************************
43 generation time: 3.79 s
[101.00,13.00],
[176.00,3.50],
[132.00,9.50],
[149.00,7.50],
[98.00,13.50],
[127.00,11.50],
*****************************t=43*****************************
44 generation time: 3.88 s
[101.00,13.00],
[176.00,3.50],
[132.00,9.50],
[149.00,7.50],
[98.00,13.50],
[127.00,11.50],
*****************************t=44*****************************
45 generation time: 3.98 s
[101.00,13.00],
[176.00,3.50],
[132.00,9.50],
[149.00,7.50],
[98.00,13.50],
[127.00,11.50],
*****************************t=45*****************************
46 generation time: 4.07 s
[101.00,13.00],
[176.00,3.50],
[132.00,9.50],
[149.00,7.50],
[98.00,13.50],
[127.00,11.50],
*****************************t=46*****************************
47 generation time: 4.16 s
[101.00,13.00],
[176.00,3.50],
[132.00,9.50],
[149.00,7.50],
[98.00,13.50],
[127.00,11.50],
*****************************t=47*****************************
48 generation time: 4.26 s
[101.00,13.00],
[176.00,3.50],
[132.00,9.50],
[149.00,7.50],
[98.00,13.50],
[127.00,11.50],
*****************************t=48*****************************
49 generation time: 4.35 s
[101.00,13.00],
[176.00,3.50],
[132.00,9.50],
[149.00,7.50],
[98.00,13.50],
[127.00,11.50],
*****************************t=49*****************************
50 generation time: 4.43 s
[101.00,13.00],
[176.00,3.50],
[132.00,9.50],
[149.00,7.50],
[98.00,13.50],
[127.00,11.50],
*****************************t=50*****************************
51 generation time: 4.52 s
[101.00,13.00],
[176.00,3.50],
[132.00,9.50],
[149.00,7.50],
[98.00,13.50],
[127.00,11.50],
*****************************t=51*****************************
52 generation time: 4.62 s
[101.00,13.00],
[176.00,3.50],
[132.00,9.50],
[149.00,7.50],
[98.00,13.50],
[127.00,11.50],
*****************************t=52*****************************
53 generation time: 4.69 s
[101.00,13.00],
[176.00,3.50],
[132.00,9.50],
[149.00,7.50],
[98.00,13.50],
[127.00,11.50],
*****************************t=53*****************************
54 generation time: 4.79 s
[101.00,13.00],
[176.00,3.50],
[132.00,9.50],
[149.00,7.50],
[98.00,13.50],
[127.00,11.50],
*****************************t=54*****************************
55 generation time: 4.88 s
[101.00,13.00],
[176.00,3.50],
[132.00,9.50],
[149.00,7.50],
[98.00,13.50],
[127.00,11.50],
*****************************t=55*****************************
56 generation time: 4.97 s
[101.00,13.00],
[176.00,3.50],
[132.00,9.50],
[149.00,7.50],
[98.00,13.50],
[127.00,11.50],
*****************************t=56*****************************
57 generation time: 5.07 s
[101.00,13.00],
[176.00,3.50],
[132.00,9.50],
[149.00,7.50],
[98.00,13.50],
[127.00,11.50],
*****************************t=57*****************************
58 generation time: 5.16 s
[101.00,13.00],
[176.00,3.50],
[132.00,9.50],
[149.00,7.50],
[98.00,13.50],
[127.00,11.50],
*****************************t=58*****************************
59 generation time: 5.24 s
[101.00,13.00],
[176.00,3.50],
[132.00,9.50],
[149.00,7.50],
[98.00,13.50],
[127.00,11.50],
*****************************t=59*****************************
60 generation time: 5.34 s
[101.00,13.00],
[176.00,3.50],
[132.00,9.50],
[149.00,7.50],
[98.00,13.50],
[127.00,11.50],
*****************************t=60*****************************
61 generation time: 5.43 s
[101.00,13.00],
[176.00,3.50],
[132.00,9.50],
[149.00,7.50],
[98.00,13.50],
[127.00,11.50],
*****************************t=61*****************************
time to convergence: 5.49 s	
62 generation time: 5.52 s
[101.00,13.00],
[176.00,3.50],
[132.00,9.50],
[149.00,7.50],
[98.00,13.50],
[127.00,11.50],
[192.00,3.00],
*****************************t=62*****************************
63 generation time: 5.62 s
[101.00,13.00],
[176.00,3.50],
[132.00,9.50],
[149.00,7.50],
[98.00,13.50],
[127.00,11.50],
[192.00,3.00],
*****************************t=63*****************************
64 generation time: 5.71 s
[101.00,13.00],
[176.00,3.50],
[132.00,9.50],
[149.00,7.50],
[98.00,13.50],
[127.00,11.50],
[192.00,3.00],
*****************************t=64*****************************
65 generation time: 5.80 s
[101.00,13.00],
[176.00,3.50],
[132.00,9.50],
[149.00,7.50],
[98.00,13.50],
[127.00,11.50],
[192.00,3.00],
*****************************t=65*****************************
66 generation time: 5.90 s
[101.00,13.00],
[176.00,3.50],
[132.00,9.50],
[149.00,7.50],
[98.00,13.50],
[127.00,11.50],
[192.00,3.00],
*****************************t=66*****************************
67 generation time: 5.99 s
[101.00,13.00],
[176.00,3.50],
[132.00,9.50],
[149.00,7.50],
[98.00,13.50],
[127.00,11.50],
[192.00,3.00],
*****************************t=67*****************************
68 generation time: 6.09 s
[101.00,13.00],
[176.00,3.50],
[132.00,9.50],
[149.00,7.50],
[98.00,13.50],
[127.00,11.50],
[192.00,3.00],
*****************************t=68*****************************
69 generation time: 6.16 s
[101.00,13.00],
[176.00,3.50],
[132.00,9.50],
[149.00,7.50],
[98.00,13.50],
[127.00,11.50],
[192.00,3.00],
*****************************t=69*****************************
70 generation time: 6.26 s
[101.00,13.00],
[176.00,3.50],
[132.00,9.50],
[149.00,7.50],
[98.00,13.50],
[127.00,11.50],
[192.00,3.00],
*****************************t=70*****************************
71 generation time: 6.35 s
[101.00,13.00],
[176.00,3.50],
[132.00,9.50],
[149.00,7.50],
[98.00,13.50],
[127.00,11.50],
[192.00,3.00],
*****************************t=71*****************************
72 generation time: 6.44 s
[101.00,13.00],
[176.00,3.50],
[132.00,9.50],
[149.00,7.50],
[98.00,13.50],
[127.00,11.50],
[192.00,3.00],
*****************************t=72*****************************
time to convergence: 6.51 s	
73 generation time: 6.54 s
[101.00,13.00],
[176.00,3.50],
[132.00,9.50],
[149.00,7.50],
[98.00,13.50],
[127.00,11.50],
[192.00,3.00],
[163.00,7.00],
*****************************t=73*****************************
74 generation time: 6.64 s
[101.00,13.00],
[176.00,3.50],
[132.00,9.50],
[149.00,7.50],
[98.00,13.50],
[127.00,11.50],
[192.00,3.00],
[163.00,7.00],
*****************************t=74*****************************
75 generation time: 6.74 s
[101.00,13.00],
[176.00,3.50],
[132.00,9.50],
[149.00,7.50],
[98.00,13.50],
[127.00,11.50],
[192.00,3.00],
[163.00,7.00],
*****************************t=75*****************************
76 generation time: 6.83 s
[101.00,13.00],
[176.00,3.50],
[132.00,9.50],
[149.00,7.50],
[98.00,13.50],
[127.00,11.50],
[192.00,3.00],
[163.00,7.00],
*****************************t=76*****************************
77 generation time: 6.93 s
[101.00,13.00],
[176.00,3.50],
[132.00,9.50],
[149.00,7.50],
[98.00,13.50],
[127.00,11.50],
[192.00,3.00],
[163.00,7.00],
*****************************t=77*****************************
78 generation time: 7.03 s
[101.00,13.00],
[176.00,3.50],
[132.00,9.50],
[149.00,7.50],
[98.00,13.50],
[127.00,11.50],
[192.00,3.00],
[163.00,7.00],
*****************************t=78*****************************
79 generation time: 7.12 s
[101.00,13.00],
[176.00,3.50],
[132.00,9.50],
[149.00,7.50],
[98.00,13.50],
[127.00,11.50],
[192.00,3.00],
[163.00,7.00],
*****************************t=79*****************************
80 generation time: 7.21 s
[101.00,13.00],
[176.00,3.50],
[132.00,9.50],
[149.00,7.50],
[98.00,13.50],
[127.00,11.50],
[192.00,3.00],
[163.00,7.00],
*****************************t=80*****************************
81 generation time: 7.31 s
[101.00,13.00],
[176.00,3.50],
[132.00,9.50],
[149.00,7.50],
[98.00,13.50],
[127.00,11.50],
[192.00,3.00],
[163.00,7.00],
*****************************t=81*****************************
82 generation time: 7.40 s
[101.00,13.00],
[176.00,3.50],
[132.00,9.50],
[149.00,7.50],
[98.00,13.50],
[127.00,11.50],
[192.00,3.00],
[163.00,7.00],
*****************************t=82*****************************
83 generation time: 7.50 s
[101.00,13.00],
[176.00,3.50],
[132.00,9.50],
[149.00,7.50],
[98.00,13.50],
[127.00,11.50],
[192.00,3.00],
[163.00,7.00],
*****************************t=83*****************************
84 generation time: 7.59 s
[101.00,13.00],
[176.00,3.50],
[132.00,9.50],
[149.00,7.50],
[98.00,13.50],
[127.00,11.50],
[192.00,3.00],
[163.00,7.00],
*****************************t=84*****************************
85 generation time: 7.68 s
[101.00,13.00],
[176.00,3.50],
[132.00,9.50],
[149.00,7.50],
[98.00,13.50],
[127.00,11.50],
[192.00,3.00],
[163.00,7.00],
*****************************t=85*****************************
86 generation time: 7.78 s
[101.00,13.00],
[176.00,3.50],
[132.00,9.50],
[149.00,7.50],
[98.00,13.50],
[127.00,11.50],
[192.00,3.00],
[163.00,7.00],
*****************************t=86*****************************
87 generation time: 7.88 s
[101.00,13.00],
[176.00,3.50],
[132.00,9.50],
[149.00,7.50],
[98.00,13.50],
[127.00,11.50],
[192.00,3.00],
[163.00,7.00],
*****************************t=87*****************************
88 generation time: 7.97 s
[101.00,13.00],
[176.00,3.50],
[132.00,9.50],
[149.00,7.50],
[98.00,13.50],
[127.00,11.50],
[192.00,3.00],
[163.00,7.00],
*****************************t=88*****************************
89 generation time: 8.06 s
[101.00,13.00],
[176.00,3.50],
[132.00,9.50],
[149.00,7.50],
[98.00,13.50],
[127.00,11.50],
[192.00,3.00],
[163.00,7.00],
*****************************t=89*****************************
90 generation time: 8.16 s
[101.00,13.00],
[176.00,3.50],
[132.00,9.50],
[149.00,7.50],
[98.00,13.50],
[127.00,11.50],
[192.00,3.00],
[163.00,7.00],
*****************************t=90*****************************
91 generation time: 8.26 s
[101.00,13.00],
[176.00,3.50],
[132.00,9.50],
[149.00,7.50],
[98.00,13.50],
[127.00,11.50],
[192.00,3.00],
[163.00,7.00],
*****************************t=91*****************************
92 generation time: 8.35 s
[101.00,13.00],
[176.00,3.50],
[132.00,9.50],
[149.00,7.50],
[98.00,13.50],
[127.00,11.50],
[192.00,3.00],
[163.00,7.00],
*****************************t=92*****************************
93 generation time: 8.43 s
[101.00,13.00],
[176.00,3.50],
[132.00,9.50],
[149.00,7.50],
[98.00,13.50],
[127.00,11.50],
[192.00,3.00],
[163.00,7.00],
*****************************t=93*****************************
94 generation time: 8.53 s
[101.00,13.00],
[176.00,3.50],
[132.00,9.50],
[149.00,7.50],
[98.00,13.50],
[127.00,11.50],
[192.00,3.00],
[163.00,7.00],
*****************************t=94*****************************
95 generation time: 8.62 s
[101.00,13.00],
[176.00,3.50],
[132.00,9.50],
[149.00,7.50],
[98.00,13.50],
[127.00,11.50],
[192.00,3.00],
[163.00,7.00],
*****************************t=95*****************************
96 generation time: 8.71 s
[101.00,13.00],
[176.00,3.50],
[132.00,9.50],
[149.00,7.50],
[98.00,13.50],
[127.00,11.50],
[192.00,3.00],
[163.00,7.00],
*****************************t=96*****************************
97 generation time: 8.81 s
[101.00,13.00],
[176.00,3.50],
[132.00,9.50],
[149.00,7.50],
[98.00,13.50],
[127.00,11.50],
[192.00,3.00],
[163.00,7.00],
*****************************t=97*****************************
98 generation time: 8.88 s
[101.00,13.00],
[176.00,3.50],
[132.00,9.50],
[149.00,7.50],
[98.00,13.50],
[127.00,11.50],
[192.00,3.00],
[163.00,7.00],
*****************************t=98*****************************
99 generation time: 8.98 s
[101.00,13.00],
[176.00,3.50],
[132.00,9.50],
[149.00,7.50],
[98.00,13.50],
[127.00,11.50],
[192.00,3.00],
[163.00,7.00],
*****************************t=99*****************************
100 generation time: 9.07 s
[101.00,13.00],
[176.00,3.50],
[132.00,9.50],
[149.00,7.50],
[98.00,13.50],
[127.00,11.50],
[192.00,3.00],
[163.00,7.00],
[101.00,13.00],
[176.00,3.50],
[132.00,9.50],
[149.00,7.50],
[98.00,13.50],
[127.00,11.50],
[192.00,3.00],
[163.00,7.00],
tot = 8
total time: 9.13 s
