m = 4 n = 10
pop = 30 gen = 100
init...begin
greedy begin
greedy done
init...done
*****************************t=0*****************************
time to convergence: 0.01 s	
time to convergence: 0.01 s	
time to convergence: 0.01 s	
time to convergence: 0.06 s	
time to convergence: 0.16 s	
time to convergence: 0.16 s	
time to convergence: 0.17 s	
time to convergence: 0.18 s	
time to convergence: 0.19 s	
time to convergence: 0.19 s	
time to convergence: 0.19 s	
time to convergence: 0.48 s	
time to convergence: 0.48 s	
time to convergence: 0.88 s	
time to convergence: 0.88 s	
time to convergence: 0.88 s	
1 generation time: 0.93 s
[176.00,3.50],
[101.00,13.00],
[118.00,9.00],
[166.00,6.50],
[187.00,1.50],
[165.00,7.00],
[140.00,7.50],
[174.00,4.50],
[177.00,3.00],
*****************************t=1*****************************
time to convergence: 1.12 s	
time to convergence: 1.88 s	
time to convergence: 1.88 s	
2 generation time: 1.99 s
[176.00,3.50],
[100.00,13.00],
[118.00,9.00],
[166.00,6.50],
[187.00,1.50],
[165.00,7.00],
[126.00,7.50],
[174.00,4.50],
[177.00,3.00],
*****************************t=2*****************************
time to convergence: 2.51 s	
time to convergence: 2.99 s	
3 generation time: 3.06 s
[176.00,3.50],
[100.00,13.00],
[118.00,9.00],
[166.00,6.50],
[187.00,1.50],
[165.00,7.00],
[126.00,7.50],
[174.00,4.50],
[177.00,3.00],
[98.00,13.50],
*****************************t=3*****************************
time to convergence: 3.50 s	
time to convergence: 3.73 s	
4 generation time: 3.78 s
[176.00,3.50],
[100.00,13.00],
[118.00,9.00],
[164.00,6.50],
[187.00,1.50],
[126.00,7.50],
[174.00,4.50],
[177.00,3.00],
[98.00,13.50],
[173.00,5.00],
*****************************t=4*****************************
5 generation time: 4.63 s
[176.00,3.50],
[100.00,13.00],
[118.00,9.00],
[164.00,6.50],
[187.00,1.50],
[126.00,7.50],
[174.00,4.50],
[177.00,3.00],
[98.00,13.50],
[173.00,5.00],
*****************************t=5*****************************
time to convergence: 5.28 s	
6 generation time: 5.36 s
[176.00,3.50],
[100.00,13.00],
[118.00,9.00],
[164.00,6.50],
[187.00,1.50],
[126.00,7.50],
[174.00,4.50],
[177.00,3.00],
[98.00,13.50],
[173.00,5.00],
[116.00,11.00],
*****************************t=6*****************************
time to convergence: 5.96 s	
7 generation time: 6.07 s
[176.00,3.50],
[100.00,13.00],
[118.00,9.00],
[164.00,6.50],
[187.00,1.50],
[126.00,7.50],
[174.00,4.50],
[177.00,3.00],
[98.00,13.50],
[173.00,5.00],
[116.00,11.00],
[163.00,7.00],
*****************************t=7*****************************
time to convergence: 6.23 s	
8 generation time: 7.08 s
[176.00,3.50],
[100.00,13.00],
[118.00,9.00],
[164.00,6.50],
[187.00,1.50],
[125.00,7.50],
[174.00,4.50],
[177.00,3.00],
[98.00,13.50],
[173.00,5.00],
[116.00,11.00],
[163.00,7.00],
*****************************t=8*****************************
9 generation time: 8.19 s
[176.00,3.50],
[100.00,13.00],
[118.00,9.00],
[164.00,6.50],
[187.00,1.50],
[125.00,7.50],
[174.00,4.50],
[177.00,3.00],
[98.00,13.50],
[173.00,5.00],
[116.00,11.00],
[163.00,7.00],
*****************************t=9*****************************
10 generation time: 9.23 s
[176.00,3.50],
[100.00,13.00],
[118.00,9.00],
[164.00,6.50],
[187.00,1.50],
[125.00,7.50],
[174.00,4.50],
[177.00,3.00],
[98.00,13.50],
[173.00,5.00],
[116.00,11.00],
[163.00,7.00],
*****************************t=10*****************************
11 generation time: 10.61 s
[176.00,3.50],
[100.00,13.00],
[118.00,9.00],
[164.00,6.50],
[187.00,1.50],
[125.00,7.50],
[174.00,4.50],
[177.00,3.00],
[98.00,13.50],
[173.00,5.00],
[116.00,11.00],
[163.00,7.00],
*****************************t=11*****************************
12 generation time: 11.74 s
[176.00,3.50],
[100.00,13.00],
[118.00,9.00],
[164.00,6.50],
[187.00,1.50],
[125.00,7.50],
[174.00,4.50],
[177.00,3.00],
[98.00,13.50],
[173.00,5.00],
[116.00,11.00],
[163.00,7.00],
*****************************t=12*****************************
13 generation time: 12.80 s
[176.00,3.50],
[100.00,13.00],
[118.00,9.00],
[164.00,6.50],
[187.00,1.50],
[125.00,7.50],
[174.00,4.50],
[177.00,3.00],
[98.00,13.50],
[173.00,5.00],
[116.00,11.00],
[163.00,7.00],
*****************************t=13*****************************
14 generation time: 13.40 s
[176.00,3.50],
[100.00,13.00],
[118.00,9.00],
[164.00,6.50],
[187.00,1.50],
[125.00,7.50],
[174.00,4.50],
[177.00,3.00],
[98.00,13.50],
[173.00,5.00],
[116.00,11.00],
[163.00,7.00],
*****************************t=14*****************************
15 generation time: 14.31 s
[176.00,3.50],
[100.00,13.00],
[118.00,9.00],
[164.00,6.50],
[187.00,1.50],
[125.00,7.50],
[174.00,4.50],
[177.00,3.00],
[98.00,13.50],
[173.00,5.00],
[116.00,11.00],
[163.00,7.00],
*****************************t=15*****************************
16 generation time: 15.52 s
[176.00,3.50],
[100.00,13.00],
[118.00,9.00],
[164.00,6.50],
[187.00,1.50],
[125.00,7.50],
[174.00,4.50],
[177.00,3.00],
[98.00,13.50],
[173.00,5.00],
[116.00,11.00],
[163.00,7.00],
*****************************t=16*****************************
17 generation time: 16.80 s
[176.00,3.50],
[100.00,13.00],
[118.00,9.00],
[164.00,6.50],
[187.00,1.50],
[125.00,7.50],
[174.00,4.50],
[177.00,3.00],
[98.00,13.50],
[173.00,5.00],
[116.00,11.00],
[163.00,7.00],
*****************************t=17*****************************
time to convergence: 16.82 s	
time to convergence: 17.63 s	
18 generation time: 17.75 s
[176.00,3.50],
[100.00,13.00],
[118.00,9.00],
[164.00,6.50],
[185.00,1.50],
[125.00,7.50],
[174.00,4.50],
[177.00,3.00],
[98.00,13.50],
[173.00,5.00],
[116.00,11.00],
[163.00,7.00],
*****************************t=18*****************************
19 generation time: 18.95 s
[176.00,3.50],
[100.00,13.00],
[118.00,9.00],
[164.00,6.50],
[185.00,1.50],
[125.00,7.50],
[174.00,4.50],
[177.00,3.00],
[98.00,13.50],
[173.00,5.00],
[116.00,11.00],
[163.00,7.00],
*****************************t=19*****************************
20 generation time: 20.04 s
[176.00,3.50],
[100.00,13.00],
[118.00,9.00],
[164.00,6.50],
[185.00,1.50],
[125.00,7.50],
[174.00,4.50],
[177.00,3.00],
[98.00,13.50],
[173.00,5.00],
[116.00,11.00],
[163.00,7.00],
*****************************t=20*****************************
21 generation time: 21.25 s
[176.00,3.50],
[100.00,13.00],
[118.00,9.00],
[164.00,6.50],
[185.00,1.50],
[125.00,7.50],
[174.00,4.50],
[177.00,3.00],
[98.00,13.50],
[173.00,5.00],
[116.00,11.00],
[163.00,7.00],
*****************************t=21*****************************
22 generation time: 22.63 s
[176.00,3.50],
[100.00,13.00],
[118.00,9.00],
[164.00,6.50],
[185.00,1.50],
[125.00,7.50],
[174.00,4.50],
[177.00,3.00],
[98.00,13.50],
[173.00,5.00],
[116.00,11.00],
[163.00,7.00],
*****************************t=22*****************************
23 generation time: 23.94 s
[176.00,3.50],
[100.00,13.00],
[118.00,9.00],
[164.00,6.50],
[185.00,1.50],
[125.00,7.50],
[174.00,4.50],
[177.00,3.00],
[98.00,13.50],
[173.00,5.00],
[116.00,11.00],
[163.00,7.00],
*****************************t=23*****************************
24 generation time: 25.05 s
[176.00,3.50],
[100.00,13.00],
[118.00,9.00],
[164.00,6.50],
[185.00,1.50],
[125.00,7.50],
[174.00,4.50],
[177.00,3.00],
[98.00,13.50],
[173.00,5.00],
[116.00,11.00],
[163.00,7.00],
*****************************t=24*****************************
25 generation time: 26.25 s
[176.00,3.50],
[100.00,13.00],
[118.00,9.00],
[164.00,6.50],
[185.00,1.50],
[125.00,7.50],
[174.00,4.50],
[177.00,3.00],
[98.00,13.50],
[173.00,5.00],
[116.00,11.00],
[163.00,7.00],
*****************************t=25*****************************
26 generation time: 27.14 s
[176.00,3.50],
[100.00,13.00],
[118.00,9.00],
[164.00,6.50],
[185.00,1.50],
[125.00,7.50],
[174.00,4.50],
[177.00,3.00],
[98.00,13.50],
[173.00,5.00],
[116.00,11.00],
[163.00,7.00],
*****************************t=26*****************************
27 generation time: 28.41 s
[176.00,3.50],
[100.00,13.00],
[118.00,9.00],
[164.00,6.50],
[185.00,1.50],
[125.00,7.50],
[174.00,4.50],
[177.00,3.00],
[98.00,13.50],
[173.00,5.00],
[116.00,11.00],
[163.00,7.00],
*****************************t=27*****************************
28 generation time: 29.57 s
[176.00,3.50],
[100.00,13.00],
[118.00,9.00],
[164.00,6.50],
[185.00,1.50],
[125.00,7.50],
[174.00,4.50],
[177.00,3.00],
[98.00,13.50],
[173.00,5.00],
[116.00,11.00],
[163.00,7.00],
*****************************t=28*****************************
29 generation time: 30.58 s
[176.00,3.50],
[100.00,13.00],
[118.00,9.00],
[164.00,6.50],
[185.00,1.50],
[125.00,7.50],
[174.00,4.50],
[177.00,3.00],
[98.00,13.50],
[173.00,5.00],
[116.00,11.00],
[163.00,7.00],
*****************************t=29*****************************
30 generation time: 31.87 s
[176.00,3.50],
[100.00,13.00],
[118.00,9.00],
[164.00,6.50],
[185.00,1.50],
[125.00,7.50],
[174.00,4.50],
[177.00,3.00],
[98.00,13.50],
[173.00,5.00],
[116.00,11.00],
[163.00,7.00],
*****************************t=30*****************************
31 generation time: 33.13 s
[176.00,3.50],
[100.00,13.00],
[118.00,9.00],
[164.00,6.50],
[185.00,1.50],
[125.00,7.50],
[174.00,4.50],
[177.00,3.00],
[98.00,13.50],
[173.00,5.00],
[116.00,11.00],
[163.00,7.00],
*****************************t=31*****************************
32 generation time: 34.24 s
[176.00,3.50],
[100.00,13.00],
[118.00,9.00],
[164.00,6.50],
[185.00,1.50],
[125.00,7.50],
[174.00,4.50],
[177.00,3.00],
[98.00,13.50],
[173.00,5.00],
[116.00,11.00],
[163.00,7.00],
*****************************t=32*****************************
33 generation time: 35.56 s
[176.00,3.50],
[100.00,13.00],
[118.00,9.00],
[164.00,6.50],
[185.00,1.50],
[125.00,7.50],
[174.00,4.50],
[177.00,3.00],
[98.00,13.50],
[173.00,5.00],
[116.00,11.00],
[163.00,7.00],
*****************************t=33*****************************
34 generation time: 36.34 s
[176.00,3.50],
[100.00,13.00],
[118.00,9.00],
[164.00,6.50],
[185.00,1.50],
[125.00,7.50],
[174.00,4.50],
[177.00,3.00],
[98.00,13.50],
[173.00,5.00],
[116.00,11.00],
[163.00,7.00],
*****************************t=34*****************************
35 generation time: 36.97 s
[176.00,3.50],
[100.00,13.00],
[118.00,9.00],
[164.00,6.50],
[185.00,1.50],
[125.00,7.50],
[174.00,4.50],
[177.00,3.00],
[98.00,13.50],
[173.00,5.00],
[116.00,11.00],
[163.00,7.00],
*****************************t=35*****************************
36 generation time: 37.67 s
[176.00,3.50],
[100.00,13.00],
[118.00,9.00],
[164.00,6.50],
[185.00,1.50],
[125.00,7.50],
[174.00,4.50],
[177.00,3.00],
[98.00,13.50],
[173.00,5.00],
[116.00,11.00],
[163.00,7.00],
*****************************t=36*****************************
37 generation time: 38.22 s
[176.00,3.50],
[100.00,13.00],
[118.00,9.00],
[164.00,6.50],
[185.00,1.50],
[125.00,7.50],
[174.00,4.50],
[177.00,3.00],
[98.00,13.50],
[173.00,5.00],
[116.00,11.00],
[163.00,7.00],
*****************************t=37*****************************
38 generation time: 38.84 s
[176.00,3.50],
[100.00,13.00],
[118.00,9.00],
[164.00,6.50],
[185.00,1.50],
[125.00,7.50],
[174.00,4.50],
[177.00,3.00],
[98.00,13.50],
[173.00,5.00],
[116.00,11.00],
[163.00,7.00],
*****************************t=38*****************************
39 generation time: 39.50 s
[176.00,3.50],
[100.00,13.00],
[118.00,9.00],
[164.00,6.50],
[185.00,1.50],
[125.00,7.50],
[174.00,4.50],
[177.00,3.00],
[98.00,13.50],
[173.00,5.00],
[116.00,11.00],
[163.00,7.00],
*****************************t=39*****************************
40 generation time: 40.84 s
[176.00,3.50],
[100.00,13.00],
[118.00,9.00],
[164.00,6.50],
[185.00,1.50],
[125.00,7.50],
[174.00,4.50],
[177.00,3.00],
[98.00,13.50],
[173.00,5.00],
[116.00,11.00],
[163.00,7.00],
*****************************t=40*****************************
41 generation time: 42.28 s
[176.00,3.50],
[100.00,13.00],
[118.00,9.00],
[164.00,6.50],
[185.00,1.50],
[125.00,7.50],
[174.00,4.50],
[177.00,3.00],
[98.00,13.50],
[173.00,5.00],
[116.00,11.00],
[163.00,7.00],
*****************************t=41*****************************
42 generation time: 43.01 s
[176.00,3.50],
[100.00,13.00],
[118.00,9.00],
[164.00,6.50],
[185.00,1.50],
[125.00,7.50],
[174.00,4.50],
[177.00,3.00],
[98.00,13.50],
[173.00,5.00],
[116.00,11.00],
[163.00,7.00],
*****************************t=42*****************************
43 generation time: 44.29 s
[176.00,3.50],
[100.00,13.00],
[118.00,9.00],
[164.00,6.50],
[185.00,1.50],
[125.00,7.50],
[174.00,4.50],
[177.00,3.00],
[98.00,13.50],
[173.00,5.00],
[116.00,11.00],
[163.00,7.00],
*****************************t=43*****************************
44 generation time: 45.31 s
[176.00,3.50],
[100.00,13.00],
[118.00,9.00],
[164.00,6.50],
[185.00,1.50],
[125.00,7.50],
[174.00,4.50],
[177.00,3.00],
[98.00,13.50],
[173.00,5.00],
[116.00,11.00],
[163.00,7.00],
*****************************t=44*****************************
45 generation time: 46.34 s
[176.00,3.50],
[100.00,13.00],
[118.00,9.00],
[164.00,6.50],
[185.00,1.50],
[125.00,7.50],
[174.00,4.50],
[177.00,3.00],
[98.00,13.50],
[173.00,5.00],
[116.00,11.00],
[163.00,7.00],
*****************************t=45*****************************
46 generation time: 47.57 s
[176.00,3.50],
[100.00,13.00],
[118.00,9.00],
[164.00,6.50],
[185.00,1.50],
[125.00,7.50],
[174.00,4.50],
[177.00,3.00],
[98.00,13.50],
[173.00,5.00],
[116.00,11.00],
[163.00,7.00],
*****************************t=46*****************************
47 generation time: 48.72 s
[176.00,3.50],
[100.00,13.00],
[118.00,9.00],
[164.00,6.50],
[185.00,1.50],
[125.00,7.50],
[174.00,4.50],
[177.00,3.00],
[98.00,13.50],
[173.00,5.00],
[116.00,11.00],
[163.00,7.00],
*****************************t=47*****************************
48 generation time: 49.88 s
[176.00,3.50],
[100.00,13.00],
[118.00,9.00],
[164.00,6.50],
[185.00,1.50],
[125.00,7.50],
[174.00,4.50],
[177.00,3.00],
[98.00,13.50],
[173.00,5.00],
[116.00,11.00],
[163.00,7.00],
*****************************t=48*****************************
49 generation time: 50.99 s
[176.00,3.50],
[100.00,13.00],
[118.00,9.00],
[164.00,6.50],
[185.00,1.50],
[125.00,7.50],
[174.00,4.50],
[177.00,3.00],
[98.00,13.50],
[173.00,5.00],
[116.00,11.00],
[163.00,7.00],
*****************************t=49*****************************
50 generation time: 52.25 s
[176.00,3.50],
[100.00,13.00],
[118.00,9.00],
[164.00,6.50],
[185.00,1.50],
[125.00,7.50],
[174.00,4.50],
[177.00,3.00],
[98.00,13.50],
[173.00,5.00],
[116.00,11.00],
[163.00,7.00],
*****************************t=50*****************************
51 generation time: 53.52 s
[176.00,3.50],
[100.00,13.00],
[118.00,9.00],
[164.00,6.50],
[185.00,1.50],
[125.00,7.50],
[174.00,4.50],
[177.00,3.00],
[98.00,13.50],
[173.00,5.00],
[116.00,11.00],
[163.00,7.00],
*****************************t=51*****************************
52 generation time: 54.78 s
[176.00,3.50],
[100.00,13.00],
[118.00,9.00],
[164.00,6.50],
[185.00,1.50],
[125.00,7.50],
[174.00,4.50],
[177.00,3.00],
[98.00,13.50],
[173.00,5.00],
[116.00,11.00],
[163.00,7.00],
*****************************t=52*****************************
53 generation time: 55.97 s
[176.00,3.50],
[100.00,13.00],
[118.00,9.00],
[164.00,6.50],
[185.00,1.50],
[125.00,7.50],
[174.00,4.50],
[177.00,3.00],
[98.00,13.50],
[173.00,5.00],
[116.00,11.00],
[163.00,7.00],
*****************************t=53*****************************
54 generation time: 56.92 s
[176.00,3.50],
[100.00,13.00],
[118.00,9.00],
[164.00,6.50],
[185.00,1.50],
[125.00,7.50],
[174.00,4.50],
[177.00,3.00],
[98.00,13.50],
[173.00,5.00],
[116.00,11.00],
[163.00,7.00],
*****************************t=54*****************************
55 generation time: 58.08 s
[176.00,3.50],
[100.00,13.00],
[118.00,9.00],
[164.00,6.50],
[185.00,1.50],
[125.00,7.50],
[174.00,4.50],
[177.00,3.00],
[98.00,13.50],
[173.00,5.00],
[116.00,11.00],
[163.00,7.00],
*****************************t=55*****************************
56 generation time: 59.68 s
[176.00,3.50],
[100.00,13.00],
[118.00,9.00],
[164.00,6.50],
[185.00,1.50],
[125.00,7.50],
[174.00,4.50],
[177.00,3.00],
[98.00,13.50],
[173.00,5.00],
[116.00,11.00],
[163.00,7.00],
*****************************t=56*****************************
57 generation time: 60.56 s
[176.00,3.50],
[100.00,13.00],
[118.00,9.00],
[164.00,6.50],
[185.00,1.50],
[125.00,7.50],
[174.00,4.50],
[177.00,3.00],
[98.00,13.50],
[173.00,5.00],
[116.00,11.00],
[163.00,7.00],
*****************************t=57*****************************
58 generation time: 61.62 s
[176.00,3.50],
[100.00,13.00],
[118.00,9.00],
[164.00,6.50],
[185.00,1.50],
[125.00,7.50],
[174.00,4.50],
[177.00,3.00],
[98.00,13.50],
[173.00,5.00],
[116.00,11.00],
[163.00,7.00],
*****************************t=58*****************************
59 generation time: 62.96 s
[176.00,3.50],
[100.00,13.00],
[118.00,9.00],
[164.00,6.50],
[185.00,1.50],
[125.00,7.50],
[174.00,4.50],
[177.00,3.00],
[98.00,13.50],
[173.00,5.00],
[116.00,11.00],
[163.00,7.00],
*****************************t=59*****************************
60 generation time: 64.33 s
[176.00,3.50],
[100.00,13.00],
[118.00,9.00],
[164.00,6.50],
[185.00,1.50],
[125.00,7.50],
[174.00,4.50],
[177.00,3.00],
[98.00,13.50],
[173.00,5.00],
[116.00,11.00],
[163.00,7.00],
*****************************t=60*****************************
61 generation time: 65.41 s
[176.00,3.50],
[100.00,13.00],
[118.00,9.00],
[164.00,6.50],
[185.00,1.50],
[125.00,7.50],
[174.00,4.50],
[177.00,3.00],
[98.00,13.50],
[173.00,5.00],
[116.00,11.00],
[163.00,7.00],
*****************************t=61*****************************
62 generation time: 66.67 s
[176.00,3.50],
[100.00,13.00],
[118.00,9.00],
[164.00,6.50],
[185.00,1.50],
[125.00,7.50],
[174.00,4.50],
[177.00,3.00],
[98.00,13.50],
[173.00,5.00],
[116.00,11.00],
[163.00,7.00],
*****************************t=62*****************************
63 generation time: 67.89 s
[176.00,3.50],
[100.00,13.00],
[118.00,9.00],
[164.00,6.50],
[185.00,1.50],
[125.00,7.50],
[174.00,4.50],
[177.00,3.00],
[98.00,13.50],
[173.00,5.00],
[116.00,11.00],
[163.00,7.00],
*****************************t=63*****************************
64 generation time: 69.11 s
[176.00,3.50],
[100.00,13.00],
[118.00,9.00],
[164.00,6.50],
[185.00,1.50],
[125.00,7.50],
[174.00,4.50],
[177.00,3.00],
[98.00,13.50],
[173.00,5.00],
[116.00,11.00],
[163.00,7.00],
*****************************t=64*****************************
65 generation time: 70.42 s
[176.00,3.50],
[100.00,13.00],
[118.00,9.00],
[164.00,6.50],
[185.00,1.50],
[125.00,7.50],
[174.00,4.50],
[177.00,3.00],
[98.00,13.50],
[173.00,5.00],
[116.00,11.00],
[163.00,7.00],
*****************************t=65*****************************
66 generation time: 71.77 s
[176.00,3.50],
[100.00,13.00],
[118.00,9.00],
[164.00,6.50],
[185.00,1.50],
[125.00,7.50],
[174.00,4.50],
[177.00,3.00],
[98.00,13.50],
[173.00,5.00],
[116.00,11.00],
[163.00,7.00],
*****************************t=66*****************************
67 generation time: 72.96 s
[176.00,3.50],
[100.00,13.00],
[118.00,9.00],
[164.00,6.50],
[185.00,1.50],
[125.00,7.50],
[174.00,4.50],
[177.00,3.00],
[98.00,13.50],
[173.00,5.00],
[116.00,11.00],
[163.00,7.00],
*****************************t=67*****************************
68 generation time: 74.20 s
[176.00,3.50],
[100.00,13.00],
[118.00,9.00],
[164.00,6.50],
[185.00,1.50],
[125.00,7.50],
[174.00,4.50],
[177.00,3.00],
[98.00,13.50],
[173.00,5.00],
[116.00,11.00],
[163.00,7.00],
*****************************t=68*****************************
69 generation time: 75.48 s
[176.00,3.50],
[100.00,13.00],
[118.00,9.00],
[164.00,6.50],
[185.00,1.50],
[125.00,7.50],
[174.00,4.50],
[177.00,3.00],
[98.00,13.50],
[173.00,5.00],
[116.00,11.00],
[163.00,7.00],
*****************************t=69*****************************
70 generation time: 76.77 s
[176.00,3.50],
[100.00,13.00],
[118.00,9.00],
[164.00,6.50],
[185.00,1.50],
[125.00,7.50],
[174.00,4.50],
[177.00,3.00],
[98.00,13.50],
[173.00,5.00],
[116.00,11.00],
[163.00,7.00],
*****************************t=70*****************************
71 generation time: 77.92 s
[176.00,3.50],
[100.00,13.00],
[118.00,9.00],
[164.00,6.50],
[185.00,1.50],
[125.00,7.50],
[174.00,4.50],
[177.00,3.00],
[98.00,13.50],
[173.00,5.00],
[116.00,11.00],
[163.00,7.00],
*****************************t=71*****************************
72 generation time: 79.21 s
[176.00,3.50],
[100.00,13.00],
[118.00,9.00],
[164.00,6.50],
[185.00,1.50],
[125.00,7.50],
[174.00,4.50],
[177.00,3.00],
[98.00,13.50],
[173.00,5.00],
[116.00,11.00],
[163.00,7.00],
*****************************t=72*****************************
73 generation time: 80.58 s
[176.00,3.50],
[100.00,13.00],
[118.00,9.00],
[164.00,6.50],
[185.00,1.50],
[125.00,7.50],
[174.00,4.50],
[177.00,3.00],
[98.00,13.50],
[173.00,5.00],
[116.00,11.00],
[163.00,7.00],
*****************************t=73*****************************
74 generation time: 81.87 s
[176.00,3.50],
[100.00,13.00],
[118.00,9.00],
[164.00,6.50],
[185.00,1.50],
[125.00,7.50],
[174.00,4.50],
[177.00,3.00],
[98.00,13.50],
[173.00,5.00],
[116.00,11.00],
[163.00,7.00],
*****************************t=74*****************************
75 generation time: 83.33 s
[176.00,3.50],
[100.00,13.00],
[118.00,9.00],
[164.00,6.50],
[185.00,1.50],
[125.00,7.50],
[174.00,4.50],
[177.00,3.00],
[98.00,13.50],
[173.00,5.00],
[116.00,11.00],
[163.00,7.00],
*****************************t=75*****************************
76 generation time: 84.46 s
[176.00,3.50],
[100.00,13.00],
[118.00,9.00],
[164.00,6.50],
[185.00,1.50],
[125.00,7.50],
[174.00,4.50],
[177.00,3.00],
[98.00,13.50],
[173.00,5.00],
[116.00,11.00],
[163.00,7.00],
*****************************t=76*****************************
77 generation time: 85.77 s
[176.00,3.50],
[100.00,13.00],
[118.00,9.00],
[164.00,6.50],
[185.00,1.50],
[125.00,7.50],
[174.00,4.50],
[177.00,3.00],
[98.00,13.50],
[173.00,5.00],
[116.00,11.00],
[163.00,7.00],
*****************************t=77*****************************
78 generation time: 86.93 s
[176.00,3.50],
[100.00,13.00],
[118.00,9.00],
[164.00,6.50],
[185.00,1.50],
[125.00,7.50],
[174.00,4.50],
[177.00,3.00],
[98.00,13.50],
[173.00,5.00],
[116.00,11.00],
[163.00,7.00],
*****************************t=78*****************************
79 generation time: 87.88 s
[176.00,3.50],
[100.00,13.00],
[118.00,9.00],
[164.00,6.50],
[185.00,1.50],
[125.00,7.50],
[174.00,4.50],
[177.00,3.00],
[98.00,13.50],
[173.00,5.00],
[116.00,11.00],
[163.00,7.00],
*****************************t=79*****************************
80 generation time: 88.83 s
[176.00,3.50],
[100.00,13.00],
[118.00,9.00],
[164.00,6.50],
[185.00,1.50],
[125.00,7.50],
[174.00,4.50],
[177.00,3.00],
[98.00,13.50],
[173.00,5.00],
[116.00,11.00],
[163.00,7.00],
*****************************t=80*****************************
81 generation time: 89.81 s
[176.00,3.50],
[100.00,13.00],
[118.00,9.00],
[164.00,6.50],
[185.00,1.50],
[125.00,7.50],
[174.00,4.50],
[177.00,3.00],
[98.00,13.50],
[173.00,5.00],
[116.00,11.00],
[163.00,7.00],
*****************************t=81*****************************
82 generation time: 90.79 s
[176.00,3.50],
[100.00,13.00],
[118.00,9.00],
[164.00,6.50],
[185.00,1.50],
[125.00,7.50],
[174.00,4.50],
[177.00,3.00],
[98.00,13.50],
[173.00,5.00],
[116.00,11.00],
[163.00,7.00],
*****************************t=82*****************************
83 generation time: 91.86 s
[176.00,3.50],
[100.00,13.00],
[118.00,9.00],
[164.00,6.50],
[185.00,1.50],
[125.00,7.50],
[174.00,4.50],
[177.00,3.00],
[98.00,13.50],
[173.00,5.00],
[116.00,11.00],
[163.00,7.00],
*****************************t=83*****************************
84 generation time: 92.98 s
[176.00,3.50],
[100.00,13.00],
[118.00,9.00],
[164.00,6.50],
[185.00,1.50],
[125.00,7.50],
[174.00,4.50],
[177.00,3.00],
[98.00,13.50],
[173.00,5.00],
[116.00,11.00],
[163.00,7.00],
*****************************t=84*****************************
85 generation time: 94.03 s
[176.00,3.50],
[100.00,13.00],
[118.00,9.00],
[164.00,6.50],
[185.00,1.50],
[125.00,7.50],
[174.00,4.50],
[177.00,3.00],
[98.00,13.50],
[173.00,5.00],
[116.00,11.00],
[163.00,7.00],
*****************************t=85*****************************
86 generation time: 95.01 s
[176.00,3.50],
[100.00,13.00],
[118.00,9.00],
[164.00,6.50],
[185.00,1.50],
[125.00,7.50],
[174.00,4.50],
[177.00,3.00],
[98.00,13.50],
[173.00,5.00],
[116.00,11.00],
[163.00,7.00],
*****************************t=86*****************************
87 generation time: 96.07 s
[176.00,3.50],
[100.00,13.00],
[118.00,9.00],
[164.00,6.50],
[185.00,1.50],
[125.00,7.50],
[174.00,4.50],
[177.00,3.00],
[98.00,13.50],
[173.00,5.00],
[116.00,11.00],
[163.00,7.00],
*****************************t=87*****************************
88 generation time: 96.87 s
[176.00,3.50],
[100.00,13.00],
[118.00,9.00],
[164.00,6.50],
[185.00,1.50],
[125.00,7.50],
[174.00,4.50],
[177.00,3.00],
[98.00,13.50],
[173.00,5.00],
[116.00,11.00],
[163.00,7.00],
*****************************t=88*****************************
89 generation time: 97.70 s
[176.00,3.50],
[100.00,13.00],
[118.00,9.00],
[164.00,6.50],
[185.00,1.50],
[125.00,7.50],
[174.00,4.50],
[177.00,3.00],
[98.00,13.50],
[173.00,5.00],
[116.00,11.00],
[163.00,7.00],
*****************************t=89*****************************
90 generation time: 98.70 s
[176.00,3.50],
[100.00,13.00],
[118.00,9.00],
[164.00,6.50],
[185.00,1.50],
[125.00,7.50],
[174.00,4.50],
[177.00,3.00],
[98.00,13.50],
[173.00,5.00],
[116.00,11.00],
[163.00,7.00],
*****************************t=90*****************************
91 generation time: 99.74 s
[176.00,3.50],
[100.00,13.00],
[118.00,9.00],
[164.00,6.50],
[185.00,1.50],
[125.00,7.50],
[174.00,4.50],
[177.00,3.00],
[98.00,13.50],
[173.00,5.00],
[116.00,11.00],
[163.00,7.00],
*****************************t=91*****************************
time up
[176.00,3.50],
[100.00,13.00],
[118.00,9.00],
[164.00,6.50],
[185.00,1.50],
[125.00,7.50],
[174.00,4.50],
[177.00,3.00],
[98.00,13.50],
[173.00,5.00],
[116.00,11.00],
[163.00,7.00],
[176.00,3.50],
[100.00,13.00],
[118.00,9.00],
[164.00,6.50],
[185.00,1.50],
[125.00,7.50],
[174.00,4.50],
[177.00,3.00],
[98.00,13.50],
[173.00,5.00],
[116.00,11.00],
[163.00,7.00],
tot = 12
total time: 101.00 s
