m = 4 n = 10
pop = 30 gen = 100
init...begin
init...done
*****************************t=0*****************************
time to convergence: 0.07 s	
time to convergence: 0.07 s	
time to convergence: 0.07 s	
1 generation time: 0.11 s
[128.00,19.00],
[171.00,8.50],
[116.00,26.50],
[168.00,10.50],
*****************************t=1*****************************
time to convergence: 0.18 s	
time to convergence: 0.18 s	
2 generation time: 0.22 s
[128.00,19.00],
[171.00,8.50],
[116.00,26.50],
[168.00,10.50],
[142.00,13.00],
[145.00,11.00],
*****************************t=2*****************************
time to convergence: 0.28 s	
time to convergence: 0.28 s	
3 generation time: 0.32 s
[128.00,19.00],
[171.00,8.50],
[116.00,26.50],
[168.00,10.50],
[142.00,13.00],
[145.00,11.00],
[187.00,5.50],
[184.00,7.00],
*****************************t=3*****************************
time to convergence: 0.39 s	
4 generation time: 0.42 s
[128.00,19.00],
[171.00,8.50],
[116.00,26.50],
[168.00,10.50],
[142.00,13.00],
[145.00,11.00],
[177.00,5.50],
[222.00,3.50],
*****************************t=4*****************************
time to convergence: 0.49 s	
5 generation time: 0.53 s
[128.00,19.00],
[171.00,8.50],
[116.00,26.50],
[168.00,10.50],
[142.00,13.00],
[145.00,11.00],
[177.00,5.50],
[222.00,3.50],
[196.00,5.00],
*****************************t=5*****************************
6 generation time: 0.63 s
[128.00,19.00],
[171.00,8.50],
[116.00,26.50],
[165.00,10.50],
[142.00,13.00],
[145.00,11.00],
[177.00,5.50],
[192.00,1.50],
*****************************t=6*****************************
7 generation time: 0.74 s
[128.00,19.00],
[171.00,8.50],
[116.00,26.50],
[140.00,10.50],
[177.00,5.50],
[192.00,1.50],
*****************************t=7*****************************
8 generation time: 0.84 s
[128.00,19.00],
[171.00,8.50],
[116.00,26.50],
[140.00,10.50],
[177.00,5.50],
[192.00,1.50],
*****************************t=8*****************************
9 generation time: 0.95 s
[128.00,19.00],
[171.00,8.50],
[116.00,26.50],
[140.00,10.50],
[177.00,5.50],
[192.00,1.50],
*****************************t=9*****************************
10 generation time: 1.07 s
[128.00,19.00],
[171.00,8.50],
[116.00,26.50],
[140.00,10.50],
[177.00,5.50],
[192.00,1.50],
*****************************t=10*****************************
time to convergence: 1.14 s	
11 generation time: 1.18 s
[128.00,19.00],
[171.00,8.50],
[116.00,26.50],
[140.00,10.50],
[177.00,5.50],
[192.00,1.50],
[138.00,13.00],
*****************************t=11*****************************
12 generation time: 1.29 s
[128.00,19.00],
[171.00,8.50],
[116.00,26.50],
[140.00,10.50],
[177.00,5.50],
[192.00,1.50],
[138.00,13.00],
*****************************t=12*****************************
13 generation time: 1.38 s
[128.00,19.00],
[171.00,8.50],
[116.00,26.50],
[139.00,9.00],
[177.00,5.50],
[192.00,1.50],
[138.00,13.00],
*****************************t=13*****************************
14 generation time: 1.49 s
[128.00,19.00],
[171.00,8.50],
[116.00,26.50],
[139.00,9.00],
[177.00,5.50],
[189.00,1.50],
[138.00,13.00],
*****************************t=14*****************************
15 generation time: 1.60 s
[128.00,19.00],
[171.00,8.50],
[116.00,26.50],
[139.00,9.00],
[177.00,5.50],
[189.00,1.50],
[138.00,13.00],
*****************************t=15*****************************
16 generation time: 1.72 s
[128.00,19.00],
[171.00,8.50],
[116.00,26.50],
[139.00,9.00],
[177.00,5.50],
[189.00,1.50],
[138.00,13.00],
*****************************t=16*****************************
17 generation time: 1.83 s
[128.00,19.00],
[171.00,8.50],
[116.00,26.50],
[139.00,9.00],
[177.00,5.50],
[189.00,1.50],
[138.00,13.00],
*****************************t=17*****************************
18 generation time: 1.93 s
[128.00,19.00],
[171.00,8.50],
[116.00,26.50],
[139.00,9.00],
[177.00,5.50],
[189.00,1.50],
[138.00,13.00],
*****************************t=18*****************************
19 generation time: 2.05 s
[128.00,19.00],
[171.00,8.50],
[116.00,26.50],
[139.00,9.00],
[177.00,5.50],
[189.00,1.50],
[138.00,13.00],
*****************************t=19*****************************
20 generation time: 2.15 s
[128.00,19.00],
[171.00,8.50],
[116.00,26.50],
[139.00,9.00],
[177.00,5.50],
[189.00,1.50],
[138.00,13.00],
*****************************t=20*****************************
21 generation time: 2.25 s
[128.00,19.00],
[171.00,8.50],
[116.00,26.50],
[139.00,9.00],
[177.00,5.50],
[189.00,1.50],
[138.00,13.00],
*****************************t=21*****************************
time to convergence: 2.33 s	
22 generation time: 2.37 s
[128.00,19.00],
[171.00,8.50],
[116.00,26.50],
[139.00,9.00],
[177.00,5.50],
[189.00,1.50],
[138.00,13.00],
[188.00,3.50],
*****************************t=22*****************************
time to convergence: 2.44 s	
23 generation time: 2.48 s
[128.00,19.00],
[171.00,8.50],
[116.00,26.50],
[139.00,9.00],
[177.00,5.50],
[189.00,1.50],
[138.00,13.00],
[188.00,3.50],
[172.00,7.50],
*****************************t=23*****************************
24 generation time: 2.61 s
[128.00,19.00],
[171.00,8.50],
[116.00,26.50],
[139.00,9.00],
[177.00,5.50],
[189.00,1.50],
[138.00,13.00],
[188.00,3.50],
[172.00,7.50],
*****************************t=24*****************************
time to convergence: 2.67 s	
25 generation time: 2.72 s
[108.00,13.00],
[171.00,8.50],
[139.00,9.00],
[177.00,5.50],
[189.00,1.50],
[188.00,3.50],
[172.00,7.50],
[107.00,27.50],
*****************************t=25*****************************
26 generation time: 2.84 s
[108.00,13.00],
[171.00,8.50],
[139.00,9.00],
[177.00,5.50],
[189.00,1.50],
[188.00,3.50],
[172.00,7.50],
[107.00,27.50],
*****************************t=26*****************************
27 generation time: 2.96 s
[108.00,13.00],
[171.00,8.50],
[139.00,9.00],
[177.00,5.50],
[187.00,1.50],
[172.00,7.50],
[107.00,27.50],
*****************************t=27*****************************
time to convergence: 3.05 s	
28 generation time: 3.09 s
[108.00,13.00],
[171.00,8.50],
[139.00,9.00],
[177.00,5.50],
[187.00,1.50],
[172.00,7.50],
[107.00,27.50],
[133.00,11.00],
*****************************t=28*****************************
29 generation time: 3.20 s
[108.00,13.00],
[171.00,8.50],
[139.00,9.00],
[177.00,5.50],
[186.00,1.50],
[172.00,7.50],
[107.00,27.50],
[133.00,11.00],
*****************************t=29*****************************
30 generation time: 3.32 s
[108.00,13.00],
[171.00,8.50],
[139.00,9.00],
[177.00,5.50],
[186.00,1.50],
[172.00,7.50],
[107.00,27.50],
[133.00,11.00],
*****************************t=30*****************************
31 generation time: 3.43 s
[108.00,13.00],
[171.00,8.50],
[139.00,9.00],
[177.00,5.50],
[186.00,1.50],
[172.00,7.50],
[107.00,27.50],
[133.00,11.00],
*****************************t=31*****************************
32 generation time: 3.55 s
[108.00,13.00],
[171.00,8.50],
[139.00,9.00],
[177.00,5.50],
[186.00,1.50],
[172.00,7.50],
[107.00,27.50],
[133.00,11.00],
*****************************t=32*****************************
time to convergence: 3.63 s	
33 generation time: 3.68 s
[108.00,13.00],
[171.00,8.50],
[139.00,9.00],
[177.00,5.50],
[186.00,1.50],
[172.00,7.50],
[107.00,27.50],
[133.00,11.00],
[176.00,7.00],
*****************************t=33*****************************
34 generation time: 3.80 s
[108.00,13.00],
[171.00,8.50],
[139.00,9.00],
[175.00,5.00],
[186.00,1.50],
[172.00,7.50],
[107.00,27.50],
[133.00,11.00],
*****************************t=34*****************************
35 generation time: 3.93 s
[108.00,13.00],
[171.00,8.50],
[139.00,9.00],
[175.00,5.00],
[186.00,1.50],
[172.00,7.50],
[107.00,27.50],
[133.00,11.00],
*****************************t=35*****************************
36 generation time: 4.05 s
[108.00,13.00],
[171.00,8.50],
[139.00,9.00],
[175.00,5.00],
[186.00,1.50],
[172.00,7.50],
[107.00,27.50],
[133.00,11.00],
*****************************t=36*****************************
37 generation time: 4.17 s
[108.00,13.00],
[171.00,8.50],
[139.00,9.00],
[175.00,5.00],
[186.00,1.50],
[172.00,7.50],
[107.00,27.50],
[133.00,11.00],
*****************************t=37*****************************
38 generation time: 4.29 s
[108.00,13.00],
[171.00,8.50],
[139.00,9.00],
[175.00,5.00],
[186.00,1.50],
[172.00,7.50],
[107.00,27.50],
[133.00,11.00],
*****************************t=38*****************************
39 generation time: 4.40 s
[108.00,13.00],
[171.00,8.50],
[139.00,9.00],
[175.00,5.00],
[186.00,1.50],
[172.00,7.50],
[107.00,27.50],
[133.00,11.00],
*****************************t=39*****************************
40 generation time: 4.52 s
[108.00,13.00],
[171.00,8.50],
[139.00,9.00],
[175.00,5.00],
[186.00,1.50],
[172.00,7.50],
[107.00,27.50],
[133.00,11.00],
*****************************t=40*****************************
41 generation time: 4.63 s
[108.00,13.00],
[156.00,7.50],
[139.00,9.00],
[175.00,5.00],
[186.00,1.50],
[107.00,27.50],
[133.00,11.00],
*****************************t=41*****************************
42 generation time: 4.74 s
[108.00,13.00],
[156.00,7.50],
[139.00,9.00],
[175.00,5.00],
[186.00,1.50],
[107.00,27.50],
[133.00,11.00],
*****************************t=42*****************************
43 generation time: 4.85 s
[108.00,13.00],
[156.00,7.50],
[139.00,9.00],
[175.00,5.00],
[186.00,1.50],
[107.00,27.50],
[133.00,11.00],
*****************************t=43*****************************
44 generation time: 4.97 s
[108.00,13.00],
[156.00,7.50],
[139.00,9.00],
[175.00,5.00],
[186.00,1.50],
[107.00,27.50],
[133.00,11.00],
*****************************t=44*****************************
45 generation time: 5.09 s
[108.00,13.00],
[156.00,7.50],
[139.00,9.00],
[175.00,5.00],
[186.00,1.50],
[107.00,27.50],
[133.00,11.00],
*****************************t=45*****************************
46 generation time: 5.20 s
[108.00,13.00],
[156.00,7.50],
[139.00,9.00],
[175.00,5.00],
[186.00,1.50],
[107.00,27.50],
[133.00,11.00],
*****************************t=46*****************************
47 generation time: 5.32 s
[108.00,13.00],
[156.00,7.50],
[139.00,9.00],
[175.00,5.00],
[186.00,1.50],
[107.00,27.50],
[133.00,11.00],
*****************************t=47*****************************
48 generation time: 5.43 s
[108.00,13.00],
[156.00,7.50],
[139.00,9.00],
[175.00,5.00],
[186.00,1.50],
[107.00,27.50],
[133.00,11.00],
*****************************t=48*****************************
49 generation time: 5.55 s
[108.00,13.00],
[156.00,7.50],
[139.00,9.00],
[175.00,5.00],
[186.00,1.50],
[107.00,27.50],
[133.00,11.00],
*****************************t=49*****************************
50 generation time: 5.66 s
[108.00,13.00],
[156.00,7.50],
[139.00,9.00],
[175.00,5.00],
[186.00,1.50],
[107.00,27.50],
[133.00,11.00],
*****************************t=50*****************************
51 generation time: 5.78 s
[108.00,13.00],
[156.00,7.50],
[139.00,9.00],
[175.00,5.00],
[186.00,1.50],
[107.00,27.50],
[133.00,11.00],
*****************************t=51*****************************
52 generation time: 5.89 s
[108.00,13.00],
[156.00,7.50],
[139.00,9.00],
[175.00,5.00],
[186.00,1.50],
[107.00,27.50],
[133.00,11.00],
*****************************t=52*****************************
53 generation time: 6.00 s
[108.00,13.00],
[156.00,7.50],
[139.00,9.00],
[175.00,5.00],
[186.00,1.50],
[107.00,27.50],
[133.00,11.00],
*****************************t=53*****************************
54 generation time: 6.11 s
[108.00,13.00],
[156.00,7.50],
[139.00,9.00],
[175.00,5.00],
[186.00,1.50],
[107.00,27.50],
[133.00,11.00],
*****************************t=54*****************************
55 generation time: 6.23 s
[108.00,13.00],
[156.00,7.50],
[139.00,9.00],
[175.00,5.00],
[186.00,1.50],
[107.00,27.50],
[133.00,11.00],
*****************************t=55*****************************
time to convergence: 6.30 s	
56 generation time: 6.34 s
[108.00,13.00],
[156.00,7.50],
[139.00,9.00],
[175.00,5.00],
[186.00,1.50],
[107.00,27.50],
[133.00,11.00],
[166.00,7.00],
*****************************t=56*****************************
57 generation time: 6.45 s
[108.00,13.00],
[156.00,7.50],
[139.00,9.00],
[175.00,5.00],
[186.00,1.50],
[107.00,27.50],
[133.00,11.00],
[166.00,7.00],
*****************************t=57*****************************
time to convergence: 6.52 s	
58 generation time: 6.56 s
[108.00,13.00],
[156.00,7.50],
[139.00,9.00],
[175.00,5.00],
[186.00,1.50],
[107.00,27.50],
[133.00,11.00],
[166.00,7.00],
[180.00,3.50],
*****************************t=58*****************************
59 generation time: 6.67 s
[108.00,13.00],
[156.00,7.50],
[139.00,9.00],
[175.00,5.00],
[186.00,1.50],
[107.00,27.50],
[133.00,11.00],
[166.00,7.00],
[180.00,3.50],
*****************************t=59*****************************
60 generation time: 6.78 s
[108.00,13.00],
[156.00,7.50],
[139.00,9.00],
[175.00,5.00],
[186.00,1.50],
[107.00,27.50],
[133.00,11.00],
[166.00,7.00],
[180.00,3.50],
*****************************t=60*****************************
61 generation time: 6.89 s
[108.00,13.00],
[156.00,7.50],
[139.00,9.00],
[175.00,5.00],
[186.00,1.50],
[107.00,27.50],
[133.00,11.00],
[166.00,7.00],
[180.00,3.50],
*****************************t=61*****************************
62 generation time: 7.02 s
[108.00,13.00],
[156.00,7.50],
[139.00,9.00],
[175.00,5.00],
[186.00,1.50],
[107.00,27.50],
[133.00,11.00],
[166.00,7.00],
[180.00,3.50],
*****************************t=62*****************************
63 generation time: 7.14 s
[108.00,13.00],
[156.00,7.50],
[139.00,9.00],
[175.00,5.00],
[186.00,1.50],
[107.00,27.50],
[133.00,11.00],
[166.00,7.00],
[180.00,3.50],
*****************************t=63*****************************
64 generation time: 7.25 s
[108.00,13.00],
[156.00,7.50],
[139.00,9.00],
[175.00,5.00],
[186.00,1.50],
[107.00,27.50],
[133.00,11.00],
[166.00,7.00],
[180.00,3.50],
*****************************t=64*****************************
65 generation time: 7.36 s
[108.00,13.00],
[156.00,7.50],
[139.00,9.00],
[175.00,5.00],
[186.00,1.50],
[107.00,27.50],
[133.00,11.00],
[166.00,7.00],
[180.00,3.50],
*****************************t=65*****************************
66 generation time: 7.47 s
[108.00,13.00],
[156.00,7.50],
[139.00,9.00],
[175.00,5.00],
[186.00,1.50],
[107.00,27.50],
[133.00,11.00],
[166.00,7.00],
[180.00,3.50],
*****************************t=66*****************************
67 generation time: 7.58 s
[108.00,13.00],
[156.00,7.50],
[139.00,9.00],
[175.00,5.00],
[186.00,1.50],
[107.00,27.50],
[133.00,11.00],
[166.00,7.00],
[180.00,3.50],
*****************************t=67*****************************
68 generation time: 7.69 s
[108.00,13.00],
[156.00,7.50],
[139.00,9.00],
[175.00,5.00],
[186.00,1.50],
[107.00,27.50],
[133.00,11.00],
[166.00,7.00],
[180.00,3.50],
*****************************t=68*****************************
69 generation time: 7.79 s
[108.00,13.00],
[156.00,7.50],
[139.00,9.00],
[175.00,5.00],
[186.00,1.50],
[107.00,27.50],
[133.00,11.00],
[166.00,7.00],
[180.00,3.50],
*****************************t=69*****************************
70 generation time: 7.91 s
[108.00,13.00],
[156.00,7.50],
[139.00,9.00],
[175.00,5.00],
[186.00,1.50],
[107.00,27.50],
[133.00,11.00],
[166.00,7.00],
[180.00,3.50],
*****************************t=70*****************************
71 generation time: 8.03 s
[108.00,13.00],
[156.00,7.50],
[139.00,9.00],
[175.00,5.00],
[186.00,1.50],
[107.00,27.50],
[133.00,11.00],
[166.00,7.00],
[180.00,3.50],
*****************************t=71*****************************
72 generation time: 8.15 s
[108.00,13.00],
[156.00,7.50],
[139.00,9.00],
[175.00,5.00],
[186.00,1.50],
[107.00,27.50],
[133.00,11.00],
[166.00,7.00],
[180.00,3.50],
*****************************t=72*****************************
73 generation time: 8.26 s
[108.00,13.00],
[156.00,7.50],
[139.00,9.00],
[175.00,5.00],
[186.00,1.50],
[107.00,27.50],
[133.00,11.00],
[166.00,7.00],
[180.00,3.50],
*****************************t=73*****************************
74 generation time: 8.38 s
[108.00,13.00],
[156.00,7.50],
[139.00,9.00],
[175.00,5.00],
[186.00,1.50],
[107.00,27.50],
[133.00,11.00],
[166.00,7.00],
[180.00,3.50],
*****************************t=74*****************************
75 generation time: 8.49 s
[108.00,13.00],
[156.00,7.50],
[139.00,9.00],
[175.00,5.00],
[186.00,1.50],
[107.00,27.50],
[133.00,11.00],
[166.00,7.00],
[180.00,3.50],
*****************************t=75*****************************
76 generation time: 8.60 s
[108.00,13.00],
[156.00,7.50],
[139.00,9.00],
[175.00,5.00],
[186.00,1.50],
[107.00,27.50],
[133.00,11.00],
[166.00,7.00],
[180.00,3.50],
*****************************t=76*****************************
77 generation time: 8.71 s
[108.00,13.00],
[156.00,7.50],
[139.00,9.00],
[175.00,5.00],
[186.00,1.50],
[107.00,27.50],
[133.00,11.00],
[166.00,7.00],
[180.00,3.50],
*****************************t=77*****************************
78 generation time: 8.83 s
[108.00,13.00],
[156.00,7.50],
[139.00,9.00],
[175.00,5.00],
[186.00,1.50],
[107.00,27.50],
[133.00,11.00],
[166.00,7.00],
[180.00,3.50],
*****************************t=78*****************************
79 generation time: 8.94 s
[108.00,13.00],
[156.00,7.50],
[139.00,9.00],
[175.00,5.00],
[186.00,1.50],
[107.00,27.50],
[133.00,11.00],
[166.00,7.00],
[180.00,3.50],
*****************************t=79*****************************
80 generation time: 9.05 s
[108.00,13.00],
[150.00,7.50],
[139.00,9.00],
[175.00,5.00],
[186.00,1.50],
[107.00,27.50],
[133.00,11.00],
[166.00,7.00],
[180.00,3.50],
*****************************t=80*****************************
81 generation time: 9.17 s
[108.00,13.00],
[150.00,7.50],
[139.00,9.00],
[175.00,5.00],
[186.00,1.50],
[107.00,27.50],
[133.00,11.00],
[166.00,7.00],
[180.00,3.50],
*****************************t=81*****************************
82 generation time: 9.27 s
[108.00,13.00],
[150.00,7.50],
[139.00,9.00],
[175.00,5.00],
[186.00,1.50],
[107.00,27.50],
[133.00,11.00],
[166.00,7.00],
[180.00,3.50],
*****************************t=82*****************************
83 generation time: 9.39 s
[108.00,13.00],
[150.00,7.50],
[139.00,9.00],
[175.00,5.00],
[186.00,1.50],
[107.00,27.50],
[133.00,11.00],
[166.00,7.00],
[180.00,3.50],
*****************************t=83*****************************
84 generation time: 9.49 s
[108.00,13.00],
[150.00,7.50],
[139.00,9.00],
[175.00,5.00],
[186.00,1.50],
[107.00,27.50],
[133.00,11.00],
[166.00,7.00],
[180.00,3.50],
*****************************t=84*****************************
85 generation time: 9.61 s
[108.00,13.00],
[150.00,7.50],
[139.00,9.00],
[175.00,5.00],
[186.00,1.50],
[107.00,27.50],
[133.00,11.00],
[166.00,7.00],
[180.00,3.50],
*****************************t=85*****************************
86 generation time: 9.71 s
[108.00,13.00],
[150.00,7.50],
[139.00,9.00],
[175.00,5.00],
[186.00,1.50],
[107.00,27.50],
[133.00,11.00],
[166.00,7.00],
[180.00,3.50],
*****************************t=86*****************************
87 generation time: 9.83 s
[108.00,13.00],
[150.00,7.50],
[139.00,9.00],
[175.00,5.00],
[186.00,1.50],
[107.00,27.50],
[133.00,11.00],
[166.00,7.00],
[180.00,3.50],
*****************************t=87*****************************
88 generation time: 9.94 s
[108.00,13.00],
[150.00,7.50],
[139.00,9.00],
[175.00,5.00],
[186.00,1.50],
[107.00,27.50],
[133.00,11.00],
[166.00,7.00],
[180.00,3.50],
*****************************t=88*****************************
89 generation time: 10.05 s
[108.00,13.00],
[150.00,7.50],
[139.00,9.00],
[175.00,5.00],
[186.00,1.50],
[107.00,27.50],
[133.00,11.00],
[166.00,7.00],
[180.00,3.50],
*****************************t=89*****************************
90 generation time: 10.16 s
[108.00,13.00],
[150.00,7.50],
[139.00,9.00],
[175.00,5.00],
[186.00,1.50],
[107.00,27.50],
[133.00,11.00],
[166.00,7.00],
[180.00,3.50],
*****************************t=90*****************************
91 generation time: 10.27 s
[108.00,13.00],
[150.00,7.50],
[139.00,9.00],
[175.00,5.00],
[186.00,1.50],
[107.00,27.50],
[133.00,11.00],
[166.00,7.00],
[180.00,3.50],
*****************************t=91*****************************
92 generation time: 10.39 s
[108.00,13.00],
[150.00,7.50],
[139.00,9.00],
[175.00,5.00],
[186.00,1.50],
[107.00,27.50],
[133.00,11.00],
[166.00,7.00],
[180.00,3.50],
*****************************t=92*****************************
time to convergence: 10.46 s	
93 generation time: 10.50 s
[108.00,13.00],
[150.00,7.50],
[139.00,9.00],
[175.00,5.00],
[186.00,1.50],
[107.00,27.50],
[133.00,11.00],
[166.00,7.00],
[180.00,3.50],
[126.00,11.50],
*****************************t=93*****************************
94 generation time: 10.61 s
[108.00,13.00],
[150.00,7.50],
[139.00,9.00],
[175.00,5.00],
[186.00,1.50],
[107.00,27.50],
[133.00,11.00],
[166.00,7.00],
[180.00,3.50],
[126.00,11.50],
*****************************t=94*****************************
95 generation time: 10.72 s
[108.00,13.00],
[150.00,7.50],
[139.00,9.00],
[175.00,5.00],
[186.00,1.50],
[107.00,27.50],
[133.00,11.00],
[166.00,7.00],
[180.00,3.50],
[126.00,11.50],
*****************************t=95*****************************
96 generation time: 10.83 s
[108.00,13.00],
[150.00,7.50],
[139.00,9.00],
[175.00,5.00],
[186.00,1.50],
[107.00,27.50],
[133.00,11.00],
[166.00,7.00],
[180.00,3.50],
[126.00,11.50],
*****************************t=96*****************************
97 generation time: 10.94 s
[108.00,13.00],
[150.00,7.50],
[139.00,9.00],
[175.00,5.00],
[186.00,1.50],
[107.00,27.50],
[133.00,11.00],
[166.00,7.00],
[180.00,3.50],
[126.00,11.50],
*****************************t=97*****************************
98 generation time: 11.05 s
[108.00,13.00],
[150.00,7.50],
[139.00,9.00],
[175.00,5.00],
[186.00,1.50],
[107.00,27.50],
[133.00,11.00],
[166.00,7.00],
[180.00,3.50],
[126.00,11.50],
*****************************t=98*****************************
99 generation time: 11.16 s
[108.00,13.00],
[150.00,7.50],
[139.00,9.00],
[175.00,5.00],
[186.00,1.50],
[107.00,27.50],
[133.00,11.00],
[166.00,7.00],
[180.00,3.50],
[126.00,11.50],
*****************************t=99*****************************
100 generation time: 11.27 s
[108.00,13.00],
[150.00,7.50],
[139.00,9.00],
[175.00,5.00],
[186.00,1.50],
[107.00,27.50],
[133.00,11.00],
[166.00,7.00],
[180.00,3.50],
[126.00,11.50],
[108.00,13.00],
[150.00,7.50],
[139.00,9.00],
[175.00,5.00],
[186.00,1.50],
[107.00,27.50],
[133.00,11.00],
[166.00,7.00],
[180.00,3.50],
[126.00,11.50],
tot = 10
total time: 11.35 s
