m = 4 n = 10
pop = 30 gen = 100
init...begin
init...done
*****************************t=0*****************************
time to convergence: 0.05 s	
time to convergence: 0.05 s	
time to convergence: 0.06 s	
1 generation time: 0.08 s
[136.00,11.50],
[116.00,26.50],
[194.00,8.50],
*****************************t=1*****************************
time to convergence: 0.14 s	
2 generation time: 0.17 s
[136.00,11.50],
[116.00,26.50],
[194.00,8.50],
[171.00,9.00],
*****************************t=2*****************************
3 generation time: 0.25 s
[136.00,11.50],
[116.00,26.50],
[194.00,8.50],
[171.00,9.00],
*****************************t=3*****************************
4 generation time: 0.33 s
[136.00,11.50],
[115.00,20.50],
[194.00,8.50],
[171.00,9.00],
*****************************t=4*****************************
5 generation time: 0.42 s
[136.00,11.50],
[115.00,20.50],
[188.00,7.50],
[171.00,9.00],
*****************************t=5*****************************
time to convergence: 0.48 s	
6 generation time: 0.51 s
[136.00,11.50],
[100.00,13.00],
[177.00,7.50],
[168.00,9.00],
[196.00,5.00],
*****************************t=6*****************************
time to convergence: 0.56 s	
7 generation time: 0.59 s
[125.00,11.00],
[100.00,13.00],
[177.00,7.50],
[168.00,9.00],
[196.00,5.00],
[132.00,9.50],
*****************************t=7*****************************
8 generation time: 0.67 s
[125.00,11.00],
[100.00,13.00],
[177.00,7.50],
[168.00,9.00],
[196.00,5.00],
[132.00,9.50],
*****************************t=8*****************************
9 generation time: 0.76 s
[125.00,11.00],
[100.00,13.00],
[177.00,7.50],
[168.00,9.00],
[190.00,3.50],
[132.00,9.50],
*****************************t=9*****************************
10 generation time: 0.85 s
[125.00,11.00],
[100.00,13.00],
[177.00,7.50],
[168.00,9.00],
[190.00,3.50],
[132.00,9.50],
*****************************t=10*****************************
11 generation time: 0.93 s
[125.00,11.00],
[100.00,13.00],
[177.00,7.50],
[168.00,9.00],
[190.00,3.50],
[132.00,9.50],
*****************************t=11*****************************
12 generation time: 1.01 s
[125.00,11.00],
[100.00,13.00],
[177.00,7.50],
[168.00,9.00],
[190.00,3.50],
[132.00,9.50],
*****************************t=12*****************************
13 generation time: 1.09 s
[125.00,11.00],
[100.00,13.00],
[177.00,7.50],
[168.00,9.00],
[190.00,3.50],
[132.00,9.50],
*****************************t=13*****************************
14 generation time: 1.17 s
[125.00,11.00],
[100.00,13.00],
[177.00,7.50],
[168.00,9.00],
[190.00,3.50],
[132.00,9.50],
*****************************t=14*****************************
15 generation time: 1.25 s
[125.00,11.00],
[100.00,13.00],
[177.00,7.50],
[168.00,9.00],
[190.00,3.50],
[132.00,9.50],
*****************************t=15*****************************
16 generation time: 1.34 s
[125.00,11.00],
[100.00,13.00],
[177.00,7.50],
[168.00,9.00],
[190.00,3.50],
[132.00,9.50],
*****************************t=16*****************************
17 generation time: 1.43 s
[125.00,11.00],
[100.00,13.00],
[177.00,7.50],
[168.00,9.00],
[190.00,3.50],
[132.00,9.50],
*****************************t=17*****************************
18 generation time: 1.53 s
[125.00,11.00],
[100.00,13.00],
[177.00,7.50],
[166.00,9.00],
[190.00,3.50],
[132.00,9.50],
*****************************t=18*****************************
19 generation time: 1.62 s
[125.00,11.00],
[100.00,13.00],
[177.00,7.50],
[159.00,9.00],
[190.00,3.50],
[132.00,9.50],
*****************************t=19*****************************
20 generation time: 1.72 s
[125.00,11.00],
[100.00,13.00],
[177.00,7.50],
[159.00,9.00],
[190.00,3.50],
[132.00,9.50],
*****************************t=20*****************************
time to convergence: 1.78 s	
21 generation time: 1.81 s
[125.00,11.00],
[100.00,13.00],
[127.00,7.50],
[190.00,3.50],
[180.00,5.00],
*****************************t=21*****************************
22 generation time: 1.90 s
[125.00,11.00],
[100.00,13.00],
[127.00,7.50],
[190.00,3.50],
[180.00,5.00],
*****************************t=22*****************************
time to convergence: 1.97 s	
23 generation time: 2.00 s
[125.00,11.00],
[100.00,13.00],
[127.00,7.50],
[190.00,3.50],
[180.00,5.00],
[191.00,3.00],
*****************************t=23*****************************
24 generation time: 2.09 s
[125.00,11.00],
[100.00,13.00],
[127.00,7.50],
[190.00,3.50],
[180.00,5.00],
[191.00,3.00],
*****************************t=24*****************************
25 generation time: 2.18 s
[125.00,11.00],
[100.00,13.00],
[127.00,7.50],
[189.00,3.00],
[180.00,5.00],
*****************************t=25*****************************
time to convergence: 2.23 s	
26 generation time: 2.26 s
[125.00,11.00],
[100.00,13.00],
[127.00,7.50],
[189.00,3.00],
[180.00,5.00],
[98.00,13.50],
*****************************t=26*****************************
27 generation time: 2.34 s
[125.00,11.00],
[100.00,13.00],
[127.00,7.50],
[189.00,3.00],
[180.00,5.00],
[98.00,13.50],
*****************************t=27*****************************
28 generation time: 2.43 s
[125.00,11.00],
[100.00,13.00],
[127.00,7.50],
[189.00,3.00],
[180.00,5.00],
[98.00,13.50],
*****************************t=28*****************************
29 generation time: 2.51 s
[125.00,11.00],
[100.00,13.00],
[127.00,7.50],
[189.00,3.00],
[180.00,5.00],
[98.00,13.50],
*****************************t=29*****************************
30 generation time: 2.62 s
[125.00,11.00],
[100.00,13.00],
[127.00,7.50],
[189.00,3.00],
[180.00,5.00],
[98.00,13.50],
*****************************t=30*****************************
31 generation time: 2.71 s
[125.00,11.00],
[100.00,13.00],
[127.00,7.50],
[189.00,3.00],
[180.00,5.00],
[98.00,13.50],
*****************************t=31*****************************
32 generation time: 2.81 s
[125.00,11.00],
[100.00,13.00],
[127.00,7.50],
[189.00,3.00],
[180.00,5.00],
[98.00,13.50],
*****************************t=32*****************************
33 generation time: 2.90 s
[125.00,11.00],
[100.00,13.00],
[127.00,7.50],
[189.00,3.00],
[180.00,5.00],
[98.00,13.50],
*****************************t=33*****************************
time to convergence: 2.96 s	
34 generation time: 3.00 s
[125.00,11.00],
[100.00,13.00],
[127.00,7.50],
[189.00,3.00],
[180.00,5.00],
[98.00,13.50],
[202.00,1.50],
*****************************t=34*****************************
35 generation time: 3.09 s
[125.00,11.00],
[100.00,13.00],
[127.00,7.50],
[189.00,3.00],
[180.00,5.00],
[98.00,13.50],
[202.00,1.50],
*****************************t=35*****************************
36 generation time: 3.18 s
[125.00,11.00],
[100.00,13.00],
[127.00,7.50],
[189.00,3.00],
[180.00,5.00],
[98.00,13.50],
[202.00,1.50],
*****************************t=36*****************************
37 generation time: 3.28 s
[125.00,11.00],
[100.00,13.00],
[127.00,7.50],
[189.00,1.50],
[180.00,5.00],
[98.00,13.50],
*****************************t=37*****************************
38 generation time: 3.37 s
[125.00,11.00],
[100.00,13.00],
[127.00,7.50],
[189.00,1.50],
[180.00,5.00],
[98.00,13.50],
*****************************t=38*****************************
39 generation time: 3.46 s
[125.00,11.00],
[100.00,13.00],
[127.00,7.50],
[189.00,1.50],
[180.00,5.00],
[98.00,13.50],
*****************************t=39*****************************
40 generation time: 3.56 s
[125.00,11.00],
[100.00,13.00],
[127.00,7.50],
[189.00,1.50],
[180.00,5.00],
[98.00,13.50],
*****************************t=40*****************************
time to convergence: 3.61 s	
41 generation time: 3.64 s
[123.00,11.00],
[100.00,13.00],
[127.00,7.50],
[189.00,1.50],
[180.00,5.00],
[98.00,13.50],
[174.00,5.50],
*****************************t=41*****************************
42 generation time: 3.71 s
[123.00,11.00],
[100.00,13.00],
[127.00,7.50],
[189.00,1.50],
[180.00,5.00],
[98.00,13.50],
[174.00,5.50],
*****************************t=42*****************************
43 generation time: 3.81 s
[123.00,11.00],
[100.00,13.00],
[127.00,7.50],
[189.00,1.50],
[180.00,5.00],
[98.00,13.50],
[174.00,5.50],
*****************************t=43*****************************
44 generation time: 3.91 s
[123.00,11.00],
[100.00,13.00],
[127.00,7.50],
[189.00,1.50],
[180.00,5.00],
[98.00,13.50],
[174.00,5.50],
*****************************t=44*****************************
45 generation time: 4.00 s
[123.00,11.00],
[100.00,13.00],
[127.00,7.50],
[189.00,1.50],
[180.00,5.00],
[98.00,13.50],
[174.00,5.50],
*****************************t=45*****************************
46 generation time: 4.10 s
[123.00,11.00],
[100.00,13.00],
[127.00,7.50],
[189.00,1.50],
[180.00,5.00],
[98.00,13.50],
[174.00,5.50],
*****************************t=46*****************************
47 generation time: 4.20 s
[123.00,11.00],
[100.00,13.00],
[127.00,7.50],
[189.00,1.50],
[180.00,5.00],
[98.00,13.50],
[174.00,5.50],
*****************************t=47*****************************
48 generation time: 4.29 s
[123.00,11.00],
[100.00,13.00],
[127.00,7.50],
[189.00,1.50],
[180.00,5.00],
[98.00,13.50],
[174.00,5.50],
*****************************t=48*****************************
49 generation time: 4.39 s
[123.00,11.00],
[100.00,13.00],
[127.00,7.50],
[189.00,1.50],
[180.00,5.00],
[98.00,13.50],
[174.00,5.50],
*****************************t=49*****************************
50 generation time: 4.49 s
[123.00,11.00],
[100.00,13.00],
[127.00,7.50],
[189.00,1.50],
[180.00,5.00],
[98.00,13.50],
[174.00,5.50],
*****************************t=50*****************************
51 generation time: 4.58 s
[123.00,11.00],
[100.00,13.00],
[127.00,7.50],
[189.00,1.50],
[180.00,5.00],
[98.00,13.50],
[174.00,5.50],
*****************************t=51*****************************
52 generation time: 4.67 s
[123.00,11.00],
[100.00,13.00],
[127.00,7.50],
[189.00,1.50],
[180.00,5.00],
[98.00,13.50],
[174.00,5.50],
*****************************t=52*****************************
53 generation time: 4.77 s
[123.00,11.00],
[100.00,13.00],
[127.00,7.50],
[189.00,1.50],
[180.00,5.00],
[98.00,13.50],
[174.00,5.50],
*****************************t=53*****************************
54 generation time: 4.87 s
[123.00,11.00],
[100.00,13.00],
[127.00,7.50],
[189.00,1.50],
[180.00,5.00],
[98.00,13.50],
[174.00,5.50],
*****************************t=54*****************************
55 generation time: 4.96 s
[123.00,11.00],
[100.00,13.00],
[127.00,7.50],
[189.00,1.50],
[180.00,5.00],
[98.00,13.50],
[174.00,5.50],
*****************************t=55*****************************
56 generation time: 5.05 s
[123.00,11.00],
[100.00,13.00],
[127.00,7.50],
[189.00,1.50],
[180.00,5.00],
[98.00,13.50],
[174.00,5.50],
*****************************t=56*****************************
57 generation time: 5.13 s
[123.00,11.00],
[100.00,13.00],
[127.00,7.50],
[189.00,1.50],
[180.00,5.00],
[98.00,13.50],
[174.00,5.50],
*****************************t=57*****************************
58 generation time: 5.24 s
[123.00,11.00],
[100.00,13.00],
[127.00,7.50],
[189.00,1.50],
[180.00,5.00],
[98.00,13.50],
[174.00,5.50],
*****************************t=58*****************************
59 generation time: 5.33 s
[123.00,11.00],
[100.00,13.00],
[127.00,7.50],
[189.00,1.50],
[180.00,5.00],
[98.00,13.50],
[174.00,5.50],
*****************************t=59*****************************
60 generation time: 5.43 s
[123.00,11.00],
[100.00,13.00],
[127.00,7.50],
[189.00,1.50],
[180.00,5.00],
[98.00,13.50],
[174.00,5.50],
*****************************t=60*****************************
61 generation time: 5.50 s
[123.00,11.00],
[100.00,13.00],
[127.00,7.50],
[189.00,1.50],
[180.00,5.00],
[98.00,13.50],
[174.00,5.50],
*****************************t=61*****************************
62 generation time: 5.60 s
[123.00,11.00],
[100.00,13.00],
[127.00,7.50],
[189.00,1.50],
[180.00,5.00],
[98.00,13.50],
[174.00,5.50],
*****************************t=62*****************************
63 generation time: 5.69 s
[123.00,11.00],
[100.00,13.00],
[127.00,7.50],
[189.00,1.50],
[180.00,5.00],
[98.00,13.50],
[174.00,5.50],
*****************************t=63*****************************
64 generation time: 5.79 s
[123.00,11.00],
[100.00,13.00],
[127.00,7.50],
[189.00,1.50],
[180.00,5.00],
[98.00,13.50],
[174.00,5.50],
*****************************t=64*****************************
65 generation time: 5.88 s
[123.00,11.00],
[100.00,13.00],
[127.00,7.50],
[189.00,1.50],
[180.00,5.00],
[98.00,13.50],
[174.00,5.50],
*****************************t=65*****************************
66 generation time: 5.97 s
[123.00,11.00],
[100.00,13.00],
[127.00,7.50],
[189.00,1.50],
[180.00,5.00],
[98.00,13.50],
[174.00,5.50],
*****************************t=66*****************************
67 generation time: 6.07 s
[123.00,11.00],
[100.00,13.00],
[127.00,7.50],
[189.00,1.50],
[180.00,5.00],
[98.00,13.50],
[174.00,5.50],
*****************************t=67*****************************
68 generation time: 6.16 s
[123.00,11.00],
[100.00,13.00],
[127.00,7.50],
[189.00,1.50],
[180.00,5.00],
[98.00,13.50],
[174.00,5.50],
*****************************t=68*****************************
69 generation time: 6.25 s
[123.00,11.00],
[100.00,13.00],
[127.00,7.50],
[189.00,1.50],
[180.00,5.00],
[98.00,13.50],
[174.00,5.50],
*****************************t=69*****************************
70 generation time: 6.35 s
[123.00,11.00],
[100.00,13.00],
[127.00,7.50],
[189.00,1.50],
[180.00,5.00],
[98.00,13.50],
[174.00,5.50],
*****************************t=70*****************************
71 generation time: 6.43 s
[123.00,11.00],
[100.00,13.00],
[127.00,7.50],
[189.00,1.50],
[180.00,5.00],
[98.00,13.50],
[174.00,5.50],
*****************************t=71*****************************
72 generation time: 6.52 s
[123.00,11.00],
[100.00,13.00],
[127.00,7.50],
[189.00,1.50],
[180.00,5.00],
[98.00,13.50],
[174.00,5.50],
*****************************t=72*****************************
73 generation time: 6.62 s
[123.00,11.00],
[100.00,13.00],
[127.00,7.50],
[189.00,1.50],
[180.00,5.00],
[98.00,13.50],
[174.00,5.50],
*****************************t=73*****************************
74 generation time: 6.71 s
[123.00,11.00],
[100.00,13.00],
[127.00,7.50],
[189.00,1.50],
[180.00,5.00],
[98.00,13.50],
[174.00,5.50],
*****************************t=74*****************************
75 generation time: 6.80 s
[123.00,11.00],
[100.00,13.00],
[127.00,7.50],
[189.00,1.50],
[180.00,5.00],
[98.00,13.50],
[174.00,5.50],
*****************************t=75*****************************
76 generation time: 6.90 s
[123.00,11.00],
[100.00,13.00],
[127.00,7.50],
[189.00,1.50],
[180.00,5.00],
[98.00,13.50],
[174.00,5.50],
*****************************t=76*****************************
77 generation time: 6.99 s
[123.00,11.00],
[100.00,13.00],
[127.00,7.50],
[189.00,1.50],
[180.00,5.00],
[98.00,13.50],
[174.00,5.50],
*****************************t=77*****************************
78 generation time: 7.08 s
[123.00,11.00],
[100.00,13.00],
[127.00,7.50],
[189.00,1.50],
[180.00,5.00],
[98.00,13.50],
[174.00,5.50],
*****************************t=78*****************************
79 generation time: 7.18 s
[123.00,11.00],
[100.00,13.00],
[127.00,7.50],
[189.00,1.50],
[180.00,5.00],
[98.00,13.50],
[174.00,5.50],
*****************************t=79*****************************
80 generation time: 7.27 s
[123.00,11.00],
[100.00,13.00],
[127.00,7.50],
[189.00,1.50],
[180.00,5.00],
[98.00,13.50],
[174.00,5.50],
*****************************t=80*****************************
81 generation time: 7.35 s
[123.00,11.00],
[100.00,13.00],
[127.00,7.50],
[189.00,1.50],
[180.00,5.00],
[98.00,13.50],
[174.00,5.50],
*****************************t=81*****************************
82 generation time: 7.44 s
[123.00,11.00],
[100.00,13.00],
[127.00,7.50],
[189.00,1.50],
[180.00,5.00],
[98.00,13.50],
[174.00,5.50],
*****************************t=82*****************************
83 generation time: 7.54 s
[123.00,11.00],
[100.00,13.00],
[127.00,7.50],
[189.00,1.50],
[180.00,5.00],
[98.00,13.50],
[174.00,5.50],
*****************************t=83*****************************
84 generation time: 7.65 s
[123.00,11.00],
[100.00,13.00],
[127.00,7.50],
[189.00,1.50],
[180.00,5.00],
[98.00,13.50],
[174.00,5.50],
*****************************t=84*****************************
85 generation time: 7.72 s
[123.00,11.00],
[100.00,13.00],
[127.00,7.50],
[189.00,1.50],
[180.00,5.00],
[98.00,13.50],
[174.00,5.50],
*****************************t=85*****************************
86 generation time: 7.82 s
[123.00,11.00],
[100.00,13.00],
[127.00,7.50],
[189.00,1.50],
[180.00,5.00],
[98.00,13.50],
[174.00,5.50],
*****************************t=86*****************************
87 generation time: 7.92 s
[123.00,11.00],
[100.00,13.00],
[127.00,7.50],
[189.00,1.50],
[180.00,5.00],
[98.00,13.50],
[174.00,5.50],
*****************************t=87*****************************
88 generation time: 8.02 s
[123.00,11.00],
[100.00,13.00],
[127.00,7.50],
[189.00,1.50],
[180.00,5.00],
[98.00,13.50],
[174.00,5.50],
*****************************t=88*****************************
89 generation time: 8.11 s
[123.00,11.00],
[100.00,13.00],
[127.00,7.50],
[189.00,1.50],
[180.00,5.00],
[98.00,13.50],
[174.00,5.50],
*****************************t=89*****************************
90 generation time: 8.20 s
[123.00,11.00],
[100.00,13.00],
[127.00,7.50],
[189.00,1.50],
[180.00,5.00],
[98.00,13.50],
[174.00,5.50],
*****************************t=90*****************************
91 generation time: 8.30 s
[123.00,11.00],
[100.00,13.00],
[127.00,7.50],
[189.00,1.50],
[180.00,5.00],
[98.00,13.50],
[174.00,5.50],
*****************************t=91*****************************
92 generation time: 8.39 s
[123.00,11.00],
[100.00,13.00],
[127.00,7.50],
[189.00,1.50],
[180.00,5.00],
[98.00,13.50],
[174.00,5.50],
*****************************t=92*****************************
93 generation time: 8.49 s
[123.00,11.00],
[100.00,13.00],
[127.00,7.50],
[189.00,1.50],
[180.00,5.00],
[98.00,13.50],
[174.00,5.50],
*****************************t=93*****************************
94 generation time: 8.60 s
[123.00,11.00],
[100.00,13.00],
[127.00,7.50],
[189.00,1.50],
[180.00,5.00],
[98.00,13.50],
[174.00,5.50],
*****************************t=94*****************************
95 generation time: 8.70 s
[123.00,11.00],
[100.00,13.00],
[127.00,7.50],
[189.00,1.50],
[180.00,5.00],
[98.00,13.50],
[174.00,5.50],
*****************************t=95*****************************
96 generation time: 8.79 s
[123.00,11.00],
[100.00,13.00],
[127.00,7.50],
[189.00,1.50],
[180.00,5.00],
[98.00,13.50],
[174.00,5.50],
*****************************t=96*****************************
97 generation time: 8.88 s
[123.00,11.00],
[100.00,13.00],
[127.00,7.50],
[189.00,1.50],
[180.00,5.00],
[98.00,13.50],
[174.00,5.50],
*****************************t=97*****************************
98 generation time: 8.97 s
[123.00,11.00],
[100.00,13.00],
[127.00,7.50],
[189.00,1.50],
[180.00,5.00],
[98.00,13.50],
[174.00,5.50],
*****************************t=98*****************************
99 generation time: 9.08 s
[123.00,11.00],
[100.00,13.00],
[127.00,7.50],
[189.00,1.50],
[180.00,5.00],
[98.00,13.50],
[174.00,5.50],
*****************************t=99*****************************
100 generation time: 9.17 s
[123.00,11.00],
[100.00,13.00],
[127.00,7.50],
[189.00,1.50],
[180.00,5.00],
[98.00,13.50],
[174.00,5.50],
[123.00,11.00],
[100.00,13.00],
[127.00,7.50],
[189.00,1.50],
[180.00,5.00],
[98.00,13.50],
[174.00,5.50],
tot = 7
total time: 9.24 s
