m = 4 n = 10
pop = 30 gen = 100
init...begin
init...done
*****************************t=0*****************************
time to convergence: 0.06 s	
1 generation time: 0.09 s
[124.00,11.00],
[165.00,9.00],
*****************************t=1*****************************
time to convergence: 0.16 s	
time to convergence: 0.16 s	
2 generation time: 0.19 s
[124.00,11.00],
[165.00,9.00],
[219.00,8.50],
[117.00,27.00],
*****************************t=2*****************************
3 generation time: 0.28 s
[124.00,11.00],
[165.00,9.00],
[219.00,8.50],
[117.00,27.00],
*****************************t=3*****************************
time to convergence: 0.35 s	
4 generation time: 0.38 s
[124.00,11.00],
[165.00,9.00],
[219.00,8.50],
[117.00,27.00],
[118.00,15.00],
*****************************t=4*****************************
5 generation time: 0.48 s
[124.00,11.00],
[165.00,9.00],
[190.00,7.50],
[116.00,27.00],
[118.00,15.00],
*****************************t=5*****************************
6 generation time: 0.58 s
[118.00,11.00],
[165.00,9.00],
[190.00,7.50],
[116.00,27.00],
*****************************t=6*****************************
time to convergence: 0.64 s	
7 generation time: 0.67 s
[118.00,11.00],
[158.00,7.50],
[116.00,27.00],
[107.00,27.50],
*****************************t=7*****************************
8 generation time: 0.76 s
[118.00,11.00],
[158.00,7.50],
[116.00,17.00],
[107.00,27.50],
*****************************t=8*****************************
time to convergence: 0.83 s	
time to convergence: 0.83 s	
9 generation time: 0.86 s
[118.00,11.00],
[158.00,7.50],
[116.00,17.00],
[107.00,27.50],
[179.00,5.50],
[142.00,10.50],
*****************************t=9*****************************
time to convergence: 0.94 s	
10 generation time: 0.97 s
[118.00,11.00],
[149.00,7.50],
[116.00,17.00],
[107.00,27.50],
[179.00,5.50],
[142.00,10.50],
[110.00,25.00],
*****************************t=10*****************************
11 generation time: 1.07 s
[118.00,11.00],
[149.00,7.50],
[116.00,17.00],
[107.00,27.50],
[179.00,5.50],
[142.00,10.50],
[110.00,25.00],
*****************************t=11*****************************
12 generation time: 1.17 s
[118.00,11.00],
[149.00,7.50],
[110.00,17.00],
[107.00,27.50],
[179.00,5.50],
[128.00,9.00],
*****************************t=12*****************************
time to convergence: 1.24 s	
13 generation time: 1.27 s
[118.00,11.00],
[149.00,7.50],
[108.00,13.00],
[107.00,27.50],
[179.00,5.50],
[128.00,9.00],
*****************************t=13*****************************
time to convergence: 1.33 s	
14 generation time: 1.37 s
[118.00,11.00],
[149.00,7.50],
[108.00,13.00],
[107.00,27.50],
[179.00,5.50],
[128.00,9.00],
[167.00,6.50],
*****************************t=14*****************************
15 generation time: 1.46 s
[118.00,11.00],
[149.00,7.50],
[108.00,13.00],
[107.00,27.50],
[179.00,5.50],
[128.00,9.00],
[167.00,6.50],
*****************************t=15*****************************
time to convergence: 1.53 s	
16 generation time: 1.57 s
[118.00,11.00],
[149.00,7.50],
[108.00,13.00],
[107.00,27.50],
[179.00,5.50],
[128.00,9.00],
[167.00,6.50],
[166.00,7.00],
*****************************t=16*****************************
17 generation time: 1.68 s
[118.00,9.00],
[149.00,7.50],
[108.00,13.00],
[107.00,27.50],
[179.00,5.50],
[167.00,6.50],
[166.00,7.00],
*****************************t=17*****************************
18 generation time: 1.78 s
[118.00,9.00],
[149.00,7.50],
[108.00,13.00],
[107.00,27.50],
[179.00,5.50],
[167.00,6.50],
[166.00,7.00],
*****************************t=18*****************************
19 generation time: 1.89 s
[118.00,9.00],
[149.00,7.50],
[108.00,13.00],
[107.00,27.50],
[179.00,5.50],
[167.00,6.50],
[166.00,7.00],
*****************************t=19*****************************
20 generation time: 2.01 s
[118.00,9.00],
[149.00,7.50],
[108.00,13.00],
[107.00,27.50],
[179.00,5.50],
[167.00,6.50],
[166.00,7.00],
*****************************t=20*****************************
21 generation time: 2.12 s
[118.00,9.00],
[125.00,7.50],
[108.00,13.00],
[107.00,27.50],
[179.00,5.50],
[167.00,6.50],
[166.00,7.00],
*****************************t=21*****************************
22 generation time: 2.23 s
[118.00,9.00],
[125.00,7.50],
[108.00,13.00],
[107.00,27.50],
[179.00,5.50],
[167.00,6.50],
[166.00,7.00],
*****************************t=22*****************************
23 generation time: 2.33 s
[118.00,9.00],
[125.00,7.50],
[108.00,13.00],
[107.00,27.50],
[179.00,5.50],
[167.00,6.50],
[166.00,7.00],
*****************************t=23*****************************
24 generation time: 2.44 s
[118.00,9.00],
[125.00,7.50],
[108.00,13.00],
[107.00,27.50],
[179.00,5.50],
[167.00,6.50],
[166.00,7.00],
*****************************t=24*****************************
25 generation time: 2.56 s
[118.00,9.00],
[125.00,7.50],
[108.00,13.00],
[107.00,27.50],
[179.00,5.50],
[167.00,6.50],
[166.00,7.00],
*****************************t=25*****************************
26 generation time: 2.65 s
[118.00,9.00],
[125.00,7.50],
[102.00,13.00],
[179.00,5.50],
[167.00,6.50],
[166.00,7.00],
*****************************t=26*****************************
27 generation time: 2.75 s
[118.00,9.00],
[125.00,7.50],
[102.00,13.00],
[179.00,5.50],
[167.00,6.50],
[166.00,7.00],
*****************************t=27*****************************
28 generation time: 2.85 s
[118.00,9.00],
[125.00,7.50],
[102.00,13.00],
[179.00,5.50],
[167.00,6.50],
[166.00,7.00],
*****************************t=28*****************************
29 generation time: 2.96 s
[118.00,9.00],
[125.00,7.50],
[102.00,13.00],
[179.00,5.50],
[167.00,6.50],
[166.00,7.00],
*****************************t=29*****************************
30 generation time: 3.07 s
[118.00,9.00],
[125.00,7.50],
[102.00,13.00],
[179.00,5.50],
[167.00,6.50],
[166.00,7.00],
*****************************t=30*****************************
31 generation time: 3.19 s
[118.00,9.00],
[125.00,7.50],
[102.00,13.00],
[179.00,5.50],
[167.00,6.50],
[166.00,7.00],
*****************************t=31*****************************
time to convergence: 3.27 s	
32 generation time: 3.31 s
[118.00,9.00],
[125.00,7.50],
[102.00,13.00],
[179.00,5.50],
[167.00,6.50],
[166.00,7.00],
[101.00,19.50],
*****************************t=32*****************************
33 generation time: 3.42 s
[118.00,9.00],
[125.00,7.50],
[102.00,13.00],
[179.00,5.50],
[167.00,6.50],
[166.00,7.00],
[101.00,19.50],
*****************************t=33*****************************
34 generation time: 3.54 s
[118.00,9.00],
[125.00,7.50],
[102.00,13.00],
[179.00,5.50],
[167.00,6.50],
[166.00,7.00],
[101.00,19.50],
*****************************t=34*****************************
35 generation time: 3.65 s
[118.00,9.00],
[125.00,7.50],
[102.00,13.00],
[179.00,5.50],
[167.00,6.50],
[166.00,7.00],
[101.00,19.50],
*****************************t=35*****************************
36 generation time: 3.76 s
[118.00,9.00],
[125.00,7.50],
[102.00,13.00],
[179.00,5.50],
[167.00,6.50],
[166.00,7.00],
[101.00,19.50],
*****************************t=36*****************************
37 generation time: 3.87 s
[118.00,9.00],
[125.00,7.50],
[102.00,13.00],
[179.00,5.50],
[167.00,6.50],
[166.00,7.00],
[101.00,19.50],
*****************************t=37*****************************
38 generation time: 3.99 s
[118.00,9.00],
[125.00,7.50],
[102.00,13.00],
[179.00,5.50],
[167.00,6.50],
[166.00,7.00],
[101.00,19.50],
*****************************t=38*****************************
39 generation time: 4.11 s
[118.00,9.00],
[125.00,7.50],
[102.00,13.00],
[179.00,5.50],
[167.00,6.50],
[166.00,7.00],
[101.00,19.50],
*****************************t=39*****************************
40 generation time: 4.23 s
[118.00,9.00],
[125.00,7.50],
[102.00,13.00],
[179.00,5.50],
[167.00,6.50],
[166.00,7.00],
[101.00,19.50],
*****************************t=40*****************************
41 generation time: 4.34 s
[118.00,9.00],
[125.00,7.50],
[102.00,13.00],
[179.00,5.50],
[167.00,6.50],
[166.00,7.00],
[101.00,19.50],
*****************************t=41*****************************
42 generation time: 4.45 s
[118.00,9.00],
[125.00,7.50],
[102.00,13.00],
[179.00,5.50],
[167.00,6.50],
[166.00,7.00],
[101.00,19.50],
*****************************t=42*****************************
time to convergence: 4.52 s	
43 generation time: 4.56 s
[118.00,9.00],
[125.00,7.50],
[102.00,13.00],
[179.00,5.50],
[167.00,6.50],
[166.00,7.00],
[101.00,19.50],
[180.00,3.50],
*****************************t=43*****************************
44 generation time: 4.67 s
[118.00,9.00],
[125.00,7.50],
[102.00,13.00],
[179.00,5.50],
[167.00,6.50],
[166.00,7.00],
[101.00,19.50],
[180.00,3.50],
*****************************t=44*****************************
45 generation time: 4.77 s
[118.00,9.00],
[125.00,7.50],
[102.00,13.00],
[179.00,5.50],
[167.00,6.50],
[166.00,7.00],
[101.00,19.50],
[180.00,3.50],
*****************************t=45*****************************
46 generation time: 4.88 s
[118.00,9.00],
[125.00,7.50],
[102.00,13.00],
[179.00,5.50],
[167.00,6.50],
[166.00,7.00],
[101.00,19.50],
[180.00,3.50],
*****************************t=46*****************************
47 generation time: 5.00 s
[118.00,9.00],
[125.00,7.50],
[102.00,13.00],
[179.00,5.50],
[167.00,6.50],
[166.00,7.00],
[101.00,19.50],
[180.00,3.50],
*****************************t=47*****************************
48 generation time: 5.10 s
[118.00,9.00],
[125.00,7.50],
[102.00,13.00],
[179.00,5.50],
[167.00,6.50],
[166.00,7.00],
[101.00,19.50],
[180.00,3.50],
*****************************t=48*****************************
49 generation time: 5.22 s
[118.00,9.00],
[125.00,7.50],
[102.00,13.00],
[179.00,5.50],
[167.00,6.50],
[166.00,7.00],
[101.00,19.50],
[180.00,3.50],
*****************************t=49*****************************
50 generation time: 5.33 s
[118.00,9.00],
[125.00,7.50],
[102.00,13.00],
[179.00,5.50],
[167.00,6.50],
[166.00,7.00],
[101.00,19.50],
[180.00,3.50],
*****************************t=50*****************************
51 generation time: 5.43 s
[118.00,9.00],
[125.00,7.50],
[102.00,13.00],
[179.00,5.50],
[167.00,6.50],
[166.00,7.00],
[101.00,19.50],
[180.00,3.50],
*****************************t=51*****************************
52 generation time: 5.54 s
[118.00,9.00],
[125.00,7.50],
[102.00,13.00],
[179.00,5.50],
[167.00,6.50],
[166.00,7.00],
[101.00,19.50],
[180.00,3.50],
*****************************t=52*****************************
53 generation time: 5.64 s
[118.00,9.00],
[125.00,7.50],
[102.00,13.00],
[179.00,5.50],
[167.00,6.50],
[166.00,7.00],
[101.00,19.50],
[180.00,3.50],
*****************************t=53*****************************
54 generation time: 5.75 s
[118.00,9.00],
[125.00,7.50],
[102.00,13.00],
[179.00,5.50],
[167.00,6.50],
[166.00,7.00],
[101.00,19.50],
[180.00,3.50],
*****************************t=54*****************************
55 generation time: 5.86 s
[118.00,9.00],
[125.00,7.50],
[102.00,13.00],
[179.00,5.50],
[167.00,6.50],
[166.00,7.00],
[101.00,19.50],
[180.00,3.50],
*****************************t=55*****************************
56 generation time: 5.97 s
[118.00,9.00],
[125.00,7.50],
[102.00,13.00],
[179.00,5.50],
[167.00,6.50],
[166.00,7.00],
[101.00,19.50],
[180.00,3.50],
*****************************t=56*****************************
57 generation time: 6.09 s
[118.00,9.00],
[125.00,7.50],
[102.00,13.00],
[179.00,5.50],
[167.00,6.50],
[166.00,7.00],
[101.00,19.50],
[180.00,3.50],
*****************************t=57*****************************
58 generation time: 6.20 s
[118.00,9.00],
[125.00,7.50],
[102.00,13.00],
[179.00,5.50],
[167.00,6.50],
[166.00,7.00],
[101.00,19.50],
[180.00,3.50],
*****************************t=58*****************************
59 generation time: 6.32 s
[118.00,9.00],
[125.00,7.50],
[102.00,13.00],
[179.00,5.50],
[167.00,6.50],
[166.00,7.00],
[101.00,19.50],
[180.00,3.50],
*****************************t=59*****************************
60 generation time: 6.42 s
[118.00,9.00],
[125.00,7.50],
[101.00,13.00],
[179.00,5.50],
[167.00,6.50],
[165.00,7.00],
[180.00,3.50],
*****************************t=60*****************************
61 generation time: 6.53 s
[118.00,9.00],
[125.00,7.50],
[101.00,13.00],
[179.00,5.50],
[167.00,6.50],
[165.00,7.00],
[180.00,3.50],
*****************************t=61*****************************
62 generation time: 6.63 s
[118.00,9.00],
[125.00,7.50],
[101.00,13.00],
[179.00,5.50],
[167.00,6.50],
[165.00,7.00],
[180.00,3.50],
*****************************t=62*****************************
63 generation time: 6.73 s
[118.00,9.00],
[125.00,7.50],
[101.00,13.00],
[179.00,5.50],
[167.00,6.50],
[165.00,7.00],
[180.00,3.50],
*****************************t=63*****************************
64 generation time: 6.84 s
[118.00,9.00],
[125.00,7.50],
[101.00,13.00],
[179.00,5.50],
[167.00,6.50],
[165.00,7.00],
[180.00,3.50],
*****************************t=64*****************************
65 generation time: 6.95 s
[118.00,9.00],
[125.00,7.50],
[101.00,13.00],
[179.00,5.50],
[167.00,6.50],
[165.00,7.00],
[180.00,3.50],
*****************************t=65*****************************
66 generation time: 7.05 s
[118.00,9.00],
[125.00,7.50],
[101.00,13.00],
[179.00,5.50],
[167.00,6.50],
[165.00,7.00],
[180.00,3.50],
*****************************t=66*****************************
67 generation time: 7.16 s
[118.00,9.00],
[125.00,7.50],
[101.00,13.00],
[179.00,5.50],
[167.00,6.50],
[165.00,7.00],
[180.00,3.50],
*****************************t=67*****************************
68 generation time: 7.27 s
[118.00,9.00],
[125.00,7.50],
[101.00,13.00],
[179.00,5.50],
[167.00,6.50],
[165.00,7.00],
[180.00,3.50],
*****************************t=68*****************************
69 generation time: 7.38 s
[118.00,9.00],
[125.00,7.50],
[101.00,13.00],
[179.00,5.50],
[167.00,6.50],
[165.00,7.00],
[180.00,3.50],
*****************************t=69*****************************
70 generation time: 7.49 s
[118.00,9.00],
[125.00,7.50],
[101.00,13.00],
[179.00,5.50],
[167.00,6.50],
[165.00,7.00],
[180.00,3.50],
*****************************t=70*****************************
71 generation time: 7.59 s
[118.00,9.00],
[125.00,7.50],
[100.00,13.00],
[179.00,5.50],
[167.00,6.50],
[165.00,7.00],
[180.00,3.50],
*****************************t=71*****************************
72 generation time: 7.69 s
[118.00,9.00],
[125.00,7.50],
[100.00,13.00],
[179.00,5.50],
[167.00,6.50],
[165.00,7.00],
[180.00,3.50],
*****************************t=72*****************************
73 generation time: 7.79 s
[118.00,9.00],
[125.00,7.50],
[100.00,13.00],
[179.00,5.50],
[167.00,6.50],
[165.00,7.00],
[180.00,3.50],
*****************************t=73*****************************
74 generation time: 7.90 s
[118.00,9.00],
[125.00,7.50],
[100.00,13.00],
[179.00,5.50],
[167.00,6.50],
[165.00,7.00],
[180.00,3.50],
*****************************t=74*****************************
75 generation time: 8.00 s
[118.00,9.00],
[125.00,7.50],
[100.00,13.00],
[179.00,5.50],
[167.00,6.50],
[165.00,7.00],
[180.00,3.50],
*****************************t=75*****************************
76 generation time: 8.11 s
[118.00,9.00],
[125.00,7.50],
[100.00,13.00],
[179.00,5.50],
[167.00,6.50],
[165.00,7.00],
[180.00,3.50],
*****************************t=76*****************************
77 generation time: 8.21 s
[118.00,9.00],
[125.00,7.50],
[100.00,13.00],
[179.00,5.50],
[167.00,6.50],
[165.00,7.00],
[180.00,3.50],
*****************************t=77*****************************
78 generation time: 8.32 s
[118.00,9.00],
[125.00,7.50],
[100.00,13.00],
[179.00,5.50],
[167.00,6.50],
[165.00,7.00],
[180.00,3.50],
*****************************t=78*****************************
79 generation time: 8.43 s
[118.00,9.00],
[125.00,7.50],
[100.00,13.00],
[179.00,5.50],
[167.00,6.50],
[165.00,7.00],
[180.00,3.50],
*****************************t=79*****************************
80 generation time: 8.54 s
[118.00,9.00],
[125.00,7.50],
[100.00,13.00],
[176.00,3.50],
[167.00,6.50],
[165.00,7.00],
*****************************t=80*****************************
81 generation time: 8.64 s
[118.00,9.00],
[125.00,7.50],
[100.00,13.00],
[176.00,3.50],
[167.00,6.50],
[165.00,7.00],
*****************************t=81*****************************
82 generation time: 8.75 s
[118.00,9.00],
[125.00,7.50],
[100.00,13.00],
[176.00,3.50],
[167.00,6.50],
[165.00,7.00],
*****************************t=82*****************************
83 generation time: 8.86 s
[118.00,9.00],
[125.00,7.50],
[100.00,13.00],
[176.00,3.50],
[167.00,6.50],
[165.00,7.00],
*****************************t=83*****************************
time to convergence: 8.93 s	
84 generation time: 8.97 s
[118.00,9.00],
[125.00,7.50],
[100.00,13.00],
[176.00,3.50],
[167.00,6.50],
[165.00,7.00],
[193.00,3.00],
*****************************t=84*****************************
85 generation time: 9.07 s
[118.00,9.00],
[125.00,7.50],
[100.00,13.00],
[176.00,3.50],
[167.00,6.50],
[165.00,7.00],
[193.00,3.00],
*****************************t=85*****************************
86 generation time: 9.18 s
[118.00,9.00],
[125.00,7.50],
[100.00,13.00],
[176.00,3.50],
[167.00,6.50],
[165.00,7.00],
[193.00,3.00],
*****************************t=86*****************************
87 generation time: 9.29 s
[118.00,9.00],
[125.00,7.50],
[100.00,13.00],
[176.00,3.50],
[167.00,6.50],
[165.00,7.00],
[193.00,3.00],
*****************************t=87*****************************
88 generation time: 9.40 s
[118.00,9.00],
[125.00,7.50],
[100.00,13.00],
[176.00,3.50],
[167.00,6.50],
[165.00,7.00],
[193.00,3.00],
*****************************t=88*****************************
89 generation time: 9.51 s
[118.00,9.00],
[125.00,7.50],
[100.00,13.00],
[176.00,3.50],
[167.00,6.50],
[165.00,7.00],
[193.00,3.00],
*****************************t=89*****************************
90 generation time: 9.62 s
[118.00,9.00],
[125.00,7.50],
[100.00,13.00],
[176.00,3.50],
[167.00,6.50],
[165.00,7.00],
[193.00,3.00],
*****************************t=90*****************************
91 generation time: 9.72 s
[118.00,9.00],
[125.00,7.50],
[100.00,13.00],
[176.00,3.50],
[167.00,6.50],
[165.00,7.00],
[193.00,3.00],
*****************************t=91*****************************
92 generation time: 9.83 s
[118.00,9.00],
[125.00,7.50],
[100.00,13.00],
[176.00,3.50],
[167.00,6.50],
[165.00,7.00],
[193.00,3.00],
*****************************t=92*****************************
93 generation time: 9.94 s
[118.00,9.00],
[125.00,7.50],
[100.00,13.00],
[176.00,3.50],
[167.00,6.50],
[165.00,7.00],
[193.00,3.00],
*****************************t=93*****************************
94 generation time: 10.05 s
[118.00,9.00],
[125.00,7.50],
[100.00,13.00],
[176.00,3.50],
[167.00,6.50],
[165.00,7.00],
[193.00,3.00],
*****************************t=94*****************************
95 generation time: 10.16 s
[118.00,9.00],
[125.00,7.50],
[100.00,13.00],
[176.00,3.50],
[167.00,6.50],
[165.00,7.00],
[193.00,3.00],
*****************************t=95*****************************
96 generation time: 10.27 s
[118.00,9.00],
[125.00,7.50],
[100.00,13.00],
[176.00,3.50],
[167.00,6.50],
[165.00,7.00],
[193.00,3.00],
*****************************t=96*****************************
97 generation time: 10.38 s
[118.00,9.00],
[125.00,7.50],
[100.00,13.00],
[176.00,3.50],
[167.00,6.50],
[165.00,7.00],
[193.00,3.00],
*****************************t=97*****************************
98 generation time: 10.48 s
[118.00,9.00],
[125.00,7.50],
[100.00,13.00],
[176.00,3.50],
[167.00,6.50],
[165.00,7.00],
[193.00,3.00],
*****************************t=98*****************************
99 generation time: 10.59 s
[118.00,9.00],
[125.00,7.50],
[100.00,13.00],
[176.00,3.50],
[167.00,6.50],
[165.00,7.00],
[193.00,3.00],
*****************************t=99*****************************
100 generation time: 10.70 s
[118.00,9.00],
[125.00,7.50],
[100.00,13.00],
[176.00,3.50],
[167.00,6.50],
[165.00,7.00],
[193.00,3.00],
[118.00,9.00],
[125.00,7.50],
[100.00,13.00],
[176.00,3.50],
[167.00,6.50],
[165.00,7.00],
[193.00,3.00],
tot = 7
total time: 10.77 s
