m = 4 n = 10
pop = 30 gen = 100
init...begin
init...done
*****************************t=0*****************************
time to convergence: 0.07 s	
time to convergence: 0.07 s	
time to convergence: 0.07 s	
time to convergence: 0.07 s	
time to convergence: 0.07 s	
1 generation time: 0.10 s
[132.00,23.00],
[207.00,9.00],
[115.00,35.00],
[164.00,13.50],
[130.00,33.00],
[169.00,11.50],
*****************************t=1*****************************
2 generation time: 0.19 s
[132.00,23.00],
[174.00,7.50],
[115.00,35.00],
[154.00,11.00],
[130.00,33.00],
*****************************t=2*****************************
time to convergence: 0.26 s	
3 generation time: 0.29 s
[132.00,23.00],
[174.00,7.50],
[115.00,35.00],
[154.00,11.00],
[130.00,29.00],
[151.00,22.50],
*****************************t=3*****************************
time to convergence: 0.35 s	
4 generation time: 0.38 s
[132.00,23.00],
[174.00,7.50],
[115.00,35.00],
[154.00,11.00],
[130.00,29.00],
[151.00,22.50],
[207.00,7.00],
*****************************t=4*****************************
time to convergence: 0.44 s	
5 generation time: 0.47 s
[132.00,23.00],
[174.00,7.50],
[108.00,25.00],
[154.00,11.00],
[148.00,13.50],
[207.00,7.00],
[166.00,9.00],
*****************************t=5*****************************
time to convergence: 0.53 s	
6 generation time: 0.56 s
[128.00,13.00],
[174.00,7.50],
[108.00,25.00],
[154.00,11.00],
[207.00,7.00],
[166.00,9.00],
[211.00,3.00],
*****************************t=6*****************************
time to convergence: 0.63 s	
7 generation time: 0.66 s
[128.00,13.00],
[163.00,7.50],
[108.00,25.00],
[154.00,11.00],
[207.00,7.00],
[211.00,3.00],
[114.00,23.00],
*****************************t=7*****************************
8 generation time: 0.77 s
[128.00,13.00],
[163.00,7.50],
[108.00,25.00],
[154.00,11.00],
[187.00,7.00],
[211.00,3.00],
[114.00,23.00],
*****************************t=8*****************************
9 generation time: 0.85 s
[108.00,13.00],
[163.00,7.50],
[151.00,11.00],
[187.00,7.00],
[211.00,3.00],
*****************************t=9*****************************
time to convergence: 0.92 s	
time to convergence: 0.92 s	
10 generation time: 0.96 s
[108.00,13.00],
[163.00,7.50],
[151.00,11.00],
[187.00,7.00],
[211.00,3.00],
[195.00,5.00],
[207.00,4.50],
*****************************t=10*****************************
11 generation time: 1.06 s
[108.00,13.00],
[163.00,7.50],
[151.00,11.00],
[187.00,7.00],
[211.00,3.00],
[195.00,5.00],
[207.00,4.50],
*****************************t=11*****************************
12 generation time: 1.16 s
[108.00,13.00],
[163.00,7.50],
[134.00,11.00],
[187.00,7.00],
[211.00,3.00],
[195.00,5.00],
[207.00,4.50],
*****************************t=12*****************************
13 generation time: 1.26 s
[108.00,13.00],
[163.00,7.50],
[134.00,11.00],
[187.00,7.00],
[211.00,3.00],
[195.00,5.00],
[207.00,4.50],
*****************************t=13*****************************
time to convergence: 1.34 s	
time to convergence: 1.34 s	
14 generation time: 1.38 s
[108.00,13.00],
[163.00,7.50],
[134.00,11.00],
[187.00,7.00],
[211.00,3.00],
[195.00,5.00],
[207.00,4.50],
[155.00,9.50],
[145.00,10.50],
*****************************t=14*****************************
15 generation time: 1.48 s
[108.00,13.00],
[163.00,7.50],
[122.00,9.00],
[182.00,3.50],
[211.00,3.00],
*****************************t=15*****************************
16 generation time: 1.59 s
[108.00,13.00],
[163.00,7.50],
[118.00,9.00],
[182.00,3.50],
[211.00,3.00],
*****************************t=16*****************************
17 generation time: 1.69 s
[108.00,13.00],
[163.00,7.50],
[118.00,9.00],
[182.00,3.50],
[211.00,3.00],
*****************************t=17*****************************
18 generation time: 1.79 s
[108.00,13.00],
[163.00,7.50],
[118.00,9.00],
[180.00,3.50],
[211.00,3.00],
*****************************t=18*****************************
19 generation time: 1.89 s
[108.00,13.00],
[163.00,7.50],
[118.00,9.00],
[180.00,3.50],
[211.00,3.00],
*****************************t=19*****************************
time to convergence: 1.95 s	
20 generation time: 1.99 s
[108.00,13.00],
[163.00,7.50],
[118.00,9.00],
[180.00,3.50],
[211.00,3.00],
[176.00,5.50],
*****************************t=20*****************************
time to convergence: 2.05 s	
21 generation time: 2.09 s
[102.00,13.00],
[163.00,7.50],
[118.00,9.00],
[180.00,3.50],
[211.00,3.00],
[176.00,5.50],
[100.00,15.50],
*****************************t=21*****************************
22 generation time: 2.18 s
[102.00,13.00],
[163.00,7.50],
[118.00,9.00],
[180.00,3.50],
[211.00,3.00],
[176.00,5.50],
[100.00,15.50],
*****************************t=22*****************************
23 generation time: 2.27 s
[102.00,13.00],
[163.00,7.50],
[118.00,9.00],
[180.00,3.50],
[211.00,3.00],
[176.00,5.50],
[100.00,15.50],
*****************************t=23*****************************
24 generation time: 2.38 s
[102.00,13.00],
[163.00,7.50],
[118.00,9.00],
[180.00,3.50],
[211.00,3.00],
[176.00,5.50],
[100.00,15.50],
*****************************t=24*****************************
25 generation time: 2.49 s
[102.00,13.00],
[163.00,7.50],
[118.00,9.00],
[180.00,3.50],
[211.00,3.00],
[176.00,5.50],
[100.00,15.50],
*****************************t=25*****************************
26 generation time: 2.61 s
[102.00,13.00],
[163.00,7.50],
[118.00,9.00],
[180.00,3.50],
[211.00,3.00],
[176.00,5.50],
[100.00,15.50],
*****************************t=26*****************************
27 generation time: 2.75 s
[102.00,13.00],
[162.00,7.50],
[118.00,9.00],
[180.00,3.50],
[211.00,3.00],
[176.00,5.50],
[100.00,15.50],
*****************************t=27*****************************
28 generation time: 2.85 s
[102.00,13.00],
[162.00,7.50],
[118.00,9.00],
[180.00,3.50],
[211.00,3.00],
[176.00,5.50],
[100.00,15.50],
*****************************t=28*****************************
29 generation time: 2.98 s
[102.00,13.00],
[162.00,7.50],
[118.00,9.00],
[180.00,3.50],
[211.00,3.00],
[176.00,5.50],
[100.00,15.50],
*****************************t=29*****************************
time to convergence: 3.04 s	
30 generation time: 3.08 s
[102.00,13.00],
[147.00,7.50],
[118.00,9.00],
[176.00,3.50],
[211.00,3.00],
[100.00,15.50],
[165.00,7.00],
*****************************t=30*****************************
31 generation time: 3.19 s
[102.00,13.00],
[147.00,7.50],
[118.00,9.00],
[176.00,3.50],
[199.00,3.00],
[100.00,15.50],
[165.00,7.00],
*****************************t=31*****************************
32 generation time: 3.30 s
[102.00,13.00],
[147.00,7.50],
[118.00,9.00],
[176.00,3.50],
[199.00,3.00],
[100.00,15.50],
[165.00,7.00],
*****************************t=32*****************************
33 generation time: 3.47 s
[102.00,13.00],
[147.00,7.50],
[118.00,9.00],
[176.00,3.50],
[199.00,3.00],
[100.00,15.50],
[165.00,7.00],
*****************************t=33*****************************
34 generation time: 3.65 s
[102.00,13.00],
[147.00,7.50],
[118.00,9.00],
[176.00,3.50],
[199.00,3.00],
[100.00,15.50],
[165.00,7.00],
*****************************t=34*****************************
35 generation time: 3.77 s
[102.00,13.00],
[127.00,7.50],
[118.00,9.00],
[176.00,3.50],
[199.00,3.00],
[100.00,15.50],
[165.00,7.00],
*****************************t=35*****************************
36 generation time: 3.90 s
[102.00,13.00],
[127.00,7.50],
[118.00,9.00],
[176.00,3.50],
[199.00,3.00],
[100.00,15.50],
[165.00,7.00],
*****************************t=36*****************************
37 generation time: 4.03 s
[102.00,13.00],
[127.00,7.50],
[118.00,9.00],
[176.00,3.50],
[199.00,3.00],
[100.00,15.50],
[165.00,7.00],
*****************************t=37*****************************
38 generation time: 4.17 s
[102.00,13.00],
[127.00,7.50],
[118.00,9.00],
[176.00,3.50],
[199.00,3.00],
[100.00,15.50],
[165.00,7.00],
*****************************t=38*****************************
39 generation time: 4.29 s
[102.00,13.00],
[127.00,7.50],
[118.00,9.00],
[176.00,3.50],
[199.00,3.00],
[100.00,15.50],
[165.00,7.00],
*****************************t=39*****************************
40 generation time: 4.42 s
[102.00,13.00],
[127.00,7.50],
[118.00,9.00],
[176.00,3.50],
[199.00,3.00],
[100.00,15.50],
[165.00,7.00],
*****************************t=40*****************************
41 generation time: 4.53 s
[102.00,13.00],
[127.00,7.50],
[118.00,9.00],
[176.00,3.50],
[199.00,3.00],
[98.00,13.50],
[165.00,7.00],
*****************************t=41*****************************
42 generation time: 4.66 s
[102.00,13.00],
[127.00,7.50],
[118.00,9.00],
[176.00,3.50],
[199.00,3.00],
[98.00,13.50],
[165.00,7.00],
*****************************t=42*****************************
43 generation time: 4.78 s
[102.00,13.00],
[127.00,7.50],
[118.00,9.00],
[176.00,3.50],
[199.00,3.00],
[98.00,13.50],
[165.00,7.00],
*****************************t=43*****************************
44 generation time: 4.87 s
[102.00,13.00],
[127.00,7.50],
[118.00,9.00],
[176.00,3.50],
[199.00,3.00],
[98.00,13.50],
[165.00,7.00],
*****************************t=44*****************************
45 generation time: 4.97 s
[102.00,13.00],
[127.00,7.50],
[118.00,9.00],
[176.00,3.50],
[199.00,3.00],
[98.00,13.50],
[165.00,7.00],
*****************************t=45*****************************
46 generation time: 5.06 s
[102.00,13.00],
[127.00,7.50],
[118.00,9.00],
[176.00,3.50],
[199.00,3.00],
[98.00,13.50],
[165.00,7.00],
*****************************t=46*****************************
47 generation time: 5.18 s
[102.00,13.00],
[127.00,7.50],
[118.00,9.00],
[176.00,3.50],
[199.00,3.00],
[98.00,13.50],
[165.00,7.00],
*****************************t=47*****************************
48 generation time: 5.30 s
[102.00,13.00],
[127.00,7.50],
[118.00,9.00],
[176.00,3.50],
[199.00,3.00],
[98.00,13.50],
[165.00,7.00],
*****************************t=48*****************************
49 generation time: 5.42 s
[102.00,13.00],
[127.00,7.50],
[118.00,9.00],
[176.00,3.50],
[199.00,3.00],
[98.00,13.50],
[165.00,7.00],
*****************************t=49*****************************
50 generation time: 5.51 s
[102.00,13.00],
[127.00,7.50],
[118.00,9.00],
[176.00,3.50],
[189.00,1.50],
[98.00,13.50],
[165.00,7.00],
*****************************t=50*****************************
51 generation time: 5.60 s
[102.00,13.00],
[127.00,7.50],
[118.00,9.00],
[176.00,3.50],
[189.00,1.50],
[98.00,13.50],
[165.00,7.00],
*****************************t=51*****************************
52 generation time: 5.71 s
[102.00,13.00],
[127.00,7.50],
[118.00,9.00],
[176.00,3.50],
[189.00,1.50],
[98.00,13.50],
[165.00,7.00],
*****************************t=52*****************************
53 generation time: 5.82 s
[102.00,13.00],
[127.00,7.50],
[118.00,9.00],
[176.00,3.50],
[189.00,1.50],
[98.00,13.50],
[165.00,7.00],
*****************************t=53*****************************
54 generation time: 5.92 s
[102.00,13.00],
[127.00,7.50],
[118.00,9.00],
[176.00,3.50],
[189.00,1.50],
[98.00,13.50],
[165.00,7.00],
*****************************t=54*****************************
55 generation time: 6.03 s
[102.00,13.00],
[127.00,7.50],
[118.00,9.00],
[176.00,3.50],
[189.00,1.50],
[98.00,13.50],
[165.00,7.00],
*****************************t=55*****************************
56 generation time: 6.15 s
[102.00,13.00],
[127.00,7.50],
[118.00,9.00],
[176.00,3.50],
[189.00,1.50],
[98.00,13.50],
[165.00,7.00],
*****************************t=56*****************************
57 generation time: 6.25 s
[102.00,13.00],
[127.00,7.50],
[118.00,9.00],
[176.00,3.50],
[189.00,1.50],
[98.00,13.50],
[165.00,7.00],
*****************************t=57*****************************
58 generation time: 6.37 s
[102.00,13.00],
[127.00,7.50],
[118.00,9.00],
[176.00,3.50],
[189.00,1.50],
[98.00,13.50],
[165.00,7.00],
*****************************t=58*****************************
59 generation time: 6.48 s
[102.00,13.00],
[126.00,7.50],
[118.00,9.00],
[176.00,3.50],
[189.00,1.50],
[98.00,13.50],
[165.00,7.00],
*****************************t=59*****************************
60 generation time: 6.59 s
[102.00,13.00],
[126.00,7.50],
[118.00,9.00],
[176.00,3.50],
[189.00,1.50],
[98.00,13.50],
[165.00,7.00],
*****************************t=60*****************************
61 generation time: 6.69 s
[101.00,13.00],
[126.00,7.50],
[118.00,9.00],
[176.00,3.50],
[189.00,1.50],
[98.00,13.50],
[165.00,7.00],
*****************************t=61*****************************
62 generation time: 6.80 s
[101.00,13.00],
[126.00,7.50],
[118.00,9.00],
[176.00,3.50],
[189.00,1.50],
[98.00,13.50],
[165.00,7.00],
*****************************t=62*****************************
63 generation time: 6.92 s
[101.00,13.00],
[126.00,7.50],
[118.00,9.00],
[176.00,3.50],
[189.00,1.50],
[98.00,13.50],
[165.00,7.00],
*****************************t=63*****************************
64 generation time: 7.05 s
[101.00,13.00],
[126.00,7.50],
[118.00,9.00],
[176.00,3.50],
[189.00,1.50],
[98.00,13.50],
[165.00,7.00],
*****************************t=64*****************************
65 generation time: 7.21 s
[101.00,13.00],
[126.00,7.50],
[118.00,9.00],
[176.00,3.50],
[189.00,1.50],
[98.00,13.50],
[165.00,7.00],
*****************************t=65*****************************
66 generation time: 7.34 s
[101.00,13.00],
[126.00,7.50],
[118.00,9.00],
[176.00,3.50],
[189.00,1.50],
[98.00,13.50],
[165.00,7.00],
*****************************t=66*****************************
67 generation time: 7.45 s
[101.00,13.00],
[126.00,7.50],
[118.00,9.00],
[176.00,3.50],
[189.00,1.50],
[98.00,13.50],
[165.00,7.00],
*****************************t=67*****************************
68 generation time: 7.59 s
[101.00,13.00],
[126.00,7.50],
[118.00,9.00],
[176.00,3.50],
[189.00,1.50],
[98.00,13.50],
[165.00,7.00],
*****************************t=68*****************************
69 generation time: 7.70 s
[101.00,13.00],
[126.00,7.50],
[118.00,9.00],
[176.00,3.50],
[189.00,1.50],
[98.00,13.50],
[165.00,7.00],
*****************************t=69*****************************
70 generation time: 7.83 s
[101.00,13.00],
[126.00,7.50],
[118.00,9.00],
[176.00,3.50],
[189.00,1.50],
[98.00,13.50],
[165.00,7.00],
*****************************t=70*****************************
time to convergence: 7.90 s	
71 generation time: 7.94 s
[101.00,13.00],
[126.00,7.50],
[118.00,9.00],
[176.00,3.50],
[189.00,1.50],
[98.00,13.50],
[165.00,7.00],
[177.00,3.00],
*****************************t=71*****************************
72 generation time: 8.06 s
[101.00,13.00],
[126.00,7.50],
[118.00,9.00],
[176.00,3.50],
[189.00,1.50],
[98.00,13.50],
[165.00,7.00],
[177.00,3.00],
*****************************t=72*****************************
73 generation time: 8.18 s
[101.00,13.00],
[126.00,7.50],
[118.00,9.00],
[176.00,3.50],
[189.00,1.50],
[98.00,13.50],
[165.00,7.00],
[177.00,3.00],
*****************************t=73*****************************
74 generation time: 8.28 s
[101.00,13.00],
[126.00,7.50],
[118.00,9.00],
[176.00,3.50],
[189.00,1.50],
[98.00,13.50],
[165.00,7.00],
[177.00,3.00],
*****************************t=74*****************************
75 generation time: 8.40 s
[101.00,13.00],
[126.00,7.50],
[118.00,9.00],
[176.00,3.50],
[189.00,1.50],
[98.00,13.50],
[165.00,7.00],
[177.00,3.00],
*****************************t=75*****************************
76 generation time: 8.51 s
[101.00,13.00],
[126.00,7.50],
[118.00,9.00],
[176.00,3.50],
[189.00,1.50],
[98.00,13.50],
[165.00,7.00],
[177.00,3.00],
*****************************t=76*****************************
77 generation time: 8.62 s
[101.00,13.00],
[126.00,7.50],
[118.00,9.00],
[176.00,3.50],
[189.00,1.50],
[98.00,13.50],
[165.00,7.00],
[177.00,3.00],
*****************************t=77*****************************
78 generation time: 8.75 s
[101.00,13.00],
[126.00,7.50],
[118.00,9.00],
[176.00,3.50],
[189.00,1.50],
[98.00,13.50],
[165.00,7.00],
[177.00,3.00],
*****************************t=78*****************************
79 generation time: 8.86 s
[101.00,13.00],
[126.00,7.50],
[118.00,9.00],
[176.00,3.50],
[189.00,1.50],
[98.00,13.50],
[165.00,7.00],
[177.00,3.00],
*****************************t=79*****************************
80 generation time: 8.96 s
[101.00,13.00],
[126.00,7.50],
[118.00,9.00],
[176.00,3.50],
[189.00,1.50],
[98.00,13.50],
[165.00,7.00],
[177.00,3.00],
*****************************t=80*****************************
81 generation time: 9.09 s
[101.00,13.00],
[126.00,7.50],
[118.00,9.00],
[176.00,3.50],
[189.00,1.50],
[98.00,13.50],
[165.00,7.00],
[177.00,3.00],
*****************************t=81*****************************
82 generation time: 9.19 s
[101.00,13.00],
[126.00,7.50],
[118.00,9.00],
[176.00,3.50],
[189.00,1.50],
[98.00,13.50],
[165.00,7.00],
[177.00,3.00],
*****************************t=82*****************************
83 generation time: 9.29 s
[101.00,13.00],
[126.00,7.50],
[118.00,9.00],
[176.00,3.50],
[189.00,1.50],
[98.00,13.50],
[165.00,7.00],
[177.00,3.00],
*****************************t=83*****************************
84 generation time: 9.41 s
[101.00,13.00],
[126.00,7.50],
[118.00,9.00],
[176.00,3.50],
[189.00,1.50],
[98.00,13.50],
[165.00,7.00],
[177.00,3.00],
*****************************t=84*****************************
85 generation time: 9.51 s
[101.00,13.00],
[126.00,7.50],
[118.00,9.00],
[176.00,3.50],
[189.00,1.50],
[98.00,13.50],
[165.00,7.00],
[177.00,3.00],
*****************************t=85*****************************
86 generation time: 9.63 s
[101.00,13.00],
[126.00,7.50],
[118.00,9.00],
[176.00,3.50],
[189.00,1.50],
[98.00,13.50],
[165.00,7.00],
[177.00,3.00],
*****************************t=86*****************************
87 generation time: 9.74 s
[101.00,13.00],
[126.00,7.50],
[118.00,9.00],
[176.00,3.50],
[189.00,1.50],
[98.00,13.50],
[165.00,7.00],
[177.00,3.00],
*****************************t=87*****************************
88 generation time: 9.85 s
[101.00,13.00],
[126.00,7.50],
[118.00,9.00],
[176.00,3.50],
[189.00,1.50],
[98.00,13.50],
[165.00,7.00],
[177.00,3.00],
*****************************t=88*****************************
89 generation time: 9.96 s
[101.00,13.00],
[126.00,7.50],
[118.00,9.00],
[176.00,3.50],
[189.00,1.50],
[98.00,13.50],
[165.00,7.00],
[177.00,3.00],
*****************************t=89*****************************
90 generation time: 10.07 s
[101.00,13.00],
[126.00,7.50],
[118.00,9.00],
[176.00,3.50],
[189.00,1.50],
[98.00,13.50],
[165.00,7.00],
[177.00,3.00],
*****************************t=90*****************************
91 generation time: 10.18 s
[101.00,13.00],
[126.00,7.50],
[118.00,9.00],
[176.00,3.50],
[189.00,1.50],
[98.00,13.50],
[165.00,7.00],
[177.00,3.00],
*****************************t=91*****************************
92 generation time: 10.29 s
[101.00,13.00],
[126.00,7.50],
[118.00,9.00],
[176.00,3.50],
[189.00,1.50],
[98.00,13.50],
[165.00,7.00],
[177.00,3.00],
*****************************t=92*****************************
93 generation time: 10.41 s
[101.00,13.00],
[126.00,7.50],
[118.00,9.00],
[176.00,3.50],
[189.00,1.50],
[98.00,13.50],
[165.00,7.00],
[177.00,3.00],
*****************************t=93*****************************
94 generation time: 10.53 s
[101.00,13.00],
[126.00,7.50],
[118.00,9.00],
[176.00,3.50],
[189.00,1.50],
[98.00,13.50],
[165.00,7.00],
[177.00,3.00],
*****************************t=94*****************************
95 generation time: 10.64 s
[101.00,13.00],
[126.00,7.50],
[118.00,9.00],
[176.00,3.50],
[189.00,1.50],
[98.00,13.50],
[165.00,7.00],
[177.00,3.00],
*****************************t=95*****************************
96 generation time: 10.76 s
[101.00,13.00],
[126.00,7.50],
[118.00,9.00],
[176.00,3.50],
[189.00,1.50],
[98.00,13.50],
[165.00,7.00],
[177.00,3.00],
*****************************t=96*****************************
97 generation time: 10.87 s
[101.00,13.00],
[126.00,7.50],
[118.00,9.00],
[176.00,3.50],
[189.00,1.50],
[98.00,13.50],
[165.00,7.00],
[177.00,3.00],
*****************************t=97*****************************
98 generation time: 10.97 s
[101.00,13.00],
[126.00,7.50],
[118.00,9.00],
[176.00,3.50],
[189.00,1.50],
[98.00,13.50],
[165.00,7.00],
[177.00,3.00],
*****************************t=98*****************************
99 generation time: 11.09 s
[101.00,13.00],
[126.00,7.50],
[118.00,9.00],
[176.00,3.50],
[189.00,1.50],
[98.00,13.50],
[165.00,7.00],
[177.00,3.00],
*****************************t=99*****************************
100 generation time: 11.20 s
[101.00,13.00],
[126.00,7.50],
[118.00,9.00],
[176.00,3.50],
[189.00,1.50],
[98.00,13.50],
[165.00,7.00],
[177.00,3.00],
[101.00,13.00],
[126.00,7.50],
[118.00,9.00],
[176.00,3.50],
[189.00,1.50],
[98.00,13.50],
[165.00,7.00],
[177.00,3.00],
tot = 8
total time: 11.27 s
